00032888012 399028543.687 1823.02261539
00032888019 402505696.59 1880.47966993
00032888017 401687237.06 2050.28360395
00032888046 431282717.747 1937.89673738
00032888029 426480540.714 1272.22250097
00032888003 396744423.695 2207.53270062
00032888037 427766720.582 2474.73395912
00032888022 404096636.159 1897.95032577
00032888032 427052562.0 491.970940409
00032888009 398387284.771 1960.38208106
00032888047 432280229.218 2287.52385372
00032888040 428317377.828 2819.49217504
00032888013 399616081.54 1885.46403615
00032888018 402354579.006 1523.37082021
00032888010 398669659.175 1942.90131582
00032888025 405947185.988 1857.98435935
00032888008 398001072.049 1825.52001584
00032888044 428996802.436 1452.34106801
00032888043 428823918.842 1718.97382564
00032888014 399817325.933 1468.41112383
00032888007 397816151.639 2077.74358781
00032888024 405306970.365 2012.81458248
00032888027 426342276.275 1097.29463799
00032888016 400424120.276 377.090437966
00032888026 425853824.605 3920.75430761
00032888034 427085241.621 1926.58486224
00032888023 404731452.518 1937.90682689
00032888021 403503346.769 2005.3228368
00032888011 398883060.914 1471.27768358
00032888045 429348466.437 3376.8500964
00032888005 397470389.681 1982.79321778
00032888041 428491384.432 2683.26753929
00032888020 402937816.884 1957.87493707
00032888004 396911412.842 2248.90428119
00032888039 428145479.795 2689.82709237
00032888036 427673892.174 2686.93351899
00032888038 427996330.03 2966.43506899
00032888042 428634041.416 2838.17959794
00032888002 396565452.497 2024.36446897
00032888001 396346141.755 2000.31171433
00032888015 399962817.747 1413.47124821
00032888006 397643016.073 1102.28903009
00035323003 392388739.904 864.063135791
00035323019 394909274.026 883.301850332
00035323012 393703736.194 997.942861271
00035323006 392655418.19 958.013013509
00035323010 393080839.0 1537.23678062
00035323023 395591387.43 982.376256591
00035323025 395941726.841 1028.04532818
00035323028 397258534.182 1973.35334103
00035323020 395042094.63 963.163907563
00035323027 397090338.587 339.04954917
00035323014 394027773.081 121.637794986
00035323029 397435460.245 578.791378097
00035323017 394563670.024 1008.09508763
00035323005 392568525.839 998.0974439
00035323022 395355151.046 648.466067371
00035323015 394199855.819 1222.70095902
00035323011 393138548.22 1487.29988417
00035323009 392869126.193 1728.88524606
00035323008 393018606.432 1447.30042638
00035323024 395758808.601 1081.02857
00035323021 395250509.038 1048.01461802
00035323007 392844593.844 1497.25887593
00035323004 392463661.197 798.273178751
00035323026 396068659.606 838.901546235
00035323013 393871092.238 1626.54074252
00035323016 394338277.175 1121.37420399
