00032888012 399028543.687 1823.02261539
00032888019 402505696.59 1880.47966993
00032888017 401687237.06 2050.28360395
00032888046 431282717.747 1937.89673738
00032888029 426480540.714 1272.22250097
00032888003 396744423.695 2207.53270062
00032888037 427766720.582 2474.73395912
00032888022 404096636.159 1897.95032577
00032888032 427052562.0 491.970940409
00032888009 398387284.771 1960.38208106
00032888047 432280229.218 2287.52385372
00032888040 428317377.828 2819.49217504
00032888013 399616081.54 1885.46403615
00032888018 402354579.006 1523.37082021
00032888010 398669659.175 1942.90131582
00032888025 405947185.988 1857.98435935
00032888008 398001072.049 1825.52001584
00032888044 428996802.436 1452.34106801
00032888043 428823918.842 1718.97382564
00032888014 399817325.933 1468.41112383
00032888007 397816151.639 2077.74358781
00032888024 405306970.365 2012.81458248
00032888027 426342276.275 1097.29463799
00032888016 400424120.276 377.090437966
00032888026 425853824.605 3920.75430761
00032888034 427085241.621 1926.58486224
00032888023 404731452.518 1937.90682689
00032888021 403503346.769 2005.3228368
00032888011 398883060.914 1471.27768358
00032888045 429348466.437 3376.8500964
00032888005 397470389.681 1982.79321778
00032888041 428491384.432 2683.26753929
00032888020 402937816.884 1957.87493707
00032888004 396911412.842 2248.90428119
00032888039 428145479.795 2689.82709237
00032888036 427673892.174 2686.93351899
00032888038 427996330.03 2966.43506899
00032888042 428634041.416 2838.17959794
00032888002 396565452.497 2024.36446897
00032888001 396346141.755 2000.31171433
00032888015 399962817.747 1413.47124821
00032888006 397643016.073 1102.28903009
00032888031 426977488.078 88.9753361005
00032888035 427229343.187 34.0331737947
