00033665085 494460318.431 1330.56723512
00033665075 492055045.573 1495.31565434
00033665078 492145851.234 1493.98352616
00033665082 493644379.232 638.704610691
00033665077 492301194.492 879.15288599
00033665074 491886413.625 1497.27857972
00033665083 493995650.806 189.280694005
00033665080 493138756.585 1217.4839583
00033665081 493478656.818 1371.38621666
00033665087 495429032.675 675.813570209
00033665084 494190717.585 1381.90750594
00033665086 495194338.035 478.16926766
00033665076 492283337.9 817.738328681
00033665089 495987209.244 1047.21020077
00033665073 491720592.176 494.468284378
00033665088 495768200.428 941.508438406
