00035323019 1.71455149308e-08 1.60403645097e-10 1.60893612751e-10 1.29254228316e-08 1.65509444279e-10 1.66007116299e-10 4.93920577415e-09 3.60533384961e-11 3.6030560875e-11 6.49203016275e-09 1.36290503494e-10 1.37107597951e-10 5.71428763307e-09 5.01293383048e-11 5.02350121289e-11 1.14312325173e-08 1.62123898407e-10 1.6270598842e-10
00035323012 2.86315242031e-08 2.51740915149e-10 2.52494918266e-10 2.26661526824e-08 2.61269514066e-10 2.62026843214e-10 8.15070223586e-09 5.34401047674e-11 5.34170590212e-11 1.22771847163e-08 2.20147114138e-10 2.21364163033e-10 8.2036510962e-09 6.84021331811e-11 6.85493301544e-11 2.04278814785e-08 2.56860574209e-10 2.5773538381e-10
00035323006 1.45302011234e-09 2.32666558012e-11 2.33871848565e-11 1.14325537706e-09 2.41903871835e-11 2.43204167976e-11 3.83473964649e-10 4.76348860156e-12 4.75741466693e-12 6.51576423266e-10 2.01361128544e-11 2.03367695677e-11 4.17970212143e-10 6.39076124964e-12 6.41165611151e-12 1.03505022704e-09 2.37677078171e-11 2.39160267286e-11
00035323010 1.32178635136e-08 8.97126065942e-11 8.99139672331e-11 1.03685444876e-08 9.29700607964e-11 9.3170659918e-11 3.76453959189e-09 1.89537666873e-11 1.89468828538e-11 5.53771486442e-09 7.82472096254e-11 7.85649853014e-11 3.91561437702e-09 2.44422452974e-11 2.447707313e-11 9.3022523652e-09 9.14371238612e-11 9.16675427953e-11
00035323023 1.420168277e-08 1.16868429333e-10 1.1712358024e-10 1.09060197131e-08 1.19647380197e-10 1.19900289243e-10 4.03340854022e-09 2.47512623159e-11 2.47399467849e-11 5.62910123412e-09 1.00566155909e-10 1.00983249779e-10 4.53917899104e-09 3.30843702632e-11 3.31267001124e-11 9.66250731732e-09 1.17743585632e-10 1.18034322999e-10
00035323025 1.01946502247e-08 9.01574331038e-11 9.0363310146e-11 7.53714916445e-09 9.15514859015e-11 9.17515185511e-11 2.93928294839e-09 1.99956498624e-11 1.9984282045e-11 3.62312450598e-09 7.58671032887e-11 7.62105207382e-11 3.63224857592e-09 2.83990126576e-11 2.84371974118e-11 6.5624049662e-09 8.98568951013e-11 9.00903160422e-11
00035323028 2.08607001833e-09 1.64446832544e-11 1.64791423293e-11 1.32699671238e-09 1.64073156311e-11 1.64469318916e-11 5.01532794757e-10 3.83926677637e-12 3.83367425678e-12 6.15532765687e-10 1.26047409704e-11 1.26686978902e-11 9.69006430912e-10 6.92718765156e-12 6.93304098463e-12 1.11706495862e-09 1.59191878016e-11 1.59657400224e-11
00035323020 1.80987408015e-08 1.46247069747e-10 1.46621761484e-10 1.38136225981e-08 1.50797040495e-10 1.51175968648e-10 5.17812875701e-09 3.23809962828e-11 3.23650259734e-11 7.09999378809e-09 1.2477248482e-10 1.25388170803e-10 5.82063164639e-09 4.41715434228e-11 4.42466823267e-11 1.22781173526e-08 1.47826774022e-10 1.48267225445e-10
00035323027 2.19162514079e-09 4.01703727495e-11 4.03685658558e-11 1.35009446725e-09 3.97455093641e-11 3.99853483699e-11 5.01935905082e-10 9.05633869507e-12 9.02285190131e-12 6.20437714326e-10 3.07107795219e-11 3.10954561866e-11 1.06925293498e-09 1.69502489037e-11 1.69792134535e-11 1.12237322428e-09 3.86346542448e-11 3.89156906563e-11
00035323029 1.34532905383e-09 2.26717768929e-11 2.27718388972e-11 7.58812654191e-10 2.22853841687e-11 2.24350864103e-11 2.88284785746e-10 5.83207920845e-12 5.81110567315e-12 3.41275631746e-10 1.59132827431e-11 1.6148295995e-11 7.15769145253e-10 1.19942040624e-11 1.20250262634e-11 6.29560354789e-10 2.13135677336e-11 2.14932205039e-11
00035323017 2.07454408414e-08 1.49701824242e-10 1.50008203215e-10 1.62821125674e-08 1.54280311568e-10 1.54584834452e-10 5.78289216426e-09 3.11017871507e-11 3.10898294632e-11 8.8246318908e-09 1.30061883174e-10 1.30553614452e-10 6.13792710274e-09 4.05171484962e-11 4.05684443722e-11 1.46075203076e-08 1.51859202304e-10 1.52208803836e-10
00035323005 8.86334924659e-10 1.84777193649e-11 1.85824665435e-11 7.02028003745e-10 1.903177128e-11 1.91413547587e-11 2.35465409403e-10 3.58501266937e-12 3.58094245545e-12 3.96256125889e-10 1.62147955186e-11 1.63853686177e-11 2.54613503195e-10 4.68109938513e-12 4.69578824712e-12 6.31721491866e-10 1.87972604915e-11 1.89209144476e-11
00035323022 1.57302100045e-08 1.56674746123e-10 1.57109557202e-10 1.23001775885e-08 1.61310700749e-10 1.61747456762e-10 4.39653855353e-09 3.2657135277e-11 3.26393205545e-11 6.61552173356e-09 1.3592164406e-10 1.36635534313e-10 4.7181562534e-09 4.2803380838e-11 4.28802241803e-11 1.10120577039e-08 1.58781953305e-10 1.59284985105e-10
00035323015 2.10664878873e-08 1.61119503315e-10 1.61548181915e-10 1.63234379171e-08 1.67162377743e-10 1.67603194011e-10 6.01219799328e-09 3.51330846758e-11 3.5116999006e-11 8.59832889108e-09 1.39086269088e-10 1.3978316971e-10 6.45597173133e-09 4.68041660939e-11 4.68889313296e-11 1.46105230058e-08 1.6400155028e-10 1.64506310314e-10
00035323011 2.78830467643e-08 1.83306128427e-10 1.83760156412e-10 2.18306028285e-08 1.90504750513e-10 1.90966948587e-10 8.03508354849e-09 4.01312385011e-11 4.01170101228e-11 1.1580734344e-08 1.58789201653e-10 1.5950916064e-10 8.26724657424e-09 5.21440416784e-11 5.22318447143e-11 1.96158105873e-08 1.86819126381e-10 1.87347572835e-10
00035323009 5.02116699519e-09 3.13435907414e-11 3.14063354351e-11 3.89912814087e-09 3.26353541725e-11 3.27137667272e-11 1.18333089036e-09 6.53324709841e-12 6.52818064886e-12 2.38566622922e-09 2.61803301586e-11 2.62955133938e-11 1.45217039795e-09 9.40919807508e-12 9.41879009076e-12 3.56899701599e-09 3.18625943354e-11 3.19515306149e-11
00035323008 1.69944679892e-08 1.05574710679e-10 1.05760671384e-10 1.26612602622e-08 1.07964593163e-10 1.08147492323e-10 4.85883623131e-09 2.34054085789e-11 2.33954000862e-11 6.24760970748e-09 8.90564954782e-11 8.93585992299e-11 5.88803077585e-09 3.28674297291e-11 3.29003630755e-11 1.11064422721e-08 1.05869287999e-10 1.06082274707e-10
00035323024 1.05078778297e-08 9.40910836296e-11 9.4308059386e-11 7.95981770361e-09 9.5990537021e-11 9.6204213132e-11 2.99213088403e-09 2.02769037245e-11 2.02663473318e-11 4.01879099443e-09 8.02126815059e-11 8.05713702931e-11 3.49696198515e-09 2.78090470617e-11 2.78476582488e-11 7.01091922273e-09 9.43620998043e-11 9.46096245828e-11
00035323021 1.33794506453e-08 9.72621284348e-11 9.74745310209e-11 9.96109735539e-09 9.99802155012e-11 1.001994043e-10 3.75892793069e-09 2.18039939702e-11 2.17922468036e-11 5.025178822e-09 8.1843004152e-11 8.22010029749e-11 4.59535254176e-09 3.14856975582e-11 3.15291697972e-11 8.78410345037e-09 9.78920086983e-11 9.81477854159e-11
00035323007 3.37012712439e-09 2.84282239761e-11 2.84809660062e-11 2.66948877413e-09 2.90043802003e-11 2.90766370284e-11 7.35770974272e-10 5.72296750207e-12 5.71681897422e-12 1.731844024e-09 2.31120363554e-11 2.32132387459e-11 9.02517764551e-10 8.07337997792e-12 8.07803728804e-12 2.46761731259e-09 2.82817182975e-11 2.83508871162e-11
00035323004 4.75319215921e-10 1.48737285206e-11 1.49970031516e-11 3.64067914486e-10 1.52210059237e-11 1.53472166557e-11 1.30827945002e-10 3.01970303924e-12 3.01414716857e-12 1.91218493403e-10 1.28372259019e-11 1.30404326936e-11 1.5327294955e-10 4.08686842544e-12 4.10531271261e-12 3.22046371774e-10 1.50068162498e-11 1.51504774625e-11
00035323026 7.66950571511e-09 7.07898271786e-11 7.09430079533e-11 5.78820367763e-09 7.14627888476e-11 7.16100280321e-11 2.27680541107e-09 1.49503297608e-11 1.49441966077e-11 2.75290046909e-09 6.09455956025e-11 6.11972608073e-11 2.63980222564e-09 1.98052647177e-11 1.98256468013e-11 5.02970471333e-09 7.04869206879e-11 7.06555276064e-11
00035323013 2.15661378233e-08 1.3510696244e-10 1.35386335949e-10 1.68661310046e-08 1.3985299504e-10 1.40130255899e-10 6.12584876309e-09 2.89467856158e-11 2.89368174623e-11 9.0101770482e-09 1.1698608237e-10 1.17427469008e-10 6.43012517831e-09 3.76746342144e-11 3.77242969872e-11 1.51360211682e-08 1.37348099001e-10 1.3766757275e-10
00035323016 2.203365777e-08 1.580059143e-10 1.58382220592e-10 1.7241672715e-08 1.63935013212e-10 1.64316712294e-10 6.19714406705e-09 3.37798443302e-11 3.37656442033e-11 9.30334301669e-09 1.3701047031e-10 1.37624072695e-10 6.53318007513e-09 4.45602196438e-11 4.46320954226e-11 1.5500483795e-08 1.6099007959e-10 1.61431787406e-10
00032888005 9.28770447879e-10 9.79472524647e-12 9.81995634083e-12 5.02274621936e-10 9.43920779544e-12 9.47419810198e-12 1.81206606496e-10 2.3875631143e-12 2.38117323025e-12 2.3306295939e-10 6.81215343428e-12 6.86710034784e-12 5.14502527124e-10 5.15021722761e-12 5.15520442356e-12 4.1426927779e-10 9.05235748143e-12 9.09395116432e-12
00032888003 3.31281535096e-09 1.94639574575e-11 1.94919142619e-11 2.12579392635e-09 1.92632647922e-11 1.92932784909e-11 8.08230788188e-10 4.32997790412e-12 4.32561217357e-12 9.67752785938e-10 1.51750824285e-11 1.52245067633e-11 1.53683409505e-09 7.78819698338e-12 7.79163043424e-12 1.77598276929e-09 1.87762089303e-11 1.8811104796e-11
00032888006 9.57079054448e-10 1.39789953859e-11 1.40341157852e-11 5.6840263781e-10 1.3899536074e-11 1.39770974779e-11 2.04304625905e-10 3.43045638911e-12 3.42033340326e-12 2.75896719162e-10 1.02008275869e-11 1.03188651623e-11 4.76878537207e-10 6.77750217357e-12 6.7902830824e-12 4.80201199287e-10 1.33760493815e-11 1.34672875121e-11
00032888004 3.45314885666e-09 2.02722449136e-11 2.03047738546e-11 2.3270237427e-09 2.04204684035e-11 2.04551313381e-11 8.97717652366e-10 4.63859128821e-12 4.63483451216e-12 1.0819162678e-09 1.61363301351e-11 1.6192835715e-11 1.47351673397e-09 7.71724453061e-12 7.72252829923e-12 1.97963327138e-09 1.99054679976e-11 1.99459947089e-11
00032888002 5.14481994011e-09 2.71145839458e-11 2.71503486268e-11 3.57774795926e-09 2.72032008934e-11 2.7238821374e-11 1.39335539981e-09 5.95180014649e-12 5.94853379937e-12 1.65283426453e-09 2.21315794528e-11 2.219090947e-11 2.09863257051e-09 9.39522767402e-12 9.39987599869e-12 3.04618876068e-09 2.66466075859e-11 2.66878807425e-11
00032888007 1.67148714103e-10 1.09062490293e-11 1.10407215615e-11 1.04583405259e-10 1.02224157531e-11 1.05155484845e-11 3.54289038821e-11 2.73886075269e-12 2.73432725426e-12 5.69717247044e-11 7.03051421472e-12 7.42148543747e-12 7.47510214996e-11 5.38066635816e-12 5.4261883169e-12 9.24003881807e-11 9.65516809796e-12 9.98904296158e-12
