00033665085 1.65364485556e-08 1.34520116307e-10 1.34822253049e-10 1.28784828787e-08 1.3821628834e-10 1.38509170401e-10 4.74139417488e-09 2.84169189084e-11 2.8405834955e-11 6.73401271689e-09 1.16791324546e-10 1.17275791028e-10 5.06104828639e-09 3.68869815569e-11 3.69404672518e-11 1.14754041455e-08 1.36084051592e-10 1.36421853653e-10
00033665075 2.68870015095e-08 1.77992427542e-10 1.78310035743e-10 2.16332484445e-08 1.83761711037e-10 1.84077081052e-10 7.38534234858e-09 3.5266059816e-11 3.52561083801e-11 1.21900102349e-08 1.57483886905e-10 1.57990326879e-10 7.31165544409e-09 4.4021941956e-11 4.40742010345e-11 1.9575349967e-08 1.81434005714e-10 1.81793104665e-10
00033665078 3.14026652816e-08 2.08384451802e-10 2.08734012396e-10 2.56529753829e-08 2.14683988753e-10 2.15028976243e-10 8.44643586128e-09 3.96380911541e-11 3.96283700805e-11 1.48826789971e-08 1.858376718e-10 1.86385789851e-10 8.07355783917e-09 4.80563349305e-11 4.81068758495e-11 2.33291117562e-08 2.1238081041e-10 2.1277006907e-10
00033665082 2.19388227403e-08 2.14309761605e-10 2.14844251928e-10 1.74125519113e-08 2.20570610676e-10 2.21114923632e-10 5.89039232588e-09 4.24906113264e-11 4.24686124055e-11 9.79964168434e-09 1.87725819661e-10 1.88605216289e-10 6.24879415753e-09 5.55949295209e-11 5.56811582986e-11 1.56900319308e-08 2.17671159648e-10 2.18291671103e-10
00033665077 2.86926951639e-08 2.5039085076e-10 2.51096811511e-10 2.19354414522e-08 2.58795064404e-10 2.59517735467e-10 8.13909745849e-09 5.50609039622e-11 5.50294715039e-11 1.13963497051e-08 2.13991972405e-10 2.15155205498e-10 9.15726539773e-09 7.51913820659e-11 7.53339897937e-11 1.95354402223e-08 2.53710219031e-10 2.54546284699e-10
00033665074 5.66602912423e-09 3.56940667537e-11 3.57487015681e-11 4.20848291187e-09 3.65135861053e-11 3.65791945116e-11 1.2357301135e-09 7.13533589703e-12 7.12813426519e-12 2.55978811214e-09 2.93679408895e-11 2.94660256954e-11 1.87051338207e-09 1.11300765758e-11 1.11363299424e-11 3.79551779875e-09 3.57495195853e-11 3.58237981647e-11
00033665083 2.08553182953e-08 3.96892173617e-10 3.99037822094e-10 1.61509473295e-08 4.07669888717e-10 4.0979200398e-10 5.99730981583e-09 8.55057259605e-11 8.54344232915e-11 8.37535538246e-09 3.42166305399e-10 3.45714316999e-10 6.4826676369e-09 1.12523306692e-10 1.12959136376e-10 1.43726590127e-08 4.00794858827e-10 4.03255815519e-10
00033665080 2.78847216003e-08 2.1457688323e-10 2.150664358e-10 2.21044337237e-08 2.21751385374e-10 2.22235519183e-10 7.82734066206e-09 4.42909536763e-11 4.42743993471e-11 1.20735694086e-08 1.87908941649e-10 1.88689369205e-10 7.98382215012e-09 5.63650487161e-11 5.64496683489e-11 1.99009058495e-08 2.18407932645e-10 2.18963678314e-10
00033665081 1.96582812213e-08 1.41340016098e-10 1.4167061544e-10 1.47903499091e-08 1.46043462978e-10 1.46386739565e-10 5.51475901178e-09 3.15536618701e-11 3.15362802389e-11 7.61062204143e-09 1.19442904167e-10 1.19993921139e-10 6.53291187907e-09 4.45487429761e-11 4.4614757393e-11 1.31253766778e-08 1.42915109475e-10 1.43314787061e-10
00033665087 8.53107282523e-09 9.97763330499e-11 1.0007301508e-10 6.16013575241e-09 1.00933081981e-10 1.01227862144e-10 2.40243601922e-09 2.23843685972e-11 2.23642757345e-11 2.92632888016e-09 8.24519728982e-11 8.29628319732e-11 3.20231483015e-09 3.32998550198e-11 3.33583892251e-11 5.32876210086e-09 9.88401530305e-11 9.91863458866e-11
00033665084 1.90028817997e-08 1.30846468474e-10 1.3109364448e-10 1.48614720223e-08 1.3466339897e-10 1.34906937684e-10 5.32148452682e-09 2.71719445439e-11 2.71622962007e-11 7.97425772019e-09 1.1373440704e-10 1.14130709051e-10 5.70714652597e-09 3.55500559947e-11 3.55917614518e-11 1.32957394991e-08 1.32619840174e-10 1.32899424796e-10
00033665086 1.04195012436e-08 1.38940553501e-10 1.3935504365e-10 7.76357379547e-09 1.4033021475e-10 1.40745636433e-10 2.91100846293e-09 2.9142158905e-11 2.91198656165e-11 3.85500486574e-09 1.17880347214e-10 1.18593544566e-10 3.65349286292e-09 4.14390111201e-11 4.15046764928e-11 6.7660109632e-09 1.38165277352e-10 1.38643965058e-10
00033665076 2.40164751633e-08 2.50011696643e-10 2.50718900859e-10 1.877233606e-08 2.56888455216e-10 2.5758161632e-10 6.85193061405e-09 5.20807949829e-11 5.20555158188e-11 9.88605827217e-09 2.18193689069e-10 2.19337229932e-10 7.27849446278e-09 6.75045392844e-11 6.76298025122e-11 1.67379855132e-08 2.53236134984e-10 2.54032982346e-10
00033665089 2.15412302787e-09 2.09698082041e-11 2.10226595933e-11 1.26581015869e-09 2.05912766929e-11 2.06567673387e-11 4.85866571684e-10 5.07117037471e-12 5.06027867728e-12 5.57407813924e-10 1.53582446031e-11 1.54668155524e-11 1.11085039872e-09 1.00825485628e-11 1.00943470495e-11 1.04327390985e-09 1.98715730094e-11 1.99500007829e-11
00033665073 2.7473839941e-09 2.08134339665e-10 2.15958484105e-10 2.20898450991e-09 2.15322094192e-10 2.25905640069e-10 6.35886867351e-10 4.411126141e-11 4.38112809975e-11 1.40956763819e-09 1.68906905142e-10 1.83228643969e-10 7.01932267658e-10 5.87358022845e-11 5.97706214986e-11 2.04545417877e-09 2.09089149587e-10 2.20827498426e-10
00033665088 9.42874126774e-10 5.26954319378e-11 5.38480300877e-11 6.75729056261e-10 5.35958725849e-11 5.49935953414e-11 2.54986059855e-10 1.15622483371e-11 1.1514386248e-11 3.3042263658e-10 4.31365733986e-11 4.51153906673e-11 3.5746708844e-10 1.69055438769e-11 1.70085267169e-11 5.85408155155e-10 5.24048329207e-11 5.39792647174e-11

