00032888041 4.7647023759e-09 2.25420770238e-11 2.24899213082e-11 3.23599432727e-09 2.25046931537e-11 2.25323496481e-11 1.27782944296e-09 5.0156715341e-12 5.01293611531e-12 1.45421521778e-09 1.81196654653e-11 1.81643781416e-11 2.03266043567e-09 8.14997666229e-12 8.12595253228e-12 2.73204356887e-09 2.20040458829e-11 2.20358682997e-11
00032888036 1.09513988237e-08 5.87920942216e-11 5.8873523496e-11 8.34540571338e-09 6.01220321473e-11 6.02017678362e-11 3.06665347885e-09 1.24553344894e-11 1.24515295602e-11 4.31482701579e-09 5.03213236069e-11 5.04492360849e-11 3.56992365794e-09 1.70639283463e-11 1.70765999879e-11 7.38147834077e-09 5.9138333237e-11 5.92285817213e-11
00032888043 2.178651553e-09 1.70066129658e-11 1.70397201751e-11 1.28385381449e-09 1.66326411807e-11 1.66713053851e-11 4.7991588502e-10 4.00537386279e-12 3.99834597283e-12 5.8143543443e-10 1.24955330956e-11 1.25590944323e-11 1.11730301206e-09 7.99611457001e-12 8.00177442049e-12 1.06135058465e-09 1.60750898956e-11 1.61208882644e-11
00032888034 1.29343712357e-08 7.86541962187e-11 7.87824083888e-11 9.6192896382e-09 8.02234160065e-11 8.03487494821e-11 3.65186715145e-09 1.72236268253e-11 1.72163690278e-11 4.77782674913e-09 6.62545354574e-11 6.64610777796e-11 4.50468440287e-09 2.43742427197e-11 2.43953832188e-11 8.42969091296e-09 7.87117772057e-11 7.88570349698e-11
00032888044 8.01483366371e-10 1.13096358154e-11 1.13577076358e-11 5.13819675499e-10 1.15679564883e-11 1.16427614594e-11 1.85893408373e-10 2.86197977299e-12 2.85646001018e-12 2.61270136012e-10 8.50031786132e-12 8.60881816326e-12 3.54320134473e-10 5.33502633952e-12 5.35026985372e-12 4.47163494055e-10 1.11120390129e-11 1.11989338015e-11
00032888045 2.57199080417e-10 4.87949080092e-12 4.90248379897e-12 1.78983511611e-10 4.92540754805e-12 4.95104551792e-12 6.58143717287e-11 1.02422485213e-12 1.02192657254e-12 8.74556761628e-11 4.03019405173e-12 4.07194310616e-12 1.03929065935e-10 1.67187616302e-12 1.67526268818e-12 1.53270040785e-10 4.8375218542e-12 4.86697616279e-12
00032888039 8.31215359072e-09 4.64417818894e-11 4.65004161553e-11 6.31624279192e-09 4.70888797856e-11 4.71462964906e-11 2.28258161801e-09 9.36917703953e-12 9.36618327656e-12 3.27270545646e-09 3.98817611717e-11 3.99747076866e-11 2.75686978953e-09 1.28740136452e-11 1.28806924348e-11 5.55528575869e-09 4.64429305994e-11 4.65077283067e-11
00032888042 3.75249274357e-09 2.0382720386e-11 2.04096057919e-11 2.50894321542e-09 2.02605168738e-11 2.02879992056e-11 9.62841468056e-10 4.37237297884e-12 4.3692056061e-12 1.14518970678e-09 1.63887337536e-11 1.6433167018e-11 1.64446390454e-09 7.36170270633e-12 7.36428614614e-12 2.10803024299e-09 1.98361117396e-11 1.98675013043e-11
00032888027 8.96862868974e-10 1.71197356249e-11 1.72254629216e-11 6.83892970574e-10 1.77208243803e-11 1.7830854132e-11 2.47510281767e-10 3.61787044449e-12 3.61297651368e-12 3.60546812876e-10 1.47222013549e-11 1.48934392498e-11 2.88806103797e-10 4.97033245659e-12 4.98883937739e-12 6.08056983886e-10 1.74155300638e-11 1.75412148311e-11
00032888029 1.27349582593e-09 1.92775451101e-11 1.93605823353e-11 9.93983270311e-10 1.99293366867e-11 2.00183647852e-11 3.38132483603e-10 3.91105182837e-12 3.90619608072e-12 5.55978871142e-10 1.66366819708e-11 1.67766944547e-11 3.79384623441e-10 5.21783430858e-12 5.23072604136e-12 8.94111303119e-10 1.96026925858e-11 1.97043519596e-11
00032888038 1.02439537523e-08 6.19446624992e-11 6.20311812539e-11 7.79501335542e-09 6.29229890992e-11 6.30072189018e-11 2.87746808249e-09 1.28772256088e-11 1.28732586775e-11 3.98178375465e-09 5.31444577948e-11 5.32830350087e-11 3.38470637624e-09 1.75699240995e-11 1.7582027894e-11 6.85924977217e-09 6.20017542254e-11 6.2097566853e-11
00032888037 9.47669481832e-09 5.36087372243e-11 5.36832998358e-11 7.15047338614e-09 5.45867586613e-11 5.46595178564e-11 2.62635482292e-09 1.12491628898e-11 1.12451457284e-11 3.66577618583e-09 4.56612521787e-11 4.57800088372e-11 3.18456817879e-09 1.56737073422e-11 1.56842024576e-11 6.29212930824e-09 5.37090432252e-11 5.3792153763e-11
00032888032 1.54008032216e-08 7.60621741183e-10 7.66517592532e-10 1.22129783492e-08 7.37606912389e-10 7.46416006936e-10 3.36090922579e-09 1.56403384784e-10 1.55932328182e-10 7.93227740475e-09 5.69321852748e-10 5.81975643628e-10 4.10758176377e-09 2.03477975984e-10 2.03844092636e-10 1.12933149976e-08 7.13615746708e-10 7.21525182159e-10
00032888031 4.97281038495e-09 1.47938458168e-10 1.48761251899e-10 3.72180917448e-09 1.48417596945e-10 1.49493947998e-10 1.1151520005e-09 3.07007996236e-11 3.05744769488e-11 2.24690407007e-09 1.1692063006e-10 1.18682207086e-10 1.61075494597e-09 4.58968096346e-11 4.59880754606e-11 3.36205576775e-09 1.44436471024e-10 1.45698968105e-10
00032888026 5.42038571267e-11 2.56792928378e-12 2.56915884334e-12 3.80850418574e-11 1.80429857255e-12 1.8051578358e-12 1.32062794485e-11 6.25654392606e-13 6.25953037952e-13 1.92605921577e-11 9.12480011679e-13 9.12915884e-13 2.17369899659e-11 1.02981179772e-12 1.03028995649e-12 3.24668721442e-11 1.53813427115e-12 1.53886776043e-12
