Time	T_+ve	T_-ve	Flux	Fluxpos	Fluxneg
68.644	0.883	-0.898	1.022277271e-09	1.525823236e-10	-1.526031815e-10
70.369	0.767	-0.842	1.131981927e-09	1.689003096e-10	-1.689321529e-10
71.811	0.479	-0.675	1.576766413e-09	2.352235851e-10	-2.352728758e-10
73.427	0.767	-1.137	9.42455775e-10	1.433026044e-10	-1.433334425e-10
74.982	0.682	-0.788	1.238868433e-09	1.847157674e-10	-1.847511648e-10
76.357	0.649	-0.694	1.355375421e-09	2.020681042e-10	-2.020987269e-10
77.745	0.904	-0.738	1.08202241e-09	1.6446508e-10	-1.644843224e-10
79.475	0.647	-0.826	1.187128635e-09	1.769732503e-10	-1.769897284e-10
80.934	0.753	-0.813	1.084490894e-09	1.680890414e-10	-1.681004576e-10
82.588	0.720	-0.900	1.063272917e-09	1.616078349e-10	-1.616165945e-10
84.216	0.775	-0.908	1.039039699e-09	1.548925604e-10	-1.548994891e-10
85.977	0.875	-0.986	9.12382704e-10	1.414113924e-10	-1.414162748e-10
87.706	0.852	-0.854	1.024961873e-09	1.527934515e-10	-1.527985852e-10
89.491	0.815	-0.932	9.98949451e-10	1.489155694e-10	-1.489197338e-10
91.390	0.983	-1.084	8.43944739e-10	1.258086062e-10	-1.258118013e-10
93.638	1.225	-1.265	7.00472902e-10	1.044210017e-10	-1.044235147e-10
96.014	1.241	-1.151	7.29663551e-10	1.087725484e-10	-1.087750614e-10
98.528	1.523	-1.274	6.14778525e-10	9.34400174e-11	-9.34420996e-11
101.293	1.386	-1.241	6.54509414e-10	9.94787923e-11	-9.9481054e-11
104.010	1.508	-1.331	6.0570839e-10	9.20616369e-11	-9.20637909e-11
106.738	0.969	-1.220	7.97548656e-10	1.188927584e-10	-1.188958099e-10
108.863	1.477	-1.156	6.43545195e-10	9.97441292e-11	-9.97465345e-11
111.503	1.418	-1.163	6.75904737e-10	1.007590222e-10	-1.007616429e-10
114.822	1.211	-1.900	5.28130644e-10	8.51674009e-11	-8.51692677e-11
117.278	1.577	-1.245	6.18371397e-10	9.21824404e-11	-9.21848816e-11
120.136	1.505	-1.281	6.08087124e-10	9.42484136e-11	-9.42507112e-11
122.807	1.174	-1.166	7.46023899e-10	1.112118457e-10	-1.112146459e-10
125.427	1.267	-1.446	6.43289587e-10	9.58969057e-11	-9.5899311e-11
128.663	2.121	-1.969	4.26713144e-10	6.361121e-11	-6.36127178e-11
132.452	1.600	-1.668	5.3400891e-10	7.96059524e-11	-7.96077474e-11
135.462	1.680	-1.410	5.64743618e-10	8.41876181e-11	-8.41895567e-11
139.177	1.488	-2.034	4.95436514e-10	7.38557776e-11	-7.38575008e-11
142.461	1.939	-1.796	4.60501147e-10	6.99913939e-11	-6.99929376e-11
146.057	1.871	-1.657	4.94589274e-10	7.37294814e-11	-7.37312405e-11
149.603	2.153	-1.675	4.29236555e-10	6.92192567e-11	-6.92207286e-11
153.709	2.118	-1.953	4.28810781e-10	6.39237554e-11	-6.39255504e-11
157.937	1.818	-2.110	2.962828795e-10	5.40938687e-11	-5.40949816e-11
161.782	2.045	-2.027	2.858202912e-10	5.21836656e-11	-5.21848503e-11
165.566	1.903	-1.739	3.197866454e-10	5.83851034e-11	-5.83864676e-11
169.781	1.977	-2.312	4.07261447e-10	6.07114593e-11	-6.0713721e-11
174.126	2.211	-2.367	2.434031488e-10	4.71247812e-11	-4.71258582e-11
178.839	1.922	-2.503	2.519111257e-10	4.87720168e-11	-4.87732733e-11
182.799	1.953	-2.038	2.920560494e-10	5.332227e-11	-5.33237419e-11
187.449	2.019	-2.697	2.47012463e-10	4.50984057e-11	-4.50996263e-11
192.106	1.826	-2.638	2.552905363e-10	4.79878172e-11	-4.79890378e-11
196.297	2.245	-2.365	2.528016611e-10	4.61553735e-11	-4.61567377e-11
201.209	2.892	-2.667	2.096320547e-10	3.8273708e-11	-3.82748927e-11
212.107	4.510	-5.519	1.761455399e-10	3.59555732e-11	-3.59555732e-11
223.277	5.877	-6.660	1.362869905e-10	2.79350465e-11	-2.79350465e-11
235.042	6.648	-5.888	1.198659715e-10	2.619819373e-11	-2.619819373e-11
247.194	4.526	-5.503	1.436094417e-10	3.211205099e-11	-3.211205099e-11
257.341	6.916	-5.621	1.144861052e-10	2.572760935e-11	-2.572760935e-11
271.238	5.554	-6.982	1.555613415e-10	2.997454345e-11	-2.997454345e-11
283.913	5.417	-7.120	1.184212837e-10	2.652369903e-11	-2.652369903e-11
298.876	13.019	-9.546	6.82736507e-11	1.494564388e-11	-1.494564388e-11
324.025	10.436	-12.130	6.97903898e-11	1.490178485e-11	-1.490178485e-11
352.404	17.159	-17.944	4.30200829e-11	9.38775307e-12	-9.38775307e-12
379.526	12.603	-9.963	6.37694572e-11	1.425928255e-11	-1.425928255e-11
411.349	23.404	-19.221	3.555002885e-11	7.76989803e-12	-7.76989803e-12
458.008	16.862	-23.255	3.566749365e-11	7.98871571e-12	-7.98871571e-12
495.919	26.590	-21.049	3.151863835e-11	6.9106064e-12	-6.9106064e-12
539.472	20.646	-16.964	3.83636734e-11	8.57838039e-12	-8.57838039e-12
586.835	23.429	-26.717	2.829058574e-11	6.357531e-12	-6.357531e-12
641.347	29.092	-31.083	2.468277575e-11	5.41181371e-12	-5.41181371e-12
698.395	22.191	-27.955	3.013346198e-11	6.58604168e-12	-6.58604168e-12
739.173	24.037	-18.587	3.349885004e-11	7.52794639e-12	-7.52794639e-12
790.719	32.667	-27.508	2.392087364e-11	5.3755583e-12	-5.3755583e-12
862.603	28.480	-39.217	2.29497571e-11	5.05585803e-12	-5.05585803e-12
916.767	21.954	-25.684	3.005794274e-11	6.75469629e-12	-6.75469629e-12
964.268	19.585	-25.547	3.547462808e-11	7.58604336e-12	-7.58604336e-12
1030.729	43.387	-46.876	1.616665314e-11	3.63301179e-12	-3.63301179e-12
1102.177	29.607	-28.061	1.686033807e-11	3.79552391e-12	-3.79552391e-12
1152.762	24.153	-20.978	1.787902929e-11	4.02496081e-12	-4.02496081e-12
1203.635	25.934	-26.719	2.650281241e-11	5.95577769e-12	-5.95577769e-12
1255.899	18.802	-26.330	3.556761626e-11	7.60592837e-12	-7.60592837e-12
1323.113	34.329	-48.412	1.859803808e-11	4.07770509e-12	-4.07770509e-12
1396.777	33.377	-39.335	1.125702299e-11	2.517146809e-12	-2.517146809e-12
1470.013	47.897	-39.859	1.345657291e-11	3.029284003e-12	-3.029284003e-12
1606.310	140.565	-88.400	1.355241873e-11	2.273402323e-12	-2.273402323e-12
5446.760	187.869	-160.646	2.074513451e-12	5.39355856e-13	-5.39355856e-13
5832.539	248.390	-197.910	1.638592675e-12	4.26513899e-13	-4.26513899e-13
6699.245	826.795	-618.316	8.11634021e-13	1.763744742e-13	-1.763744742e-13
11333.491	418.237	-356.519	8.76768827e-13	2.303173116e-13	-2.303173116e-13
12389.128	909.739	-637.399	7.41505525e-13	1.518606977e-13	-1.518606977e-13
17738.787	1362.788	-1277.399	3.353960013e-13	7.81528281e-14	-7.81528281e-14
34091.517	60186.144	-11729.915	2.199856147e-14	6.72086413e-15	-6.72086413e-15