Time	T_+ve	T_-ve	Flux	Fluxpos	Fluxneg
100.184	2.304	-2.411	3.707252468e-10	6.32595301e-11	-6.46962627e-11
105.774	2.526	-3.286	2.389076176e-10	4.69577849e-11	-4.75307819e-11
110.590	1.823	-2.290	3.159238993e-10	6.38226465e-11	-6.43487301e-11
115.807	2.257	-3.394	2.467333251e-10	4.53663859e-11	-4.56746684e-11
121.669	2.300	-3.605	2.225992983e-10	4.4787126e-11	-4.49685945e-11
126.546	1.577	-2.577	3.322006318e-10	6.27957643e-11	-6.30443742e-11
130.820	2.775	-2.697	2.38590427e-10	4.6476553e-11	-4.66216889e-11
136.858	2.638	-3.263	2.22828147e-10	4.2050511e-11	-4.21532459e-11
143.470	3.624	-3.973	1.718486467e-10	3.242013525e-11	-3.249103828e-11
150.515	2.637	-3.421	2.153799251e-10	4.06208193e-11	-4.0700292e-11
155.717	2.490	-2.566	2.581262793e-10	4.86785653e-11	-4.8770486e-11
160.443	3.191	-2.236	2.367175865e-10	4.60419233e-11	-4.61260251e-11
167.032	2.606	-3.398	2.23484779e-10	4.21420427e-11	-4.22188313e-11
173.511	3.376	-3.873	1.820494326e-10	3.433631035e-11	-3.440485215e-11
180.256	4.019	-3.370	1.767983994e-10	3.334154399e-11	-3.340468258e-11
188.844	3.030	-4.569	1.75702353e-10	3.214774578e-11	-3.221637705e-11
196.031	3.323	-4.157	1.75240999e-10	3.305304214e-11	-3.311970118e-11
202.696	3.525	-3.343	1.908600492e-10	3.60021445e-11	-3.607720983e-11
208.506	2.200	-2.285	2.986085368e-10	5.46459809e-11	-5.47710055e-11
213.971	2.007	-3.265	2.540991957e-10	4.64892733e-11	-4.65865622e-11
220.256	3.870	-4.278	1.644510726e-10	3.009318782e-11	-3.016082325e-11
226.938	2.771	-2.811	2.351850432e-10	4.43738913e-11	-4.44750702e-11
232.784	3.853	-3.075	1.896687367e-10	3.578955989e-11	-3.587410904e-11
240.204	2.909	-3.567	2.028034384e-10	3.82754605e-11	-3.837229427e-11
245.824	3.112	-2.711	2.152340501e-10	4.32079027e-11	-4.32934438e-11
252.140	3.382	-3.204	1.860565216e-10	3.855769556e-11	-3.863133715e-11
259.030	3.849	-3.508	1.829190032e-10	3.347130661e-11	-3.354533331e-11
266.286	3.121	-3.407	2.013721129e-10	3.80001263e-11	-3.809183694e-11
281.678	15.634	-9.439	1.144762815e-10	2.568224291e-11	-2.568224291e-11
320.408	12.005	-23.097	8.0833422e-11	1.822492619e-11	-1.822492619e-11
343.157	9.315	-10.743	1.448996214e-10	3.240054132e-11	-3.240054132e-11
364.202	8.328	-11.730	1.405684565e-10	3.153590713e-11	-3.153590713e-11
383.990	11.107	-11.459	1.411511007e-10	3.009351847e-11	-3.009351847e-11
404.725	10.430	-9.629	1.429064243e-10	3.200755018e-11	-3.200755018e-11
433.106	9.630	-17.951	1.139785171e-10	2.433673081e-11	-2.433673081e-11
451.860	10.934	-9.124	1.432059932e-10	3.202183815e-11	-3.202183815e-11
476.732	18.657	-13.938	9.06017177e-11	2.032608635e-11	-2.032608635e-11
509.671	20.821	-14.282	8.68916691e-11	1.908098682e-11	-1.908098682e-11
546.708	16.378	-16.217	9.76962219e-11	2.092285125e-11	-2.092285125e-11
577.593	10.567	-14.506	1.119257252e-10	2.515157689e-11	-2.515157689e-11
596.776	11.443	-8.616	1.442955044e-10	3.237205485e-11	-3.237205485e-11
636.852	19.005	-28.634	5.95138102e-11	1.335165867e-11	-1.335165867e-11
669.457	16.488	-13.599	9.39210158e-11	2.114059789e-11	-2.114059789e-11
695.154	10.849	-9.209	1.527416669e-10	3.271151181e-11	-3.271151181e-11
722.640	23.480	-16.637	7.58669034e-11	1.622344339e-11	-1.622344339e-11
766.837	21.908	-20.717	6.93850353e-11	1.521261522e-11	-1.521261522e-11
812.223	24.161	-23.478	6.38212072e-11	1.401482587e-11	-1.401482587e-11
857.348	21.660	-20.964	7.14527648e-11	1.569068455e-11	-1.569068455e-11
912.729	21.440	-33.721	5.50920861e-11	1.209795446e-11	-1.209795446e-11
953.025	18.753	-18.856	8.10261715e-11	1.77649298e-11	-1.77649298e-11
1002.280	24.659	-30.502	5.56595982e-11	1.222258228e-11	-1.222258228e-11
1051.685	25.401	-24.745	6.31212795e-11	1.351820513e-11	-1.351820513e-11
1113.053	41.759	-35.967	3.693694262e-11	8.28663749e-12	-8.28663749e-12
1176.322	21.115	-21.509	6.68591027e-11	1.502436256e-11	-1.502436256e-11
1211.901	18.131	-14.464	9.36991691e-11	2.051115699e-11	-2.051115699e-11
1267.026	28.197	-36.993	4.88499198e-11	1.044611264e-11	-1.044611264e-11
1318.201	37.197	-22.979	5.01231168e-11	1.104163274e-11	-1.104163274e-11
1386.511	34.077	-31.113	4.65779264e-11	1.019611401e-11	-1.019611401e-11
1455.847	29.931	-35.259	4.66444454e-11	1.024289126e-11	-1.024289126e-11
1518.711	39.780	-32.932	3.94808937e-11	8.93110935e-12	-8.93110935e-12
1586.618	24.527	-28.127	5.50646616e-11	1.235350801e-11	-1.235350801e-11
1662.825	41.090	-51.681	3.158210477e-11	7.08530435e-12	-7.08530435e-12
1771.422	47.830	-67.506	2.656362355e-11	5.83324172e-12	-5.83324172e-12
1891.496	65.648	-72.244	2.627240648e-11	5.31750941e-12	-5.31750941e-12
5320.936	127.121	-86.001	5.26090991e-12	1.182931495e-12	-1.182931495e-12
5581.420	132.413	-133.363	4.2673689e-12	9.61060677e-13	-9.61060677e-13
5856.436	170.811	-142.603	2.678406207e-12	7.04197753e-13	-7.04197753e-13
6246.267	335.096	-219.021	1.528461912e-12	4.03158044e-13	-4.03158044e-13
6792.376	192.665	-211.013	2.07700715e-12	5.45493922e-13	-5.45493922e-13
7300.835	431.371	-315.794	1.755691983e-12	3.754670401e-13	-3.754670401e-13
11627.455	858.467	-605.804	4.79814773e-13	1.275386292e-13	-1.275386292e-13
12978.871	547.572	-492.949	7.18943576e-13	1.842691055e-13	-1.842691055e-13
20699.324	10171.425	-3900.402	1.926789354e-13	5.03012399e-14	-5.03012399e-14
65185.607	113859.195	-31143.054	9.74941753e-15	4.66637787e-15	-3.771076087e-15