Time	T_+ve	T_-ve	Flux	Fluxpos	Fluxneg
9797.608	11.160	-13.913	1.587163918e-10	3.56785091e-11	-3.56785091e-11
9820.298	16.050	-11.531	1.471966428e-10	3.304507312e-11	-3.304507312e-11
9846.555	12.360	-10.206	1.898323387e-10	4.15817006e-11	-4.15817006e-11
9873.385	13.110	-14.470	1.578562913e-10	3.385829586e-11	-3.385829586e-11
9897.650	11.410	-11.155	1.755378376e-10	3.930335333e-11	-3.930335333e-11
9923.684	12.957	-14.623	1.543854394e-10	3.390283926e-11	-3.390283926e-11
9954.223	25.041	-17.581	1.669459636e-10	2.843355685e-11	-2.843355685e-11
17344.521	33.486	-24.182	7.22372863e-11	1.403798749e-11	-1.403798749e-11
21321.653	39.954	-37.773	5.90412842e-11	1.298789867e-11	-1.298789867e-11
21385.421	33.854	-23.814	7.51458274e-11	1.701778612e-11	-1.701778612e-11
21459.532	47.497	-40.257	6.0974436e-11	1.22636476e-11	-1.22636476e-11
85314.538	61.187	-59.164	7.45624359e-12	1.699332695e-12	-1.699332695e-12
85428.121	55.418	-52.397	8.41614989e-12	1.894913554e-12	-1.894913554e-12
85536.048	57.811	-52.509	1.117610977e-11	2.164599227e-12	-2.164599227e-12
96624.414	35.984	-56.786	9.84092334e-12	2.207889298e-12	-2.207889298e-12
96721.693	71.593	-61.295	6.78426154e-12	1.529810519e-12	-1.529810519e-12
96852.453	53.662	-59.167	7.91376624e-12	1.790551385e-12	-1.790551385e-12
96957.258	54.164	-51.143	8.47683531e-12	1.921203291e-12	-1.921203291e-12
97052.164	39.492	-40.742	1.120905283e-11	2.52331612e-12	-2.52331612e-12
97118.232	36.107	-26.576	1.43135174e-11	3.222175467e-12	-3.222175467e-12
97205.484	69.206	-51.145	7.40871078e-12	1.676279302e-12	-1.676279302e-12
97336.616	60.933	-61.925	7.33124814e-12	1.647591288e-12	-1.647591288e-12
97462.675	40.181	-65.126	8.87208454e-12	1.967408533e-12	-1.967408533e-12
97548.609	52.031	-45.754	9.21344102e-12	2.070586451e-12	-2.070586451e-12
97632.106	38.740	-31.465	1.292079376e-11	2.898882884e-12	-2.898882884e-12
97728.384	50.276	-57.538	8.35869208e-12	1.875339469e-12	-1.875339469e-12
97852.550	61.498	-73.890	1.223781084e-11	2.024708337e-12	-2.024708337e-12
101240.096	30.465	-34.725	1.376451404e-11	3.0867147e-12	-3.0867147e-12
101326.971	58.927	-56.410	7.77859965e-12	1.757029499e-12	-1.757029499e-12
101458.478	47.771	-72.580	7.42479722e-12	1.66983758e-12	-1.66983758e-12
101594.387	79.848	-88.138	7.67538362e-12	1.440998443e-12	-1.440998443e-12
103239.312	84.004	-83.985	5.96785883e-12	1.255383475e-12	-1.255383475e-12
160372.140	75.404	-59.991	7.11077022e-12	1.561253713e-12	-1.561253713e-12
160526.646	46.263	-79.102	7.28184149e-12	1.641455653e-12	-1.641455653e-12
160723.458	110.210	-150.548	5.06031683e-12	9.48081258e-13	-9.48081258e-13
165051.974	101.184	-116.953	4.38232817e-12	9.90946539e-13	-9.90946539e-13
165244.289	104.438	-91.132	4.91555475e-12	1.111521791e-12	-1.111521791e-12
165419.820	71.825	-71.092	7.03962782e-12	1.552629285e-12	-1.552629285e-12
165563.976	65.571	-72.331	6.97790623e-12	1.57281078e-12	-1.57281078e-12
165762.846	87.344	-133.300	3.286350517e-12	8.50334697e-13	-8.50334697e-13
165939.818	73.347	-89.628	5.8484055e-12	1.322460595e-12	-1.322460595e-12
166132.013	89.259	-118.848	4.78805026e-12	1.059273018e-12	-1.059273018e-12
166379.289	155.389	-158.018	4.5660161e-12	8.46192399e-13	-8.46192399e-13
171618.618	76.731	-86.244	5.77270554e-12	1.29518074e-12	-1.29518074e-12
171838.569	155.148	-143.220	4.2079221e-12	8.20048758e-13	-8.20048758e-13
176383.718	87.009	-65.937	6.13987893e-12	1.393576396e-12	-1.393576396e-12
176590.543	123.391	-119.816	3.249972216e-12	7.97975955e-13	-7.97975955e-13
245246.922	119.106	-101.538	3.755283741e-12	8.92629489e-13	-8.92629489e-13
245487.290	119.441	-121.262	2.909897649e-12	7.56097616e-13	-7.56097616e-13
245808.812	166.488	-202.081	3.65860114e-12	6.82053146e-13	-6.82053146e-13
257302.199	110.747	-89.838	3.383338411e-12	8.79709124e-13	-8.79709124e-13
257520.669	125.458	-107.723	2.880510121e-12	7.51077551e-13	-7.51077551e-13
257802.314	157.227	-156.187	2.124909152e-12	5.58779882e-13	-5.58779882e-13
258049.049	86.003	-89.508	3.846662819e-12	1.001585742e-12	-1.001585742e-12
258231.743	126.460	-96.690	3.015041511e-12	7.90609223e-13	-7.90609223e-13
258494.362	139.638	-136.159	3.431734299e-12	7.54124923e-13	-7.54124923e-13
262495.852	125.964	-142.319	2.914766854e-12	7.57496644e-13	-7.57496644e-13
262792.723	97.375	-170.908	2.914044314e-12	7.59289099e-13	-7.59289099e-13
263025.730	142.680	-135.632	2.821066517e-12	7.34103022e-13	-7.34103022e-13
263326.267	155.558	-157.856	2.477525743e-12	6.48942552e-13	-6.48942552e-13
263624.444	170.786	-142.619	2.995684585e-12	7.1457618e-13	-7.1457618e-13
290833.345	190.495	-155.515	1.983604545e-12	5.18441903e-13	-5.18441903e-13
291193.744	113.423	-169.905	2.408742714e-12	6.29557439e-13	-6.29557439e-13
291533.947	219.514	-226.780	2.249593751e-12	4.85403166e-13	-4.85403166e-13
303758.616	295.513	-343.848	2.089709941e-12	4.30196743e-13	-4.30196743e-13
343790.718	222.761	-178.409	1.950894127e-12	5.10536442e-13	-5.10536442e-13
344210.619	221.580	-197.140	1.853066975e-12	4.87016971e-13	-4.87016971e-13
344586.720	206.527	-154.521	2.177268688e-12	5.67352303e-13	-5.67352303e-13
412955.099	5620.704	-6282.564	1.421683599e-12	3.736331358e-13	-3.736331358e-13
418909.097	524.201	-333.295	1.068829205e-12	2.4300767e-13	-2.4300767e-13
422973.439	196.024	-287.889	1.979935471e-12	5.20831843e-13	-5.20831843e-13
423756.132	416.247	-586.670	1.35864119e-12	3.031415379e-13	-3.031415379e-13
487820.897	494.008	-411.127	9.32729268e-13	2.240328565e-13	-2.240328565e-13
493655.017	418.708	-483.920	2.089197017e-12	4.41276616e-13	-4.41276616e-13
499224.122	527.849	-354.720	1.665644069e-12	4.37868371e-13	-4.37868371e-13
531786.120	8187.494	-4124.483	8.09511981e-13	1.908887557e-13	-1.908887557e-13
582437.485	2297.080	-3838.858	1.0759097e-12	2.333616419e-13	-2.333616419e-13
742140.306	15093.656	-8466.343	6.75088178e-13	1.162750671e-13	-1.162750671e-13
867072.517	55701.697	-17323.566	6.73356067e-13	1.106623208e-13	-1.106623208e-13
966545.215	8070.183	-8403.812	5.27092533e-13	1.196227696e-13	-1.196227696e-13
1087107.511	7745.288	-3953.555	4.88470785e-13	9.62674184e-14	-9.62674184e-14
1133031.166	9943.848	-2662.947	3.681363532e-13	8.55107828e-14	-8.55107828e-14
1288019.143	71973.821	-71550.535	4.15620094e-13	7.50310944e-14	-7.50310944e-14
1495007.936	61187.417	-43039.770	2.96403376e-13	6.31898151e-14	-6.31898151e-14
1656026.178	9247.847	-9125.414	3.90860792e-13	7.17485396e-14	-7.17485396e-14
1840813.119	8301.346	-14942.350	2.454556911e-13	6.24886337e-14	-6.24886337e-14
2152041.452	98533.719	-159786.939	1.572436806e-13	3.534580722e-14	-3.534580722e-14
2437744.353	98790.120	-44730.770	1.163870211e-13	3.256070533e-14	-3.256070533e-14
2621033.567	25300.369	-21625.721	1.225211872e-13	3.081977696e-14	-3.081977696e-14
2744519.904	69213.135	-59417.069	1.0945687e-13	2.81281249e-14	-2.81281249e-14
2910302.314	103530.753	-91896.912	8.29804239e-14	2.123393009e-14	-2.123393009e-14
3084733.954	27621.449	-42581.201	1.2510264e-13	3.315941706e-14	-3.315941706e-14
3569343.525	207208.733	-366864.319	4.54476072e-14	1.276482437e-14	-1.276482437e-14
4074102.883	105470.308	-166083.682	3.56114558e-14	1.579562956e-14	-1.262154707e-14