 -36984.3464  0.000784527307  0.000533478574
 -34491.9586  0.000580144552  0.0003944983
 -32526.7252  0.00156132392  0.00106170028
 -31308.0143  0.00121118705  0.000823607203
 -30013.919  0.00136767095  0.000930016258
 -28592.6127  0.00102179264  0.000694819003
 -25434.3279  0.000354513377  0.000241069099
 -22485.4495  0.0013759799  0.00093566634
 -21524.8279  0.00233165396  0.00158552471
 -20647.9567  0.00159743754  0.00108625754
 -19785.2219  0.00242792857  0.00165099145
 -19251.7792  0.00435043848  0.0029582982
 -18137.2492  0.000900149933  0.000612101961
 -16561.5036  0.00127435996  0.000866564781
 -15397.759  0.00162526078  0.00110517734
 -14411.4818  0.00175066033  0.00119044904
 -13414.208  0.00159105257  0.00108191576
 -12227.431  0.00125127182  0.000850864848
 -10516.6254  0.000794328479  0.000540143372
 -8980.6704  0.00169825309  0.00115481211
 -7495.49951  0.000834842102  0.000567692635
 -5540.22315  0.000866265284  0.000589060399
 -4165.53096  0.00150561364  0.00102381729
 -2892.91576  0.000728861223  0.000495625637
 -1701.3971  0.00187116449  0.00127239186
 -694.682298  0.000929094203  0.000631784064
 -11.5166115  0.0597087162  0.0406019275
  3.66238221  0.132653855  0.0902046222
  14.6559177  0.0994902081  0.0676533422
  22.5129872  0.396814273  0.269833709
  31.9405717  0.0795920775  0.0541226133
  46.0751274  0.099490365  0.0676534489
  60.7311711  0.0746355247  0.0507521573
  82.713708  0.0459271488  0.0312304615
  104.700789  0.0745950485  0.0507246335
  117.264839  0.149325818  0.101541557
  128.258375  0.0918029849  0.0624260304
  157.053514  0.037806293  0.0257082795
  230.867263  0.0160390407  0.0109065478
  374.832366  0.009021751  0.00613479074
  520.363391  0.0155686407  0.0105866758
  605.17073  0.0264605003  0.0179931404
  682.130163  0.0182513082  0.0124108897
  977.906493  0.00332192205  0.00225890702
  1489.88674  0.00317575736  0.00215951503
  1813.41083  0.0134559822  0.00915006797
  2107.09541  0.00358437888  0.00243737767
  2510.19459  0.00485571333  0.0033018851
  2923.24266  0.00343693461  0.00233711556
  3400.67146  0.00352866281  0.00239949074
  4021.01621  0.00216035959  0.00146904453
  5709.83498  0.000637439753  0.000433459036
  8287.03511  0.000652905452  0.000443975712
  10115.1033  0.00149798275  0.00101862828
  11929.0376  0.000660235078  0.000448959858
  13824.1205  0.00130687032  0.000888671827
  15278.4159  0.00101590771  0.000690817251
  16677.737  0.00143050787  0.000972745361
  18623.587  0.000609080332  0.00041417463
  20720.2052  0.00113581129  0.000772351688
  22065.0808  0.00135599224  0.000922074736
  23741.3327  0.000781814232  0.000531633683
  25867.797  0.000781814195  0.000531633658
  27850.824  0.00090373421  0.000614539269
  29584.1498  0.0010217804  0.000694810676
  31675.0139  0.000650769973  0.000442523586
  33437.1221  0.00171471271  0.00116600466
  35052.6521  0.000735128355  0.000499887287
  37200.0442  0.000817646796  0.000555999827
  38398.3503  0.00457562819  0.0031114272
  39511.3194  0.000892569507  0.000606947271
  41014.2836  0.00145408795  0.000988779819
  43090.5034  0.000552488739  0.000375692347
  46837.7422  0.000370649768  0.000252041845
  49453.1416  0.00223025015  0.00151657012
  51600.5289  0.000468396627  0.000318509709
