   1867.8597786426544        2.5365050531876918E-003   1.7248234543101283E-003
   3978.6175123155117        2.0157051152280420E-003   1.3706794927725149E-003
   5809.8256592154503        3.6601048967375002E-003   2.4888713559606105E-003
   8231.5437559485435        1.2990223296745821E-003   8.8333519347004756E-004
   10358.007060289383        6.7109524525049355E-003   4.5634477157038287E-003
   11444.796360939741        3.3470716403445244E-003   2.2760087393743984E-003
   12176.651586651802       0.22728547397115215       0.15455412392605586     
   12274.022880733013        2.8821634025613028E-002   1.9598711343565250E-002
   12508.028095573187        1.6813519832769720E-002   1.1433193606543076E-002
   12972.897515118122        7.7594201536930456E-003   5.2764057600109687E-003
   13649.785098552704        6.8302873120139884E-003   4.6445954210235342E-003
   16183.009454905987        1.0291768757461014E-003   6.9984028286859559E-004
   19173.250745534897        2.9402399261976579E-003   1.9993631708446423E-003
   20836.415440440178        2.8323297881789025E-003   1.9259842762200550E-003
   22628.361560702324        2.5232603363461005E-003   1.7158170467631126E-003
   25064.214717984200        1.5563917077347142E-003   1.0583463723917866E-003
   28555.447199642658        1.1284856525277730E-003   7.6737025179044393E-004
   31162.485399156809        4.0029501034976470E-003   2.7220060990097304E-003
   33042.379818141460        1.8418171507546869E-003   1.2524356756868900E-003
   35976.083056330681        1.3850025798050113E-003   9.4180176417371804E-004
   39082.541826844215        1.6073873220501141E-003   1.0930233904910076E-003
   42174.866051733494        1.3979358091049546E-003   9.5059636019018524E-004
   44671.968901634216        2.8159828911293499E-003   1.9148683861094371E-003
   46949.201052248478        1.6321329697743738E-003   1.1098504311204988E-003
   49765.116385519505        1.6776946215788422E-003   1.1408323546734198E-003
   52208.822043210268        2.2513468664396132E-003   1.5309158852818245E-003
   54957.205653667450        1.3542963327887502E-003   9.2092151598303234E-004
   57529.692716717720        2.7266650110648288E-003   1.8541322270267115E-003
   60510.511046886444        1.0678310331103031E-003   7.2612511015272883E-004
   63926.359240353107        1.7831205052061389E-003   1.2125219562940462E-003
   66627.627688825130        1.6797293701020875E-003   1.1422159836837801E-003
   70161.263717293739        1.0443329174225726E-003   7.1014639131700044E-004
   73308.555529505014        2.3740545124426651E-003   1.6143570854415734E-003
