Time	T_+ve	T_-ve	Flux	Fluxpos	Fluxneg
80.7673304070745	0.445120590857869	-0.334255353485645	6.99556184094505e-09	8.81052350834759e-10	-8.49254021672992e-10
81.7228610746652	0.455628925208856	-0.510410076732839	5.64013017802449e-09	7.10536881439216e-10	-6.84528845274823e-10
82.5917806131491	0.396170384306529	-0.413290613274967	6.74880922530181e-09	8.72667735964118e-10	-8.21989068519037e-10
83.3403184860955	0.316586526138238	-0.352367488639871	8.17104294652163e-09	1.06089859468178e-09	-9.91566129747928e-10
83.9792444010745	0.414176609999558	-0.322339388840831	7.56843344717078e-09	9.55523256034369e-10	-9.183870770458e-10
85.2189173381187	0.725113662018629	-0.825496327044576	6.18212047878744e-09	6.22199524107762e-10	-5.72741545760922e-10
93.900	0.624	-0.631	6.03277272e-09	8.05202176e-10	-7.56453592e-10
95.063	0.590	-0.540	6.69780384e-09	9.24946168e-10	-8.41904224e-10
96.174	0.504	-0.521	7.52250256e-09	1.058947584e-09	-9.30770776e-10
97.125	0.409	-0.447	8.75923072e-09	1.249843848e-09	-1.116265552e-09
97.960	0.422	-0.426	8.83267816e-09	1.261765856e-09	-1.125691152e-09
98.827	0.377	-0.445	9.29225872e-09	1.341504024e-09	-1.166155184e-09
99.544	0.383	-0.339	1.027897112e-08	1.519248824e-09	-1.332335736e-09
100.248	0.360	-0.321	1.1208896e-08	1.620722976e-09	-1.412848936e-09
100.896	0.361	-0.288	1.165257e-08	1.699117824e-09	-1.490451208e-09
101.714	0.358	-0.456	9.37359064e-09	1.335575528e-09	-1.164365352e-09
102.413	0.362	-0.341	1.086841512e-08	1.508535288e-09	-1.345034496e-09
103.169	0.298	-0.394	1.103606352e-08	1.515792312e-09	-1.36794008e-09
103.867	0.305	-0.400	1.0292738e-08	1.428178952e-09	-1.338627496e-09
104.508	0.318	-0.337	1.112050864e-08	1.604524704e-09	-1.429771672e-09
105.165	0.324	-0.338	1.121138312e-08	1.618376552e-09	-1.412889528e-09
105.815	0.353	-0.326	1.09178892e-08	1.572730504e-09	-1.374011336e-09
106.719	0.514	-0.552	1.631380096e-08	2.920741632e-09	-2.648375848e-09
107.826	0.562	-0.593	1.61802808e-08	2.9408818e-09	-2.474784504e-09
108.927	0.491	-0.539	1.616125072e-08	3.15116212e-09	-2.66802616e-09
109.925	0.438	-0.507	1.99414908e-08	3.55971544e-09	-2.818811336e-09
110.852	0.468	-0.489	1.902752408e-08	3.44590992e-09	-2.546610672e-09
111.876	0.469	-0.556	1.83592628e-08	3.27134024e-09	-2.356361472e-09
112.730	0.408	-0.385	2.23609976e-08	4.13674104e-09	-3.054072592e-09
113.586	0.370	-0.447	2.326148296e-08	4.14293992e-09	-2.93841876e-09
114.254	0.281	-0.299	3.329182464e-08	5.83226544e-09	-4.13795192e-09
114.872	0.298	-0.337	2.842853496e-08	5.19341272e-09	-3.83657352e-09
115.472	0.261	-0.301	3.267389744e-08	5.94218032e-09	-4.30140696e-09
116.077	0.470	-0.345	3.39922396e-08	5.669722e-09	-3.64626584e-09
116.980	0.411	-0.432	3.330250928e-08	5.56850688e-09	-3.56728e-09
117.687	0.326	-0.296	2.891637512e-08	5.41532712e-09	-3.9578576e-09
118.409	0.383	-0.396	3.68858128e-08	6.12888976e-09	-3.8343444e-09
119.084	0.324	-0.292	3.153252608e-08	5.6707712e-09	-3.9758832e-09
119.773	0.364	-0.365	3.80979656e-08	6.33949e-09	-4.16474264e-09
120.504	0.411	-0.366	4.73299624e-08	6.75852672e-09	-1.101492816e-08
121.267	0.328	-0.352	5.83746328e-08	7.81720392e-09	-1.77441564e-08
122.016	0.340	-0.421	5.15479528e-08	6.851534e-09	-1.592068464e-08
122.717	0.439	-0.361	4.79765104e-08	6.48589984e-09	-1.48781204e-08
123.572	0.406	-0.416	4.67304392e-08	6.54574208e-09	-1.39986156e-08
124.412	0.472	-0.434	3.98598992e-08	5.8628264e-09	-1.209238088e-08
125.301	0.448	-0.417	4.44235408e-08	6.18371992e-09	-1.34084836e-08
126.120	0.383	-0.371	5.31440784e-08	7.19702352e-09	-1.593353992e-08
126.887	0.407	-0.383	5.128868e-08	6.92394944e-09	-1.521618984e-08
127.755	0.470	-0.462	4.36841128e-08	5.83816848e-09	-1.296569712e-08
128.613	0.499	-0.387	4.43022808e-08	5.67647128e-09	-1.303454184e-08
129.564	0.432	-0.453	4.55813072e-08	5.69469296e-09	-1.386632008e-08
130.469	0.454	-0.473	4.2446676e-08	5.62273848e-09	-1.29382528e-08
131.369	0.413	-0.446	2.930174456e-08	4.63594696e-09	-9.25106472e-09
132.342	0.598	-0.560	3.3510846e-08	4.38365736e-09	-1.038777144e-08
133.399	0.387	-0.458	3.10324808e-08	4.81767872e-09	-9.61041744e-09
134.349	0.466	-0.564	3.76773912e-08	5.03350432e-09	-1.150538272e-08
135.261	0.375	-0.445	3.120970272e-08	4.95096152e-09	-9.67127448e-09
136.134	0.489	-0.499	2.591886576e-08	4.05877e-09	-7.89884544e-09
137.042	0.462	-0.419	2.882869984e-08	4.3860516e-09	-9.031634e-09
138.145	0.547	-0.642	2.224248616e-08	3.414203096e-09	-6.84148576e-09
139.208	0.491	-0.516	2.60431048e-08	3.90302744e-09	-8.38776576e-09
140.351	0.405	-0.652	2.580520816e-08	3.78140624e-09	-8.12634984e-09
141.266	0.454	-0.511	2.68056668e-08	4.15812752e-09	-7.64022624e-09
142.451	0.659	-0.731	1.831327e-08	2.813222712e-09	-5.75505464e-09
143.458	0.267	-0.349	1.975027496e-08	2.633031728e-09	-2.762263584e-09
143.999	0.304	-0.274	1.778801296e-08	2.304673752e-09	-2.336565304e-09
144.582	0.271	-0.279	1.90521304e-08	2.442047056e-09	-2.411196792e-09
145.233	0.383	-0.380	1.347601768e-08	1.748652448e-09	-1.773391208e-09
146.025	0.367	-0.409	1.338098768e-08	1.735192416e-09	-1.740188328e-09
146.837	0.464	-0.445	1.15205772e-08	1.578976512e-09	-1.463226704e-09
147.727	0.318	-0.426	1.408439888e-08	1.877217976e-09	-1.79634048e-09
148.383	0.365	-0.338	1.503855512e-08	2.065256976e-09	-1.885989632e-09
149.242	0.491	-0.495	1.04352572e-08	1.503489152e-09	-1.361778352e-09
150.215	0.655	-0.481	8.79836072e-09	1.277161576e-09	-1.189753584e-09
151.270	0.467	-0.400	1.20885384e-08	1.708695128e-09	-1.555785752e-09
152.236	0.584	-0.500	9.49277288e-09	1.366849944e-09	-1.24670932e-09
153.364	0.433	-0.544	1.04338296e-08	1.517500616e-09	-1.375761264e-09
154.408	0.656	-0.611	8.40577072e-09	1.168151416e-09	-1.047734216e-09
155.750	0.603	-0.687	8.10625336e-09	1.146348352e-09	-1.037902696e-09
157.108	0.709	-0.755	7.0123368e-09	9.5693748e-10	-9.14435936e-10
158.440	0.451	-0.622	7.95619024e-09	1.021407552e-09	-9.92128336e-10
159.400	0.408	-0.510	8.1506156e-09	1.080985256e-09	-1.022226616e-09
160.324	0.641	-0.515	6.47017216e-09	8.34944416e-10	-8.12285136e-10
161.527	0.454	-0.562	7.29633288e-09	9.95059904e-10	-9.25521336e-10
162.556	0.681	-0.575	5.95696888e-09	7.9771364e-10	-7.4681712e-10
163.819	0.713	-0.582	5.66850424e-09	7.3889824e-10	-7.30461984e-10
165.110	0.500	-0.579	6.94016216e-09	9.1750648e-10	-8.70482024e-10
166.404	0.628	-0.794	5.31304216e-09	6.72992312e-10	-6.59678824e-10
167.942	0.812	-0.910	4.30387e-09	6.1283772e-10	-5.46904272e-10
169.349	0.602	-0.595	6.11682568e-09	8.8842644e-10	-7.78693192e-10
170.396	0.281	-0.445	5.04825848e-09	6.3473848e-10	-6.27797936e-10
170.944	0.307	-0.267	4.47032816e-09	5.54962472e-10	-5.5659028e-10
171.558	0.279	-0.306	4.34380152e-09	5.46665192e-10	-5.48232112e-10
172.152	0.317	-0.315	4.02565656e-09	5.0657612e-10	-5.0799168e-10
172.753	0.299	-0.284	4.40211296e-09	5.46405128e-10	-5.47943152e-10
173.294	0.297	-0.242	3.377088592e-09	4.93445984e-10	-4.94482456e-10
173.888	0.333	-0.297	4.12063152e-09	5.04662104e-10	-5.06180176e-10
174.604	0.307	-0.383	3.81559984e-09	4.63812792e-10	-4.65185352e-10
175.196	0.244	-0.284	4.86158e-09	6.03349512e-10	-6.04985576e-10
175.725	0.300	-0.286	4.43375064e-09	5.42805512e-10	-5.44289528e-10
176.344	0.215	-0.318	3.265745768e-09	4.8751852e-10	-4.88417736e-10
176.830	0.259	-0.271	4.79567304e-09	6.03274176e-10	-6.04814608e-10
177.386	0.244	-0.297	3.22271756e-09	4.81077464e-10	-4.81951912e-10
177.914	0.260	-0.285	4.67029536e-09	5.87586056e-10	-5.89147816e-10
178.503	0.303	-0.328	4.1089424e-09	5.03128208e-10	-5.04567504e-10
179.073	0.272	-0.267	3.233358856e-09	4.826836e-10	-4.83573528e-10
179.596	0.299	-0.251	3.215802128e-09	4.88415672e-10	-4.892884e-10
180.210	0.233	-0.315	3.180869616e-09	4.74877552e-10	-4.75775048e-10
180.728	0.346	-0.285	3.275016224e-09	4.54069336e-10	-4.55078976e-10
181.340	0.312	-0.266	3.199177984e-09	4.7518784e-10	-4.76112856e-10
181.910	0.295	-0.258	3.157940984e-09	4.71543504e-10	-4.72499824e-10
182.659	0.421	-0.453	2.000181808e-09	2.986910376e-10	-2.99314228e-10
183.336	0.329	-0.256	3.051363248e-09	4.50673024e-10	-4.516118e-10
183.975	0.331	-0.311	2.720424928e-09	4.06186256e-10	-4.0698984e-10
184.602	0.270	-0.295	3.088285112e-09	4.61139912e-10	-4.6207284e-10
185.253	0.351	-0.380	2.317363224e-09	3.60374744e-10	-3.61040384e-10
185.980	0.227	-0.376	2.896971576e-09	4.32544568e-10	-4.33399064e-10
186.554	0.347	-0.347	2.40415064e-09	3.81661464e-10	-3.82340176e-10
187.213	0.268	-0.312	3.012520832e-09	4.49830568e-10	-4.50743888e-10
188.012	0.446	-0.531	1.761876152e-09	2.684396432e-10	-2.689470776e-10
188.721	0.286	-0.264	3.319490264e-09	4.84911344e-10	-4.85843584e-10
189.371	0.401	-0.364	3.40049676e-09	4.16262704e-10	-4.173666e-10
190.271	0.343	-0.498	2.044965792e-09	3.116052448e-10	-3.122193192e-10
191.084	0.389	-0.470	2.002239616e-09	3.051358088e-10	-3.057664984e-10
191.825	0.378	-0.351	2.393548216e-09	3.57427352e-10	-3.58168672e-10
192.675	0.437	-0.472	1.92047976e-09	2.867084168e-10	-2.872479464e-10
193.500	0.339	-0.388	2.327066088e-09	3.61833648e-10	-3.62465232e-10
194.248	0.354	-0.409	2.287493016e-09	3.41520276e-10	-3.42177832e-10
194.999	0.422	-0.397	2.068997976e-09	3.217091784e-10	-3.222725472e-10
195.866	0.355	-0.445	2.147879584e-09	3.27201276e-10	-3.27783152e-10
196.641	0.376	-0.419	2.162295248e-09	3.294341456e-10	-3.300469816e-10
197.264	0.369	-0.247	2.665097e-09	4.31930872e-10	-4.32626784e-10
198.002	0.349	-0.369	2.392469088e-09	3.64449768e-10	-3.65089264e-10
198.772	0.448	-0.421	1.919975456e-09	3.047401056e-10	-3.052395592e-10
199.709	0.395	-0.489	1.974588552e-09	2.948328024e-10	-2.954214896e-10
200.531	0.466	-0.428	1.954920696e-09	2.918868552e-10	-2.924628488e-10
201.453	0.321	-0.456	2.211777928e-09	3.370333808e-10	-3.377044216e-10
202.394	0.457	-0.620	1.599862128e-09	2.438794192e-10	-2.444307824e-10
203.387	0.469	-0.536	1.687179304e-09	2.624370496e-10	-2.629672224e-10
204.369	0.628	-0.513	1.487139864e-09	2.313132712e-10	-2.317747472e-10
205.482	0.575	-0.486	1.649214088e-09	2.462964664e-10	-2.468220984e-10
206.662	0.570	-0.606	1.487052832e-09	2.22041164e-10	-2.224874696e-10
207.768	0.538	-0.535	1.580856472e-09	2.458580728e-10	-2.463251904e-10
208.894	0.552	-0.589	1.510277648e-09	2.30151652e-10	-2.306198704e-10
209.989	0.499	-0.543	1.67736292e-09	2.504942296e-10	-2.5102454e-10
211.051	0.626	-0.562	1.471440048e-09	2.197367768e-10	-2.201981496e-10
212.232	0.539	-0.556	1.604246064e-09	2.395048744e-10	-2.399606744e-10
213.285	0.589	-0.514	1.55622848e-09	2.470977112e-10	-2.475698168e-10
214.290	0.452	-0.416	2.070922656e-09	3.09241208e-10	-3.09876748e-10
215.436	0.652	-0.693	1.316633856e-09	2.006074528e-10	-2.009902904e-10
216.699	0.575	-0.612	1.515181024e-09	2.26248456e-10	-2.267084872e-10
217.948	0.616	-0.674	1.393944416e-09	2.081653048e-10	-2.086032856e-10
219.304	0.665	-0.740	1.221344136e-09	1.939432096e-10	-1.943269416e-10
220.673	0.718	-0.704	1.264842248e-09	1.888908128e-10	-1.892917448e-10
222.041	0.572	-0.650	1.471055456e-09	2.196828376e-10	-2.201464464e-10
223.132	0.822	-0.519	1.328367696e-09	1.98352636e-10	-1.987554944e-10
224.494	0.497	-0.540	1.661464272e-09	2.53170756e-10	-2.536710696e-10
225.621	0.702	-0.629	1.195768768e-09	2.021606472e-10	-2.024541136e-10
226.915	0.522	-0.592	1.571043872e-09	2.346376872e-10	-2.351495248e-10
228.068	0.619	-0.632	1.398988144e-09	2.089235152e-10	-2.09367e-10
229.183	0.573	-0.496	1.636395272e-09	2.443464336e-10	-2.448419312e-10
230.664	0.748	-0.908	1.008548832e-09	1.601205792e-10	-1.604142864e-10
232.189	0.604	-0.776	1.190879496e-09	1.930835536e-10	-1.93451668e-10
233.360	0.474	-0.567	1.655805472e-09	2.523400648e-10	-2.528616376e-10
234.401	0.638	-0.567	1.365630464e-09	2.213650664e-10	-2.217494176e-10
235.570	0.553	-0.532	1.613081704e-09	2.408642248e-10	-2.413518792e-10
236.701	0.584	-0.577	1.50685932e-09	2.250094368e-10	-2.254695368e-10
237.669	0.397	-0.384	2.241413872e-09	3.347341536e-10	-3.354466464e-10
238.758	0.702	-0.691	1.12397528e-09	1.942022416e-10	-1.945102936e-10
240.317	0.833	-0.857	9.73253056e-10	1.577728824e-10	-1.58054928e-10
241.957	0.695	-0.807	1.077893728e-09	1.784287064e-10	-1.787201088e-10
243.309	0.492	-0.658	1.523188656e-09	2.274166112e-10	-2.278589608e-10
244.221	0.532	-0.420	1.839275808e-09	2.746353928e-10	-2.751886136e-10
245.325	0.524	-0.572	1.598669136e-09	2.387133648e-10	-2.391975448e-10
246.486	0.578	-0.637	1.420060552e-09	2.163787176e-10	-2.16801012e-10
247.824	0.514	-0.760	1.33387892e-09	2.075155576e-10	-2.079595584e-10
248.976	0.619	-0.638	1.3718548e-09	2.090517584e-10	-2.094728832e-10
250.413	0.556	-0.818	1.179358248e-09	1.952482768e-10	-1.955845368e-10
251.675	0.656	-0.707	1.285606432e-09	1.919658632e-10	-1.923545832e-10
253.110	0.572	-0.778	1.277867464e-09	1.947230576e-10	-1.951107112e-10
254.347	0.762	-0.665	1.227881168e-09	1.83331704e-10	-1.836922848e-10
255.900	0.712	-0.791	1.130073024e-09	1.757430296e-10	-1.760710336e-10
257.623	0.877	-1.011	9.27980248e-10	1.38575068e-10	-1.388626864e-10
259.062	0.682	-0.562	1.38729524e-09	2.113868648e-10	-2.117997336e-10
260.405	0.630	-0.662	1.335702808e-09	2.03558388e-10	-2.039800632e-10
261.677	0.819	-0.642	1.19924936e-09	1.790983368e-10	-1.794807616e-10
263.295	0.535	-0.800	1.292969408e-09	1.970357008e-10	-1.974362544e-10
264.264	0.522	-0.434	1.805835224e-09	2.751907464e-10	-2.75749712e-10
265.313	0.814	-0.527	1.307309048e-09	1.952310768e-10	-1.956442552e-10
266.865	0.596	-0.738	1.32635392e-09	2.021494672e-10	-2.02579536e-10
268.233	0.581	-0.771	1.328963504e-09	1.984719008e-10	-1.98897016e-10
269.373	0.521	-0.559	1.613731864e-09	2.509138064e-10	-2.51349104e-10
270.316	0.579	-0.422	1.793970664e-09	2.678489264e-10	-2.683727352e-10
271.566	0.512	-0.671	1.518805408e-09	2.268201496e-10	-2.273035728e-10
272.618	0.600	-0.540	1.551911624e-09	2.364862056e-10	-2.369598592e-10
273.790	0.510	-0.572	1.661224504e-09	2.480302952e-10	-2.485160576e-10
274.869	0.495	-0.569	1.663500408e-09	2.535023376e-10	-2.540187848e-10
275.982	0.588	-0.618	1.467205752e-09	2.23575576e-10	-2.240213656e-10
277.190	0.635	-0.619	1.432740392e-09	2.139639752e-10	-2.144176768e-10
278.339	0.621	-0.514	1.594510176e-09	2.402342576e-10	-2.407334704e-10
279.512	0.529	-0.552	1.63626696e-09	2.493511176e-10	-2.498582424e-10
280.621	0.646	-0.580	1.39968956e-09	2.222150904e-10	-2.226195312e-10
282.025	0.669	-0.758	1.2024692e-09	1.908976056e-10	-1.912401952e-10
283.346	0.678	-0.652	1.331795312e-09	2.029134224e-10	-2.03297636e-10
284.700	0.565	-0.677	1.381615112e-09	2.193473688e-10	-2.19747888e-10
285.895	0.640	-0.630	1.39334964e-09	2.12370292e-10	-2.128294632e-10
287.015	0.422	-0.480	1.987127352e-09	2.967780536e-10	-2.974237072e-10
288.181	0.697	-0.744	1.192097256e-09	1.816874184e-10	-1.820739368e-10
289.527	0.648	-0.649	1.344854584e-09	2.00864696e-10	-2.013091096e-10
290.603	0.484	-0.427	1.91481924e-09	2.859629688e-10	-2.865736376e-10
291.810	0.481	-0.724	1.44815228e-09	2.162097104e-10	-2.166276016e-10
292.932	0.663	-0.641	1.317335616e-09	2.007099304e-10	-2.010896376e-10
294.145	0.555	-0.550	1.531087584e-09	2.380913096e-10	-2.3852444e-10
295.400	0.591	-0.700	1.35040124e-09	2.01593632e-10	-2.019672848e-10
296.581	0.656	-0.590	1.40055988e-09	2.091203864e-10	-2.095363856e-10
297.852	0.708	-0.616	1.277844416e-09	1.987356112e-10	-1.991151464e-10
299.098	0.528	-0.537	1.611488984e-09	2.45559068e-10	-2.460469976e-10
300.301	0.600	-0.675	1.346261544e-09	2.050890848e-10	-2.054566488e-10
301.410	0.497	-0.509	1.734615184e-09	2.589691856e-10	-2.594627224e-10
302.531	0.632	-0.624	1.388183792e-09	2.072279736e-10	-2.076076464e-10
303.793	0.689	-0.630	1.322634248e-09	1.974643936e-10	-1.9784214e-10
304.941	0.380	-0.460	2.076395008e-09	3.100847992e-10	-3.107411168e-10
306.050	0.692	-0.729	1.208113208e-09	1.8417502e-10	-1.84601064e-10
307.447	0.541	-0.704	1.378956336e-09	2.101514576e-10	-2.105879248e-10
308.610	0.722	-0.622	1.202358088e-09	1.990486512e-10	-1.993861496e-10
309.816	0.551	-0.484	1.64062028e-09	2.552504768e-10	-2.558067592e-10
311.029	0.604	-0.663	1.341053728e-09	2.086077232e-10	-2.090364848e-10
312.491	0.781	-0.858	1.004480344e-09	1.628466072e-10	-1.63146128e-10
313.863	0.548	-0.591	1.4919022e-09	2.32074268e-10	-2.325519464e-10
315.108	0.566	-0.697	1.365783888e-09	2.08155432e-10	-2.08595752e-10
316.179	0.682	-0.505	1.476091272e-09	2.204399128e-10	-2.209088192e-10
317.464	0.429	-0.603	1.313281232e-09	2.72063924e-10	-2.723742464e-10
318.474	0.443	-0.581	1.70927408e-09	2.55270532e-10	-2.558185584e-10
319.561	0.605	-0.644	1.378661872e-09	2.101133768e-10	-2.10554316e-10
320.689	0.452	-0.523	1.737020432e-09	2.701686216e-10	-2.706990696e-10
321.658	0.631	-0.517	1.521717024e-09	2.272591624e-10	-2.277465072e-10
322.898	0.404	-0.610	1.66996176e-09	2.597274648e-10	-2.602293608e-10
323.959	0.567	-0.657	1.405093112e-09	2.140734704e-10	-2.14473164e-10
325.424	0.652	-0.897	1.12686316e-09	1.68246788e-10	-1.685760648e-10
326.592	0.580	-0.516	1.5693022e-09	2.391280912e-10	-2.3960116e-10
327.786	0.656	-0.614	1.374666656e-09	2.052886736e-10	-2.057222168e-10
329.082	0.552	-0.640	1.464922624e-09	2.187918088e-10	-2.1927162e-10
330.254	0.692	-0.619	1.312320784e-09	1.99970124e-10	-2.00366068e-10
331.302	0.394	-0.357	2.327683568e-09	3.47602712e-10	-3.48331648e-10
332.325	0.704	-0.629	1.291670808e-09	1.967910136e-10	-1.971571328e-10
333.686	0.745	-0.657	1.246557272e-09	1.86087488e-10	-1.864296304e-10
334.817	0.532	-0.386	1.817459672e-09	2.884990056e-10	-2.889939184e-10
335.997	0.763	-0.647	1.21998912e-09	1.858923368e-10	-1.862543624e-10
337.257	0.416	-0.497	1.914794472e-09	2.858652728e-10	-2.86407348e-10
338.376	0.571	-0.703	1.371877504e-09	2.04833768e-10	-2.052382776e-10
339.658	0.690	-0.712	1.227767304e-09	1.87091968e-10	-1.874668592e-10
341.104	0.656	-0.755	1.237078352e-09	1.84754488e-10	-1.851538376e-10
342.424	0.604	-0.665	1.374956992e-09	2.053178792e-10	-2.057411024e-10
343.670	0.502	-0.642	1.478648568e-09	2.299430848e-10	-2.30365792e-10
344.801	0.534	-0.630	1.49901956e-09	2.238331632e-10	-2.242868304e-10
345.988	0.692	-0.653	1.238082832e-09	1.965291952e-10	-1.968659024e-10
347.492	0.857	-0.812	1.01362352e-09	1.575837512e-10	-1.578414416e-10
348.833	0.644	-0.484	1.546311992e-09	2.308608768e-10	-2.313040864e-10
350.301	0.964	-0.824	9.60775832e-10	1.463729632e-10	-1.466416616e-10
351.834	0.652	-0.569	1.389379192e-09	2.160749656e-10	-2.16482468e-10
352.973	0.646	-0.488	1.473869376e-09	2.339981912e-10	-2.34428604e-10
354.282	0.568	-0.663	1.335284848e-09	2.164622408e-10	-2.168497912e-10
355.514	0.658	-0.664	1.323513168e-09	1.97657584e-10	-1.980806696e-10
357.153	0.590	-0.981	1.113691056e-09	1.663161568e-10	-1.666678968e-10
358.633	0.634	-0.891	1.130149048e-09	1.7218404e-10	-1.725053704e-10
360.103	0.718	-0.835	1.109429584e-09	1.68991032e-10	-1.692797512e-10
361.535	0.847	-0.715	1.105704408e-09	1.683992488e-10	-1.68668704e-10
363.095	0.656	-0.712	1.312592544e-09	1.959093072e-10	-1.962426088e-10
364.793	0.933	-1.042	8.95635648e-10	1.364292304e-10	-1.366651456e-10
366.508	0.474	-0.782	1.429731424e-09	2.13452344e-10	-2.138596744e-10
367.962	0.607	-0.980	1.131587656e-09	1.68950268e-10	-1.692795104e-10
369.248	0.607	-0.679	1.40607936e-09	2.118032768e-10	-2.122132904e-10
370.533	0.552	-0.678	1.394625192e-09	2.213935496e-10	-2.217837144e-10
371.697	0.723	-0.613	1.323764632e-09	2.017005128e-10	-2.020900928e-10
373.185	0.801	-0.765	1.126078152e-09	1.68148748e-10	-1.684917504e-10
374.726	0.807	-0.739	1.06343128e-09	1.7238442e-10	-1.726874152e-10
376.724	0.899	-1.192	8.36994312e-10	1.249932256e-10	-1.252563168e-10
378.573	0.831	-0.950	9.67655488e-10	1.47456804e-10	-1.477534696e-10
380.260	0.857	-0.857	1.021249312e-09	1.525033184e-10	-1.528201424e-10
382.154	0.901	-1.036	8.62216392e-10	1.368883672e-10	-1.371394184e-10
383.784	0.875	-0.730	1.074440656e-09	1.63730584e-10	-1.640608584e-10
385.746	0.858	-1.086	9.00494648e-10	1.344823968e-10	-1.347700496e-10
387.471	1.015	-0.867	9.16256384e-10	1.396336936e-10	-1.399214152e-10
389.614	1.053	-1.128	7.906926e-10	1.204921576e-10	-1.207359848e-10
391.777	1.497	-1.109	6.1101624e-10	1.033243904e-10	-1.034918152e-10
394.445	1.131	-1.171	7.48251256e-10	1.1402138e-10	-1.142497616e-10
396.241	0.904	-0.665	1.080361928e-09	1.6802766e-10	-1.683523616e-10
397.936	0.857	-0.791	1.06104736e-09	1.584485672e-10	-1.587793576e-10
399.947	1.019	-1.155	7.7978436e-10	1.2127462e-10	-1.215057192e-10
402.313	1.340	-1.346	6.40864088e-10	9.76593984e-11	-9.78565448e-11
404.810	1.009	-1.156	7.83347512e-10	1.243998944e-10	-1.246520808e-10
407.266	0.965	-1.447	7.45014216e-10	1.113068416e-10	-1.115772944e-10
409.338	0.957	-1.107	8.70897576e-10	1.30101316e-10	-1.304080952e-10
411.632	1.153	-1.338	7.21595728e-10	1.077842128e-10	-1.080286592e-10
413.879	1.228	-1.093	7.5076624e-10	1.167817736e-10	-1.170189272e-10
416.002	0.912	-0.895	9.72156728e-10	1.451856816e-10	-1.454969672e-10
418.414	1.215	-1.499	6.34355608e-10	9.66656168e-11	-9.68593232e-11
421.145	1.138	-1.515	6.39290288e-10	9.9419956e-11	-9.96060944e-11
423.835	1.141	-1.553	6.49173064e-10	9.69408168e-11	-9.71420568e-11
426.159	1.215	-1.183	7.17994392e-10	1.09418832e-10	-1.096439112e-10
428.652	1.423	-1.278	6.37468808e-10	9.71402336e-11	-9.73350064e-11
431.899	1.649	-1.824	4.50167e-10	7.77728272e-11	-7.78905784e-11
434.567	1.071	-1.019	7.98323208e-10	1.267645848e-10	-1.270117144e-10
437.904	1.777	-2.266	4.26311976e-10	6.49830448e-11	-6.51278e-11
441.234	1.428	-1.554	5.6031408e-10	8.89623216e-11	-8.91291272e-11
444.380	1.687	-1.718	5.06155408e-10	7.71269328e-11	-7.7279256e-11
447.671	1.738	-1.604	5.23874848e-10	7.98274704e-11	-7.99854696e-11
450.458	1.126	-1.050	7.8852196e-10	1.251952912e-10	-1.254298992e-10
452.853	1.429	-1.268	6.46178888e-10	1.005082688e-10	-1.00708752e-10
455.536	1.464	-1.254	6.51079168e-10	9.9229552e-11	-9.94396328e-11
458.416	1.626	-1.416	5.63859688e-10	8.95314352e-11	-8.97037792e-11
461.587	1.875	-1.544	4.93664768e-10	8.00246168e-11	-8.01656912e-11
465.407	1.288	-1.945	5.55728216e-10	8.2967124e-11	-8.31250544e-11
468.708	2.029	-2.014	4.39503e-10	6.56153168e-11	-6.57401544e-11
472.606	1.677	-1.869	4.93322488e-10	7.36598944e-11	-7.3807092e-11
476.168	1.691	-1.885	4.59629752e-10	7.45033136e-11	-7.463166e-11
479.744	1.483	-1.885	5.11778776e-10	7.79960144e-11	-7.81589328e-11
483.487	1.636	-2.261	4.35711432e-10	6.77782168e-11	-6.79182248e-11
486.627	1.465	-1.504	5.89521056e-10	8.80420528e-11	-8.82313216e-11
490.233	1.919	-2.141	4.3118336e-10	6.43826616e-11	-6.451204e-11
493.960	1.605	-1.808	5.13047448e-10	7.66089032e-11	-7.67647352e-11
497.333	1.923	-1.769	4.742298e-10	7.0825816e-11	-7.09795152e-11
501.017	1.917	-1.760	2.742246568e-10	6.06014136e-11	-6.06643312e-11
504.976	1.692	-2.043	3.76705456e-10	7.44459e-11	-7.45383672e-11
508.440	1.706	-1.772	4.95556768e-10	7.55098576e-11	-7.5657468e-11
512.247	1.764	-2.100	4.54952728e-10	6.93187176e-11	-6.94512264e-11
516.588	2.593	-2.577	3.430420288e-10	5.2286796e-11	-5.2400832e-11
521.636	1.959	-2.455	4.01537784e-10	6.11835992e-11	-6.13030704e-11
525.133	1.952	-1.539	4.60388616e-10	7.95411592e-11	-7.96633136e-11
529.611	2.159	-2.525	3.72000224e-10	5.78485536e-11	-5.79542992e-11
533.566	1.660	-1.797	5.04234168e-10	7.84118416e-11	-7.85552208e-11
537.681	2.223	-2.454	3.72703704e-10	5.79641376e-11	-5.80746648e-11
541.820	1.621	-1.916	5.00543392e-10	7.62584016e-11	-7.6399304e-11
545.212	2.057	-1.772	4.42589712e-10	6.88176128e-11	-6.89375312e-11
549.099	1.386	-1.829	5.35292208e-10	8.15466104e-11	-8.16929824e-11
552.164	1.265	-1.679	5.84455312e-10	8.90360408e-11	-8.91957944e-11
555.257	1.901	-1.828	4.81063016e-10	7.18220056e-11	-7.19601216e-11
559.219	2.363	-2.061	4.01913776e-10	6.12545664e-11	-6.138422e-11
563.897	1.948	-2.315	3.8183312e-10	6.459288e-11	-6.47150344e-11
568.077	2.187	-2.232	3.9612976e-10	5.9170236e-11	-5.93048432e-11
571.911	2.001	-1.647	4.2205188e-10	7.4527428e-11	-7.4643356e-11
576.127	2.704	-2.215	3.563238e-10	5.43046312e-11	-5.441822e-11
580.667	1.850	-1.836	3.138098376e-10	6.17225096e-11	-6.17991528e-11
584.607	2.016	-2.090	4.36173768e-10	6.51258736e-11	-6.52553552e-11
588.040	1.985	-1.416	3.274044768e-10	6.36223184e-11	-6.36949024e-11
592.235	2.264	-2.210	3.91064016e-10	5.8399676e-11	-5.8522484e-11
596.751	2.231	-2.251	3.84388352e-10	5.85828904e-11	-5.87062832e-11
601.126	2.445	-2.145	3.63610752e-10	5.77255392e-11	-5.78296336e-11
605.710	2.465	-2.138	3.28318588e-10	5.92688952e-11	-5.9361328e-11
610.400	2.060	-2.226	3.96651264e-10	6.1708268e-11	-6.18402952e-11
614.655	2.557	-2.195	3.410421848e-10	5.64716248e-11	-5.6576476e-11
619.615	1.692	-2.403	4.18177752e-10	6.64125024e-11	-6.65497584e-11
623.933	1.756	-2.626	3.80078032e-10	6.29281264e-11	-6.30397544e-11
627.875	1.766	-2.185	3.98863872e-10	7.0415596e-11	-7.05126384e-11
631.946	2.519	-2.305	3.63049688e-10	5.42010528e-11	-5.43040464e-11
636.532	1.905	-2.067	4.07511344e-10	6.7464592e-11	-6.75801416e-11
640.361	1.515	-1.924	5.01083816e-10	7.63516944e-11	-7.65007152e-11
643.991	2.511	-2.115	3.66720168e-10	5.70293176e-11	-5.71349256e-11
648.304	1.779	-1.802	4.58921456e-10	7.43888992e-11	-7.45173144e-11
652.323	1.740	-2.240	4.05443216e-10	6.71139528e-11	-6.72228632e-11
655.815	1.821	-1.752	4.66351856e-10	7.40288688e-11	-7.41568024e-11
659.582	2.137	-1.946	4.29765736e-10	6.41895056e-11	-6.43320936e-11
664.047	2.164	-2.328	3.82516304e-10	6.07566952e-11	-6.08879656e-11
667.950	1.611	-1.739	4.56187e-10	8.42074504e-11	-8.43366224e-11
671.343	1.730	-1.782	3.14634956e-10	6.3102672e-11	-6.31815168e-11
674.974	2.255	-1.901	2.927295864e-10	5.60825608e-11	-5.61548352e-11
679.241	1.721	-2.011	3.125585376e-10	5.71263944e-11	-5.72021088e-11
682.546	2.237	-1.584	4.5635728e-10	6.95300712e-11	-6.96611008e-11
686.671	2.014	-1.888	4.53529944e-10	6.9116824e-11	-6.9259756e-11
690.816	2.201	-2.131	4.08456312e-10	6.22546776e-11	-6.23884936e-11
694.878	1.741	-1.861	4.85805744e-10	7.25579936e-11	-7.27178504e-11
698.438	1.625	-1.818	5.00727088e-10	7.6321732e-11	-7.64884688e-11
702.276	1.745	-2.214	4.22103824e-10	6.70394768e-11	-6.718062e-11
705.776	1.688	-1.755	3.308821104e-10	6.23489336e-11	-6.24291544e-11
709.334	2.051	-1.870	4.3238736e-10	6.72379304e-11	-6.73599816e-11
712.730	1.508	-1.346	5.94122056e-10	9.2393928e-11	-9.25656528e-11
716.493	2.380	-2.255	3.8123456e-10	5.8096956e-11	-5.82154984e-11
720.741	2.181	-1.868	4.23738856e-10	6.72859528e-11	-6.74179112e-11
725.068	1.714	-2.145	4.45063416e-10	7.06630696e-11	-7.07950624e-11
728.693	1.650	-1.912	4.978798e-10	7.58780408e-11	-7.60367968e-11
732.708	2.330	-2.365	3.83484664e-10	5.72912392e-11	-5.74288048e-11
737.079	1.985	-2.041	4.33198512e-10	6.73986472e-11	-6.75461888e-11
741.181	2.835	-2.116	3.118387176e-10	5.1710424e-11	-5.18077416e-11
745.467	1.550	-1.451	5.95774288e-10	8.90078328e-11	-8.92224544e-11
749.373	1.974	-2.356	3.74350088e-10	6.199396e-11	-6.21142224e-11
753.794	1.932	-2.446	3.8837428e-10	6.04255264e-11	-6.05583792e-11
757.554	1.629	-1.828	5.08153704e-10	7.74740976e-11	-7.76583096e-11
761.405	1.866	-2.223	4.20764976e-10	6.6834728e-11	-6.69812032e-11
765.916	2.262	-2.645	3.67114392e-10	5.48509376e-11	-5.49865768e-11
770.139	2.864	-1.961	3.27389788e-10	5.78187976e-11	-5.79139824e-11
775.430	1.894	-2.427	4.09447032e-10	6.23969904e-11	-6.25247864e-11
778.990	2.031	-1.666	3.1923286e-10	5.8356504e-11	-5.84413e-11
782.858	2.647	-1.836	3.5557216e-10	6.01401784e-11	-6.02463368e-11
786.976	1.413	-1.471	5.98621576e-10	9.12421128e-11	-9.14407728e-11
790.790	2.094	-2.401	3.75052192e-10	6.08235344e-11	-6.09500576e-11
794.811	2.157	-1.926	3.425979248e-10	5.80080664e-11	-5.81166672e-11
799.357	1.876	-2.389	2.74857032e-10	5.17992792e-11	-5.18712096e-11
803.084	2.105	-1.851	4.41065104e-10	6.86050896e-11	-6.8742552e-11
807.158	1.636	-1.968	4.69106952e-10	7.60574712e-11	-7.62015728e-11
811.106	1.965	-2.312	4.20655928e-10	6.27983696e-11	-6.29155704e-11
815.289	1.548	-2.219	4.7041828e-10	7.16878112e-11	-7.18341832e-11
819.086	1.564	-2.249	4.36234312e-10	7.22426488e-11	-7.23831384e-11
822.926	1.999	-2.276	3.370498584e-10	5.550698e-11	-5.56144112e-11
826.769	1.865	-1.844	4.71735456e-10	7.04475536e-11	-7.05962648e-11
830.883	2.046	-2.249	3.89038544e-10	6.17717016e-11	-6.18898312e-11
834.676	1.667	-1.747	3.4180528e-10	6.24816488e-11	-6.25716048e-11
838.158	1.931	-1.814	4.53303248e-10	7.04998416e-11	-7.06346208e-11
842.348	1.507	-2.259	3.09799176e-10	5.6621712e-11	-5.66964976e-11
845.684	1.601	-1.829	3.0933168e-10	6.40353936e-11	-6.41041936e-11
849.618	1.729	-2.333	2.872332576e-10	5.25054424e-11	-5.25807096e-11
853.070	1.771	-1.723	5.01370024e-10	7.4883812e-11	-7.50496888e-11
857.269	2.025	-2.428	3.7597996e-10	5.97084584e-11	-5.98300624e-11
861.531	2.405	-2.237	3.66375136e-10	5.69951928e-11	-5.71149392e-11
866.191	2.613	-2.255	3.53530176e-10	5.38761792e-11	-5.39869128e-11
871.128	1.970	-2.324	4.00683976e-10	6.1048304e-11	-6.11637504e-11
875.319	2.031	-2.221	3.92449648e-10	6.2313708e-11	-6.24331792e-11
879.575	2.058	-2.224	3.95896184e-10	6.1574624e-11	-6.16946112e-11
883.466	2.298	-1.833	4.16842e-10	6.3510656e-11	-6.36310904e-11
887.528	2.047	-1.764	2.922225992e-10	5.67881048e-11	-5.68546688e-11
891.482	2.220	-1.908	4.11103048e-10	6.39354272e-11	-6.40567904e-11
895.620	2.038	-1.917	4.34077088e-10	6.7518428e-11	-6.76538952e-11
899.150	1.868	-1.493	5.18944296e-10	8.07277872e-11	-8.0896072e-11
902.896	1.896	-1.878	4.76564184e-10	7.11909032e-11	-7.13573648e-11
906.844	1.789	-2.053	4.250034e-10	7.03802328e-11	-7.05152184e-11
910.778	2.779	-2.146	3.069646504e-10	5.13589592e-11	-5.14425168e-11
915.574	2.666	-2.016	3.39712728e-10	5.31383336e-11	-5.32390912e-11
920.605	1.570	-2.365	3.90191976e-10	6.88888896e-11	-6.89868608e-11
923.927	1.419	-1.752	5.34215488e-10	8.30779264e-11	-8.32325544e-11
926.739	1.617	-1.393	5.8017836e-10	8.6641388e-11	-8.68237424e-11
929.995	2.391	-1.639	4.33597552e-10	6.47474392e-11	-6.48806704e-11
934.335	2.427	-1.950	3.3110086e-10	5.50944896e-11	-5.5185168e-11
938.439	1.725	-1.677	3.428340464e-10	6.26668584e-11	-6.27549912e-11
942.155	2.133	-1.991	4.05518208e-10	6.43883376e-11	-6.45114208e-11
946.243	1.499	-1.954	2.845838728e-10	6.50247032e-11	-6.50831832e-11
949.668	1.862	-1.926	4.42142512e-10	7.16870888e-11	-7.1823932e-11
953.551	2.094	-2.021	4.05019064e-10	6.7074496e-11	-6.72058008e-11
957.702	1.657	-2.058	3.161969568e-10	5.9598172e-11	-5.96868208e-11
961.497	1.715	-2.138	3.9394708e-10	7.11071736e-11	-7.12114056e-11
965.184	1.809	-1.971	4.5646564e-10	6.95706632e-11	-6.97192712e-11
968.659	2.010	-1.666	3.033989872e-10	5.8965728e-11	-5.90390344e-11
972.955	2.394	-2.286	3.68292592e-10	5.61092896e-11	-5.62125928e-11
977.808	2.205	-2.460	3.58100216e-10	5.68523984e-11	-5.69561144e-11
981.644	2.299	-1.631	2.995934872e-10	5.84472168e-11	-5.85122328e-11
985.785	1.668	-1.842	4.83370912e-10	7.51714304e-11	-7.53117824e-11
989.346	2.089	-1.893	2.86296924e-10	5.3942124e-11	-5.40075184e-11
993.068	1.888	-1.633	3.344614304e-10	6.1928944e-11	-6.20037296e-11
997.468	1.918	-2.512	3.349336048e-10	6.18102296e-11	-6.1894028e-11
1001.709	1.837	-2.323	2.42066952e-10	5.34974352e-11	-5.35548488e-11
1005.496	1.670	-1.950	3.2194444e-10	5.88502128e-11	-5.89343208e-11
1009.130	1.472	-1.964	3.162438096e-10	6.34147488e-11	-6.34863008e-11
1012.728	2.044	-2.127	4.0476588e-10	6.42605416e-11	-6.4377364e-11
1016.686	3.119	-1.914	3.089140296e-10	5.37613176e-11	-5.3847524e-11
1021.650	2.137	-1.845	3.342645936e-10	5.89748784e-11	-5.907168e-11
1025.756	2.106	-1.970	4.23053264e-10	6.44652904e-11	-6.45936368e-11
1030.216	2.514	-2.354	3.481538e-10	5.41433296e-11	-5.42445344e-11
1034.770	2.282	-2.040	3.98526752e-10	6.073234e-11	-6.08563864e-11
1039.429	1.933	-2.377	3.93646424e-10	6.12258768e-11	-6.13459328e-11
1043.258	1.709	-1.895	4.78108056e-10	7.28575144e-11	-7.30046088e-11
1047.151	1.378	-2.184	4.61538608e-10	7.48220296e-11	-7.49576344e-11
1050.531	1.749	-2.002	4.52408504e-10	7.03618976e-11	-7.04972616e-11
1054.265	2.266	-1.986	4.05098872e-10	6.17296304e-11	-6.18526448e-11
1058.355	2.164	-1.823	4.37687368e-10	6.53547024e-11	-6.54867296e-11
1062.554	1.833	-2.035	4.44368536e-10	6.76986496e-11	-6.78226272e-11
1066.547	2.031	-2.161	3.72524136e-10	6.43521832e-11	-6.44447192e-11
1070.683	1.706	-2.105	4.2381832e-10	7.01492024e-11	-7.0258388e-11
1074.657	1.993	-2.268	3.72858504e-10	6.30517944e-11	-6.31543064e-11
1078.606	2.216	-1.956	4.06069296e-10	6.31577464e-11	-6.328138e-11
1082.923	1.768	-2.101	2.941407776e-10	5.5426656e-11	-5.54986896e-11
1086.812	2.345	-2.121	3.9131892e-10	5.84579496e-11	-5.85956184e-11
1091.198	2.142	-2.041	4.18480128e-10	6.25018072e-11	-6.26390288e-11
1095.499	1.993	-2.159	4.15165688e-10	6.3262116e-11	-6.33870912e-11
1099.457	1.601	-1.964	3.11978416e-10	6.0628108e-11	-6.06997632e-11
1102.702	2.049	-1.645	3.363275616e-10	5.95241776e-11	-5.960918e-11
1107.075	1.919	-2.324	3.61989136e-10	6.391606e-11	-6.40116576e-11
1111.434	1.868	-2.439	4.00212352e-10	6.09912688e-11	-6.11173104e-11
1115.253	1.989	-1.952	4.03977432e-10	6.83207736e-11	-6.8436736e-11
1118.914	1.984	-1.672	3.29758228e-10	5.93007152e-11	-5.93882632e-11
1123.265	2.351	-2.367	3.53818792e-10	5.61728264e-11	-5.62753728e-11
1127.600	2.244	-1.983	2.69523312e-10	5.07878504e-11	-5.0853864e-11
1132.082	2.354	-2.238	3.367291128e-10	6.07869672e-11	-6.08816016e-11
1136.373	2.520	-1.937	4.04417752e-10	6.04193344e-11	-6.0564984e-11
1141.230	2.226	-2.338	3.7797516e-10	5.8793728e-11	-5.89128896e-11
1145.038	1.955	-1.582	3.296189768e-10	6.02519784e-11	-6.03372904e-11
1148.756	1.659	-1.764	3.405874856e-10	6.22596656e-11	-6.23497936e-11
1152.588	1.957	-2.173	4.1656852e-10	6.34849248e-11	-6.3616952e-11
1156.243	2.313	-1.697	2.5311262e-10	6.19535744e-11	-6.19977784e-11
1160.958	2.187	-2.403	3.68741512e-10	5.73373352e-11	-5.7438884e-11
1165.215	1.773	-2.070	4.34026864e-10	6.8892536e-11	-6.9007948e-11
1168.723	1.861	-1.735	3.092542112e-10	6.00916744e-11	-6.01575848e-11
1172.833	1.293	-2.249	2.991338e-10	6.19161472e-11	-6.19766912e-11
1175.990	1.958	-1.863	4.57624232e-10	6.8329236e-11	-6.84655288e-11
1180.062	2.594	-2.114	3.434701368e-10	5.68516416e-11	-5.69411848e-11
1184.734	1.859	-2.078	2.559479712e-10	5.65551824e-11	-5.66086056e-11
1188.460	1.833	-1.867	2.794634672e-10	5.97575472e-11	-5.982074e-11
1192.288	2.430	-1.995	3.95332368e-10	5.90383464e-11	-5.91634248e-11
1196.685	1.859	-1.967	4.6246672e-10	7.04789264e-11	-7.06247824e-11
1200.726	2.254	-2.181	3.8679532e-10	6.1411396e-11	-6.15258448e-11
1205.086	2.034	-2.106	3.8352388e-10	6.62616584e-11	-6.63637576e-11
1208.869	1.907	-1.749	2.827139232e-10	6.04478176e-11	-6.05082584e-11
1212.565	2.896	-1.789	3.6194992e-10	5.62942584e-11	-5.64034096e-11
1218.146	2.158	-2.685	3.58866648e-10	5.58239416e-11	-5.59389408e-11
1222.488	2.677	-2.184	3.58400872e-10	5.57420352e-11	-5.58499824e-11
1226.903	2.654	-1.739	3.23931212e-10	5.6046716e-11	-5.61383232e-11
1231.553	1.536	-1.996	3.391898136e-10	6.2005656e-11	-6.20965064e-11
1235.309	1.669	-2.220	4.55032192e-10	6.93484048e-11	-6.94937448e-11
1238.808	2.153	-1.830	4.44221648e-10	6.76966888e-11	-6.78355272e-11
1242.839	1.899	-1.878	4.68476056e-10	7.1383268e-11	-7.15226912e-11
1246.846	1.948	-2.108	2.8859364e-10	5.43752544e-11	-5.44414744e-11
1250.926	2.010	-2.132	4.33867592e-10	6.47897168e-11	-6.4924496e-11
1254.786	1.849	-1.850	4.56506232e-10	7.4010224e-11	-7.4147308e-11
1258.564	1.902	-1.929	4.64785968e-10	6.9414728e-11	-6.95648496e-11
1261.897	1.873	-1.431	4.9239128e-10	8.15179208e-11	-8.16584448e-11
1266.140	2.052	-2.371	3.91818408e-10	5.97329512e-11	-5.98716864e-11
1270.253	2.214	-2.061	4.17738464e-10	6.23824736e-11	-6.25132624e-11
1274.195	1.804	-1.727	5.08747104e-10	7.59687536e-11	-7.6124792e-11
1278.289	2.188	-2.290	3.104260128e-10	6.43042296e-11	-6.43741648e-11
1282.607	1.567	-2.130	3.35266528e-10	6.02814936e-11	-6.03633312e-11
1286.138	1.925	-1.964	4.62637344e-10	6.9103924e-11	-6.9260788e-11
1290.098	2.177	-2.034	3.92475104e-10	6.49956008e-11	-6.51217456e-11
1294.285	1.962	-2.010	4.20992016e-10	6.6858808e-11	-6.69964768e-11
1298.161	2.052	-1.914	4.21751912e-10	6.69686816e-11	-6.7098748e-11
1302.576	2.567	-2.363	3.43684896e-10	5.34484496e-11	-5.3548416e-11
1307.459	2.290	-2.316	3.56048944e-10	5.77076168e-11	-5.78027328e-11
1311.815	1.511	-2.065	3.365953312e-10	6.05177528e-11	-6.05979736e-11
1315.256	2.134	-1.931	3.9134472e-10	6.617184e-11	-6.627504e-11
1319.805	2.393	-2.414	3.419314592e-10	5.54238008e-11	-5.55182976e-11
1324.156	2.224	-1.959	4.05606616e-10	6.30755304e-11	-6.31915272e-11
1328.608	2.005	-2.227	3.88360864e-10	6.29452232e-11	-6.30494208e-11
1332.420	2.659	-1.807	3.188433144e-10	5.43475968e-11	-5.4425616e-11
1337.551	2.573	-2.472	3.146073672e-10	5.31890736e-11	-5.32666456e-11
1342.285	2.477	-2.161	3.59395376e-10	5.70445224e-11	-5.71387096e-11
1347.106	1.654	-2.343	3.97931976e-10	6.72863656e-11	-6.7391836e-11
1350.765	2.254	-2.005	3.79694128e-10	6.28540288e-11	-6.29577792e-11
1354.932	1.916	-1.913	4.36264928e-10	6.92634368e-11	-6.93908544e-11
1359.134	1.835	-2.286	4.2469208e-10	6.34234864e-11	-6.35582656e-11
1362.848	2.345	-1.880	3.95392568e-10	6.2779312e-11	-6.28984392e-11
1367.730	2.191	-2.536	3.68199024e-10	5.72721472e-11	-5.73875592e-11
1372.098	1.952	-2.177	4.09109224e-10	6.6328188e-11	-6.6452544e-11
1376.120	1.599	-2.069	4.61462928e-10	7.32530112e-11	-7.3379844e-11
1380.080	1.832	-2.361	4.17698216e-10	6.23783112e-11	-6.25104072e-11
1384.307	1.441	-2.395	4.49744912e-10	6.85374936e-11	-6.86774328e-11
1387.744	2.055	-1.996	2.679075096e-10	5.37192808e-11	-5.37777952e-11
1391.766	1.972	-1.967	4.42859408e-10	6.61129816e-11	-6.62362368e-11
1396.111	1.696	-2.373	4.16915272e-10	6.48439656e-11	-6.49704544e-11
1399.689	1.685	-1.882	5.0395656e-10	7.52724288e-11	-7.54407824e-11
1404.006	2.181	-2.632	3.67904216e-10	5.60649136e-11	-5.61789152e-11
1408.499	2.166	-2.312	3.76757056e-10	5.98102136e-11	-5.99162688e-11
1413.112	2.237	-2.448	3.62356872e-10	5.63573824e-11	-5.64665336e-11
1417.590	2.134	-2.241	3.95449672e-10	6.02588928e-11	-6.0378708e-11
1421.867	1.871	-2.143	4.47822984e-10	6.68687496e-11	-6.70042512e-11
1425.675	2.329	-1.937	4.14947592e-10	6.32310528e-11	-6.33575416e-11
1430.289	2.316	-2.285	3.84708616e-10	5.86160864e-11	-5.8728196e-11
1434.259	2.481	-1.654	4.08356208e-10	6.61875952e-11	-6.629826e-11
1438.909	1.519	-2.169	3.23462684e-10	5.91228328e-11	-5.92037416e-11
1442.155	2.004	-1.727	3.131336024e-10	5.72389168e-11	-5.73201696e-11
1446.416	1.920	-2.257	4.19484952e-10	6.26543712e-11	-6.27937256e-11
1450.344	1.901	-2.008	4.25085616e-10	6.89019616e-11	-6.90192656e-11
1454.420	1.776	-2.176	4.33583104e-10	6.88235984e-11	-6.89399736e-11
1458.271	1.770	-2.075	4.38578672e-10	7.10818552e-11	-7.11975424e-11
1462.449	1.572	-2.408	4.35697328e-10	6.63781712e-11	-6.6500188e-11
1466.338	2.321	-2.317	3.76284744e-10	5.61801536e-11	-5.6289236e-11
1470.036	1.222	-1.377	6.71440184e-10	1.002669184e-10	-1.00475692e-10
1473.047	1.894	-1.789	3.157584944e-10	5.77149784e-11	-5.77942016e-11
1477.275	2.016	-2.334	2.249258448e-10	5.13863072e-11	-5.14272776e-11
1481.296	1.639	-2.005	4.71399712e-10	7.18402032e-11	-7.198888e-11
1484.639	1.922	-1.704	3.35549124e-10	6.11115312e-11	-6.11984256e-11
1488.323	2.531	-1.762	4.01029696e-10	6.11101552e-11	-6.12323096e-11
1492.682	1.569	-1.829	3.194910664e-10	6.40694496e-11	-6.4144304e-11
1496.010	1.747	-1.758	4.82666056e-10	7.50517528e-11	-7.51845024e-11
1499.933	2.126	-2.176	4.05473488e-10	6.05546984e-11	-6.06844208e-11
1503.901	2.139	-1.842	3.411077512e-10	5.77409848e-11	-5.78383024e-11
1507.950	2.192	-1.909	4.26844144e-10	6.37355288e-11	-6.38641504e-11
1512.268	1.768	-2.126	4.22331208e-10	6.84658384e-11	-6.85898504e-11
1515.659	2.004	-1.624	4.6742892e-10	7.27010632e-11	-7.28432384e-11
1519.461	1.603	-1.797	3.348843096e-10	6.31047704e-11	-6.31871584e-11
1523.042	2.136	-1.979	4.24632912e-10	6.34114464e-11	-6.3543852e-11
1527.127	1.606	-1.948	4.84598648e-10	7.3852672e-11	-7.40061304e-11
1531.111	1.984	-2.378	3.70712632e-10	6.1372868e-11	-6.14782696e-11
1534.876	1.742	-1.780	3.0867464e-10	6.1901252e-11	-6.197418e-11
1538.329	1.596	-1.711	5.06118944e-10	8.0364248e-11	-8.05197016e-11
1541.389	1.881	-1.463	4.9255296e-10	7.98611136e-11	-8.0014056e-11
1545.381	2.360	-2.111	3.9203616e-10	5.85525152e-11	-5.86812056e-11
1549.992	2.046	-2.250	3.5718724e-10	6.30632152e-11	-6.31539624e-11
1554.207	2.153	-2.169	3.67315288e-10	6.20984672e-11	-6.2187804e-11
1558.154	2.014	-1.795	4.37418016e-10	6.94226744e-11	-6.95329952e-11
1562.207	1.600	-2.039	4.72394904e-10	7.19686184e-11	-7.21006112e-11
1566.256	2.255	-2.449	3.59903464e-10	5.59754392e-11	-5.60835928e-11
1570.768	1.998	-2.257	3.87360856e-10	6.28102032e-11	-6.29339056e-11
1574.691	2.166	-1.924	4.09504824e-10	6.50090512e-11	-6.5124532e-11
1578.923	1.586	-2.066	4.78401144e-10	7.14170144e-11	-7.15488352e-11
1582.745	1.908	-2.235	3.95201304e-10	6.40496352e-11	-6.41524912e-11
1586.974	1.888	-2.322	4.01514736e-10	6.24231e-11	-6.25260936e-11
1590.890	1.887	-2.027	4.39009016e-10	6.68798264e-11	-6.70006392e-11
1594.388	2.125	-1.612	3.250943448e-10	5.92005424e-11	-5.92796624e-11
5925.833	14.673	-15.415	1.06769e-10	2.403461264e-11	-2.403461264e-11
5956.032	14.562	-15.526	1.219865968e-10	2.54729076e-11	-2.54729076e-11
6010.154	7.524	-39.560	1.611602848e-10	3.60967456e-11	-3.60967456e-11
6030.811	9.433	-13.133	1.641003152e-10	3.431682424e-11	-3.431682424e-11
6073.053	19.101	-32.809	1.616260264e-10	3.236839448e-11	-3.236839448e-11
6104.686	15.050	-12.531	1.156686584e-10	2.608179104e-11	-2.608179104e-11
6134.500	15.323	-14.764	1.202745776e-10	2.526216632e-11	-2.526216632e-11
6160.027	12.362	-10.204	1.450104824e-10	3.194833952e-11	-3.194833952e-11
6184.744	10.211	-12.355	1.490396856e-10	3.267885104e-11	-3.267885104e-11
6203.477	9.029	-8.522	1.804483992e-10	4.0416904e-11	-4.0416904e-11
6222.659	9.906	-10.152	1.591752672e-10	3.57118096e-11	-3.57118096e-11
6252.080	13.080	-19.515	1.037944664e-10	2.268584712e-11	-2.268584712e-11
6274.172	11.047	-9.012	1.687808136e-10	3.68895968e-11	-3.68895968e-11
6301.750	11.049	-16.532	1.190569896e-10	2.618834848e-11	-2.618834848e-11
6327.382	12.997	-14.583	1.279347008e-10	2.744220096e-11	-2.744220096e-11
6353.450	9.495	-13.071	1.477526096e-10	3.250037008e-11	-3.250037008e-11
6376.296	11.722	-13.351	1.474304536e-10	3.105663992e-11	-3.105663992e-11
6403.118	9.974	-15.099	1.3443778e-10	2.938340328e-11	-2.938340328e-11
6429.980	10.692	-16.888	1.202477112e-10	2.649267496e-11	-2.649267496e-11
6453.706	14.547	-13.034	1.142168408e-10	2.579780184e-11	-2.579780184e-11
6479.174	14.151	-10.922	1.342972216e-10	2.939945776e-11	-2.939945776e-11
6504.834	11.058	-11.508	1.556476504e-10	3.338667232e-11	-3.338667232e-11
6524.209	9.234	-8.318	2.005605312e-10	4.29550392e-11	-4.29550392e-11
6544.724	8.778	-11.281	1.678206064e-10	3.6738168e-11	-3.6738168e-11
6567.288	11.286	-13.787	1.334345728e-10	2.91178112e-11	-2.91178112e-11
6601.405	14.780	-22.830	9.71571584e-11	2.052656256e-11	-2.052656256e-11
6630.599	10.659	-14.414	1.281681736e-10	2.885175128e-11	-2.885175128e-11
6659.928	16.432	-18.670	9.09483712e-11	2.047325288e-11	-2.047325288e-11
6686.889	7.023	-10.528	1.819187928e-10	4.08144304e-11	-4.08144304e-11
6705.069	16.423	-11.157	1.210373288e-10	2.6496686e-11	-2.6496686e-11
6729.639	9.405	-8.146	1.818208904e-10	4.07243024e-11	-4.07243024e-11
6756.888	12.243	-17.845	1.116248696e-10	2.451429312e-11	-2.451429312e-11
6782.576	9.122	-13.444	1.550295168e-10	3.320343728e-11	-3.320343728e-11
6809.114	20.193	-17.417	8.49628056e-11	1.912585304e-11	-1.912585304e-11
6841.779	12.601	-12.472	1.338783328e-10	2.92146472e-11	-2.92146472e-11
6871.629	12.839	-17.249	1.091100576e-10	2.400036744e-11	-2.400036744e-11
6897.377	12.164	-12.909	1.264572896e-10	2.83713484e-11	-2.83713484e-11
6924.457	12.665	-14.915	1.164449632e-10	2.608138512e-11	-2.608138512e-11
6956.422	15.802	-19.300	8.93155408e-11	2.031023816e-11	-2.031023816e-11
6985.533	11.764	-13.309	1.332216712e-10	2.911760136e-11	-2.911760136e-11
7007.701	12.163	-10.403	1.41206324e-10	3.173347712e-11	-3.173347712e-11
7034.247	13.197	-14.384	1.22069088e-10	2.672255296e-11	-2.672255296e-11
7058.246	9.256	-10.802	1.689360952e-10	3.69823736e-11	-3.69823736e-11
7084.044	16.054	-16.541	9.80325008e-11	2.206795088e-11	-2.206795088e-11
7114.010	8.653	-13.913	1.417535936e-10	3.175002696e-11	-3.175002696e-11
7130.960	11.762	-8.296	1.685840456e-10	3.69642104e-11	-3.69642104e-11
7161.042	16.783	-18.320	9.40926688e-11	2.076355104e-11	-2.076355104e-11
7188.602	16.803	-10.777	1.16343208e-10	2.618984832e-11	-2.618984832e-11
7223.828	14.172	-18.423	9.65811304e-11	2.188820744e-11	-2.188820744e-11
7257.677	15.426	-19.676	9.08245312e-11	2.037695696e-11	-2.037695696e-11
7287.543	10.633	-14.440	1.474217848e-10	3.082899448e-11	-3.082899448e-11
7307.188	11.047	-9.012	1.665299872e-10	3.64556408e-11	-3.64556408e-11
7339.397	21.452	-21.162	1.35845944e-10	2.276756088e-11	-2.276756088e-11
11647.861	13.196	-14.385	8.1479324e-11	1.784079632e-11	-1.784079632e-11
11677.589	18.570	-16.532	6.2578932e-11	1.372571696e-11	-1.372571696e-11
11707.941	13.291	-11.782	8.40030112e-11	1.878364872e-11	-1.878364872e-11
11735.521	15.800	-14.288	6.93324776e-11	1.555865216e-11	-1.555865216e-11
11763.555	15.346	-12.235	7.8703588e-11	1.732147672e-11	-1.732147672e-11
11793.286	8.180	-14.385	9.56316904e-11	2.09396068e-11	-2.09396068e-11
11817.077	16.986	-15.610	7.10173552e-11	1.52148792e-11	-1.52148792e-11
11851.233	15.424	-17.171	6.37997536e-11	1.434271536e-11	-1.434271536e-11
11886.596	20.179	-19.939	5.58491912e-11	1.202392488e-11	-1.202392488e-11
11925.814	16.063	-19.039	6.20893168e-11	1.357203152e-11	-1.357203152e-11
11952.531	14.419	-10.654	8.2045032e-11	1.844441312e-11	-1.844441312e-11
11982.367	17.178	-15.417	6.21839168e-11	1.392956448e-11	-1.392956448e-11
12020.852	16.303	-21.307	5.78440128e-11	1.270885296e-11	-1.270885296e-11
12055.452	21.820	-18.297	5.16028896e-11	1.155935288e-11	-1.155935288e-11
12098.354	11.514	-21.081	7.0003312e-11	1.499762944e-11	-1.499762944e-11
12121.399	11.035	-11.531	9.20833304e-11	2.066409376e-11	-2.066409376e-11
12148.477	21.567	-16.043	5.46809328e-11	1.229273336e-11	-1.229273336e-11
12187.091	10.532	-17.048	7.61140936e-11	1.705000568e-11	-1.705000568e-11
12212.605	12.600	-14.981	7.88051368e-11	1.72846756e-11	-1.72846756e-11
12238.867	11.410	-13.663	8.29843584e-11	1.855586568e-11	-1.855586568e-11
12266.211	21.676	-15.934	5.8488428e-11	1.276321872e-11	-1.276321872e-11
12300.242	15.226	-12.355	7.88652336e-11	1.732740728e-11	-1.732740728e-11
12330.007	23.071	-14.539	5.53375256e-11	1.248506032e-11	-1.248506032e-11
12361.601	14.043	-8.523	9.17739712e-11	2.063155824e-11	-2.063155824e-11
12397.295	13.451	-21.651	6.506158e-11	1.396162184e-11	-1.396162184e-11
12427.165	16.176	-16.419	6.29559904e-11	1.415303376e-11	-1.415303376e-11
12454.263	14.151	-10.922	8.62669784e-11	1.898606864e-11	-1.898606864e-11
12491.728	16.804	-23.313	5.13204656e-11	1.155797344e-11	-1.155797344e-11
12526.329	19.813	-17.797	5.55037464e-11	1.250009656e-11	-1.250009656e-11
12558.447	17.783	-12.305	7.55645536e-11	1.624194624e-11	-1.624194624e-11
12600.543	20.819	-24.313	4.58872952e-11	1.035292768e-11	-1.035292768e-11
12640.401	13.555	-19.040	6.66859136e-11	1.465150008e-11	-1.465150008e-11
12666.241	12.789	-12.284	8.313276e-11	1.862222672e-11	-1.862222672e-11
12699.085	12.540	-20.055	6.99175184e-11	1.495490808e-11	-1.495490808e-11
12751.909	22.399	-40.284	3.46159632e-11	7.6446088e-12	-7.6446088e-12
12791.677	12.719	-17.369	7.12299472e-11	1.567664416e-11	-1.567664416e-11
12827.734	16.779	-23.338	5.41289504e-11	1.191297112e-11	-1.191297112e-11
12867.967	26.693	-23.454	4.33666008e-11	9.51178576e-12	-9.51178576e-12
12910.952	26.333	-16.292	5.10980008e-11	1.118846584e-11	-1.118846584e-11
12957.159	15.228	-19.875	6.17863904e-11	1.352880792e-11	-1.352880792e-11
12986.049	13.918	-13.662	7.64341168e-11	1.712169184e-11	-1.712169184e-11
13016.382	11.166	-16.415	7.9471568e-11	1.734211672e-11	-1.734211672e-11
13041.336	13.793	-13.788	7.56701272e-11	1.692035208e-11	-1.692035208e-11
13068.792	11.410	-13.663	8.26829112e-11	1.848846232e-11	-1.848846232e-11
13101.615	23.705	-21.413	5.24963952e-11	1.101451192e-11	-1.101451192e-11
17397.558	37.624	-35.088	3.7764664e-11	8.07514888e-12	-8.07514888e-12
17473.524	46.907	-38.342	2.878646696e-11	6.49978712e-12	-6.49978712e-12
17549.752	40.884	-29.321	3.45163408e-11	7.78087408e-12	-7.78087408e-12
17647.272	43.656	-56.636	2.43623552e-11	5.48298504e-12	-5.48298504e-12
17725.769	35.364	-34.841	3.51450352e-11	7.89690528e-12	-7.89690528e-12
17788.204	28.090	-27.071	4.37005904e-11	9.85124496e-12	-9.85124496e-12
17862.793	33.735	-46.499	2.975045816e-11	6.73941064e-12	-6.73941064e-12
17937.995	53.812	-41.466	2.650567816e-11	5.84691984e-12	-5.84691984e-12
18037.176	44.894	-45.369	2.654577824e-11	5.96469856e-12	-5.96469856e-12
18108.270	28.962	-26.199	4.56223464e-11	1.000173808e-11	-1.000173808e-11
18169.070	25.830	-31.839	4.2267796e-11	9.52825648e-12	-9.52825648e-12
18232.997	42.137	-38.097	3.024634104e-11	6.82941824e-12	-6.82941824e-12
18310.976	29.349	-35.841	2.497659128e-11	5.61245976e-12	-5.61245976e-12
18370.701	32.307	-30.376	1.84683796e-11	4.05602832e-12	-4.05602832e-12
18442.108	41.134	-39.101	2.920843456e-11	6.59548104e-12	-6.59548104e-12
18530.986	50.042	-47.744	2.451625392e-11	5.53560328e-12	-5.53560328e-12
18624.258	49.541	-43.230	2.606361408e-11	5.85635576e-12	-5.85635576e-12
18712.519	44.022	-38.720	2.907817896e-11	6.53371584e-12	-6.53371584e-12
18798.024	21.200	-41.483	4.00659552e-11	8.78361344e-12	-8.78361344e-12
18854.564	37.367	-35.340	3.338004688e-11	7.48817824e-12	-7.48817824e-12
23237.927	45.400	-47.371	1.569679568e-11	3.53755152e-12	-3.53755152e-12
23312.905	28.089	-29.579	2.509892456e-11	5.64379128e-12	-5.64379128e-12
23388.995	44.771	-48.000	1.578702688e-11	3.55389152e-12	-3.55389152e-12
23483.007	33.500	-49.242	1.57370368e-11	3.44894056e-12	-3.44894056e-12
23542.830	23.824	-26.323	1.619940376e-11	3.62229592e-12	-3.62229592e-12
23603.753	28.091	-37.099	1.866106776e-11	4.18218688e-12	-4.18218688e-12
23669.386	32.663	-37.542	2.180476336e-11	4.78361928e-12	-4.78361928e-12
23765.968	51.418	-63.919	1.270428808e-11	2.86959468e-12	-2.86959468e-12
23855.483	44.645	-38.097	1.788976472e-11	4.02724584e-12	-4.02724584e-12
23925.614	24.660	-25.486	3.064382272e-11	6.72276792e-12	-6.72276792e-12
23981.356	29.093	-31.082	2.447144448e-11	5.48422688e-12	-5.48422688e-12
24049.183	31.471	-38.734	2.22854036e-11	4.88906216e-12	-4.88906216e-12
24138.048	52.929	-57.393	1.348537448e-11	3.028946488e-12	-3.028946488e-12
24246.500	44.770	-55.523	1.467787112e-11	3.296793144e-12	-3.296793144e-12
24334.760	34.237	-43.490	1.890464728e-11	4.23666616e-12	-4.23666616e-12
24415.123	61.689	-46.126	1.460175424e-11	3.1965598e-12	-3.1965598e-12
24574.881	84.956	-98.068	1.682178576e-11	2.63573316e-12	-2.63573316e-12
28984.674	31.407	-55.689	1.270392344e-11	2.851635128e-12	-2.851635128e-12
29050.426	25.831	-34.345	1.262083024e-11	2.84761996e-12	-2.84761996e-12
29113.438	38.038	-37.181	1.067186728e-11	2.334484792e-12	-2.334484792e-12
29193.338	43.387	-41.862	9.9144756e-12	2.236989e-12	-2.236989e-12
29311.928	57.686	-75.202	9.81140976e-12	2.221727784e-12	-2.221727784e-12
29415.863	44.014	-46.249	1.456916024e-11	3.27416964e-12	-3.27416964e-12
29524.786	75.501	-64.909	9.43962488e-12	2.126749384e-12	-2.126749384e-12
29662.205	43.390	-61.918	1.084491304e-11	2.43108756e-12	-2.43108756e-12
29751.716	46.649	-46.122	8.21590336e-12	1.846587528e-12	-1.846587528e-12
29834.467	24.074	-36.102	1.269548856e-11	2.846084688e-12	-2.846084688e-12
29890.377	35.862	-31.836	1.128575936e-11	2.530050168e-12	-2.530050168e-12
29953.517	27.883	-27.278	1.456425824e-11	3.182061232e-12	-3.182061232e-12
30007.496	24.051	-26.096	1.674620208e-11	3.5828116e-12	-3.5828116e-12
30066.462	35.290	-34.915	1.138950288e-11	2.50063748e-12	-2.50063748e-12
30135.469	28.966	-33.718	1.217407056e-11	2.73269988e-12	-2.73269988e-12
30194.771	27.332	-30.336	1.319789368e-11	2.970150352e-12	-2.970150352e-12
30253.566	23.698	-31.463	1.380400448e-11	3.10655392e-12	-3.10655392e-12
30313.238	31.724	-35.973	1.128924064e-11	2.530831048e-12	-2.530831048e-12
30384.878	42.819	-39.916	1.200505992e-11	2.361362544e-12	-2.361362544e-12
35221.820	99.213	-81.314	8.56835888e-12	1.924546872e-12	-1.924546872e-12
35418.731	132.976	-97.697	6.52026888e-12	1.472235032e-12	-1.472235032e-12
35684.300	73.007	-132.594	7.27416896e-12	1.641226752e-12	-1.641226752e-12
35995.200	195.865	-237.892	4.53028392e-12	8.95648376e-13	-8.95648376e-13
41341.297	272.116	-166.882	6.27945512e-12	1.62960712e-12	-1.62960712e-12
41651.522	19.560	-38.109	1.356736688e-11	3.04775744e-12	-3.04775744e-12
41711.942	41.881	-40.861	9.486058e-12	2.13586504e-12	-2.13586504e-12
41819.499	47.154	-65.676	6.9414556e-12	1.555730368e-12	-1.555730368e-12
41910.283	49.137	-43.631	8.84316672e-12	1.93609048e-12	-1.93609048e-12
47260.477	58.059	-64.799	6.52234664e-12	1.478645472e-12	-1.478645472e-12
47361.153	42.631	-42.618	9.4758928e-12	2.130519968e-12	-2.130519968e-12
47468.583	63.075	-64.798	6.2997064e-12	1.416399704e-12	-1.416399704e-12
47642.605	77.098	-110.947	6.24041112e-12	1.168727616e-12	-1.168727616e-12
53354.991	130.149	-165.713	5.49401368e-12	8.91427152e-13	-8.91427152e-13
61674.912	1765.765	-2485.754	2.909081752e-12	7.5463624e-13	-7.5463624e-13
63620.975	118.069	-180.299	2.710196088e-12	5.99388352e-13	-5.99388352e-13
103976.926	235.417	-390.307	1.8015796e-12	4.790802e-13	-4.790802e-13
104556.513	403.004	-344.169	2.53445784e-12	4.92020448e-13	-4.92020448e-13
109554.844	120.800	-139.961	2.321167176e-12	6.05425208e-13	-6.05425208e-13
109935.516	361.935	-259.873	1.089796816e-12	2.697521064e-13	-2.697521064e-13
115487.590	147.833	-210.714	1.943934024e-12	4.94905232e-13	-4.94905232e-13
117255.661	4504.023	-1620.238	1.554547352e-12	2.5565822e-13	-2.5565822e-13
130503.618	2986.793	-3105.532	1.151907736e-12	2.916005784e-13	-2.916005784e-13
164366.650	3772.006	-2505.377	5.96546912e-13	1.580113432e-13	-1.580113432e-13
180029.703	22200.011	-6802.209	4.60090024e-13	8.89654864e-14	-8.89654864e-14
297106.395	15150.170	-9218.892	2.595532632e-13	4.87213048e-14	-4.87213048e-14
406299.464	84218.190	-60299.377	9.63493432e-14	2.473811328e-14	-2.473811328e-14
645430.060	165789.382	-121345.590	4.31328184e-14	1.266522e-14	-1.266522e-14
902905.552	87410.731	-51234.638	4.15877768e-14	1.912561912e-14	-1.507408344e-14