Time	T_+ve	T_-ve	Flux	Fluxpos	Fluxneg
87.9801323766659	0.806783657658727	-0.716170363047382	1.56837174827678e-09	2.36031031908443e-10	-2.36433074791993e-10
89.7553671574009	0.949478883904604	-0.968451123076292	1.19800639316181e-09	1.79523771019605e-10	-1.7989340528078e-10
91.3726938101455	0.87109921735852	-0.667847768839977	1.44326015445572e-09	2.15212335486417e-10	-2.15297396762774e-10
93.8083736089346	1.93403049434446	-1.56458058143065	1.04890687919262e-09	1.21123011218194e-10	-1.21143571733055e-10
104.692	1.585	-1.260	8.0122569e-10	1.19444457e-10	-1.19455989e-10
107.930	1.825	-1.653	6.45985905e-10	9.81405285e-11	-9.8148015e-11
111.308	1.468	-1.553	7.54519695e-10	1.12479036e-10	-1.124856855e-10
114.597	1.777	-1.821	6.43176375e-10	9.58801635e-11	-9.5884581e-11
118.284	1.583	-1.911	6.6709551e-10	9.9445551e-11	-9.94489455e-11
121.800	2.288	-1.932	5.4445083e-10	8.27133165e-11	-8.2715595e-11
125.973	1.421	-1.885	4.48922439e-10	8.4327564e-11	-8.43289125e-11
129.518	2.222	-2.125	5.1495681e-10	7.823253e-11	-7.8234297e-11
133.777	1.868	-2.037	5.81446695e-10	8.66775345e-11	-8.6679534e-11
137.731	1.504	-2.087	4.217110575e-10	7.69939095e-11	-7.6995072e-11
141.372	2.082	-2.137	3.43564506e-10	6.64250175e-11	-6.64259475e-11
145.594	1.621	-2.140	4.02599511e-10	7.35046425e-11	-7.35057585e-11
149.344	1.604	-2.129	4.05719382e-10	7.40742675e-11	-7.40753835e-11
152.672	1.707	-1.724	4.559729085e-10	8.18955675e-11	-8.18968695e-11
156.813	2.575	-2.434	2.829641715e-10	5.63323785e-11	-5.63331225e-11
161.117	1.852	-1.730	4.228384965e-10	7.7199765e-11	-7.72009275e-11
164.795	1.679	-1.826	4.228189665e-10	7.9424232e-11	-7.9425348e-11
168.353	2.282	-1.879	3.39025362e-10	6.95266605e-11	-6.95274975e-11
172.382	2.129	-1.748	4.00663809e-10	7.3151196e-11	-7.3152312e-11
176.644	2.013	-2.132	3.56900334e-10	6.90033495e-11	-6.90043725e-11
180.728	2.742	-2.071	3.01363059e-10	5.82657555e-11	-5.8266639e-11
186.249	2.001	-2.780	3.169456275e-10	5.78663205e-11	-5.78673435e-11
190.606	1.941	-2.356	3.52525428e-10	6.4362324e-11	-6.43634865e-11
195.123	2.112	-2.576	3.092567595e-10	5.9791932e-11	-5.9792955e-11
199.447	2.689	-2.213	3.130918005e-10	5.7162729e-11	-5.7163938e-11
205.262	2.747	-3.126	2.533819875e-10	4.89890985e-11	-4.8990075e-11
210.275	2.584	-2.266	2.963055795e-10	5.8988412e-11	-5.8989528e-11
215.328	2.805	-2.470	2.81357922e-10	5.28515745e-11	-5.2852737e-11
220.332	2.976	-2.198	2.867836815e-10	5.38707615e-11	-5.3871924e-11
225.703	2.152	-2.396	3.2612496e-10	6.12608205e-11	-6.1262169e-11
1120.567	1.492	-1.279	8.1993822e-10	1.222299465e-10	-1.22233062e-10
1123.751	1.199	-1.691	7.7538843e-10	1.177973805e-10	-1.178003565e-10
1126.460	1.388	-1.510	7.8420111e-10	1.169025345e-10	-1.169057895e-10
1129.312	1.276	-1.464	8.29528845e-10	1.236596355e-10	-1.23663123e-10
1132.037	1.340	-1.450	8.031108e-10	1.220089785e-10	-1.2201228e-10
1134.787	0.816	-1.410	1.021186965e-09	1.522305375e-10	-1.522348155e-10
1137.194	1.382	-1.591	7.6451394e-10	1.139677335e-10	-1.139708955e-10
1140.011	1.424	-1.435	7.83590565e-10	1.19043441e-10	-1.19046603e-10
1142.681	1.038	-1.246	9.80617575e-10	1.489759095e-10	-1.48979862e-10
1144.896	1.283	-1.177	9.2358207e-10	1.37680362e-10	-1.376842215e-10
1147.290	1.348	-1.111	8.84708535e-10	1.396621455e-10	-1.396656795e-10
1149.819	1.091	-1.181	9.85976235e-10	1.49789985e-10	-1.497941235e-10
1152.215	1.230	-1.305	8.9623728e-10	1.336040325e-10	-1.336077525e-10
1154.989	1.557	-1.544	7.32687945e-10	1.092233385e-10	-1.09226361e-10
1158.084	1.627	-1.538	7.17871185e-10	1.070145885e-10	-1.070174715e-10
1160.968	1.384	-1.257	8.4834228e-10	1.28880609e-10	-1.2888405e-10
1163.761	1.235	-1.409	8.59648755e-10	1.281496755e-10	-1.281532095e-10
1166.125	1.226	-1.130	9.64835475e-10	1.4383008e-10	-1.43833986e-10
1168.572	1.469	-1.221	8.087094e-10	1.27664727e-10	-1.276677495e-10
1171.362	1.278	-1.321	8.743395e-10	1.303396395e-10	-1.303429875e-10
1173.904	1.179	-1.264	9.1688142e-10	1.39293075e-10	-1.392964695e-10
1176.381	1.358	-1.298	8.30988015e-10	1.286779155e-10	-1.28680938e-10
1178.846	1.046	-1.107	9.95217645e-10	1.6019343e-10	-1.60196964e-10
1180.960	0.873	-1.068	1.153877505e-09	1.752976065e-10	-1.75302024e-10
1183.193	1.068	-1.360	9.3566742e-10	1.394819115e-10	-1.39485585e-10
1185.483	1.017	-1.221	1.015323315e-09	1.513564305e-10	-1.513605225e-10
1187.867	1.093	-1.368	9.2355324e-10	1.37676084e-10	-1.376797575e-10
1190.229	1.156	-1.269	9.371052e-10	1.396962765e-10	-1.39699857e-10
1192.458	0.942	-1.073	1.111257465e-09	1.688227605e-10	-1.688269455e-10
1194.537	1.032	-1.137	1.033001685e-09	1.569341055e-10	-1.569381975e-10
1196.781	0.935	-1.212	1.05840231e-09	1.577783595e-10	-1.577829165e-10
1198.843	1.201	-1.126	9.84454755e-10	1.47863211e-10	-1.47867489e-10
1201.090	1.123	-1.046	1.04797887e-09	1.56224469e-10	-1.562289795e-10
1203.649	1.259	-1.437	8.4323658e-10	1.25703078e-10	-1.257066585e-10
1206.121	1.282	-1.213	9.1118424e-10	1.35832173e-10	-1.358359395e-10
1208.469	1.018	-1.067	1.074470385e-09	1.63234065e-10	-1.63238436e-10
1210.624	0.911	-1.136	1.109886645e-09	1.65453231e-10	-1.654578345e-10
1212.917	1.322	-1.382	8.28469575e-10	1.258615035e-10	-1.25864898e-10
1215.441	0.918	-1.201	1.057324905e-09	1.606293675e-10	-1.60633692e-10
1218.002	1.490	-1.643	7.1510676e-10	1.08639345e-10	-1.086422745e-10
1220.633	1.192	-1.142	9.7371372e-10	1.451536095e-10	-1.451576085e-10
1222.994	1.232	-1.168	9.1999599e-10	1.424607945e-10	-1.424644215e-10
1225.713	1.194	-1.487	8.23466175e-10	1.275131835e-10	-1.275164385e-10
1228.193	1.126	-1.287	9.4197747e-10	1.404226065e-10	-1.40426373e-10
1230.443	1.334	-1.123	9.249129e-10	1.37878731e-10	-1.37882358e-10
1233.142	1.339	-1.365	8.16362835e-10	1.264131795e-10	-1.26416295e-10
1236.017	1.198	-1.537	8.07319515e-10	1.25012925e-10	-1.250160405e-10
1238.412	1.009	-1.197	1.01534331e-09	1.54251474e-10	-1.54255473e-10
1240.660	1.247	-1.239	9.14284395e-10	1.362943365e-10	-1.36297917e-10
1242.865	1.008	-0.958	9.90983355e-10	1.800272145e-10	-1.800303765e-10
1245.144	1.255	-1.271	8.7381033e-10	1.35308955e-10	-1.35312303e-10
1247.772	1.292	-1.373	8.4039822e-10	1.27673748e-10	-1.276770495e-10
1249.754	0.772	-0.690	1.53147843e-09	2.32662936e-10	-2.32668888e-10
1251.770	1.217	-1.244	9.10246335e-10	1.38285048e-10	-1.382885355e-10
1254.768	1.226	-1.781	7.44896985e-10	1.131651435e-10	-1.13167887e-10
1256.836	0.854	-0.842	1.340061645e-09	1.9976586e-10	-1.99770789e-10
1259.251	1.575	-1.562	7.14269295e-10	1.08512121e-10	-1.08514911e-10
1262.063	1.554	-1.237	8.1420663e-10	1.213755555e-10	-1.213790895e-10
1265.080	1.372	-1.462	7.90507905e-10	1.200943875e-10	-1.20097689e-10
1267.563	1.156	-1.112	1.001937825e-09	1.493610225e-10	-1.49365068e-10
1269.474	1.001	-0.755	1.2939741e-09	1.928954385e-10	-1.929005535e-10
1271.927	1.240	-1.451	8.20027035e-10	1.26980619e-10	-1.269836415e-10
1274.026	0.928	-0.858	1.272069345e-09	1.89630069e-10	-1.896350445e-10
1276.035	1.174	-1.081	9.92836845e-10	1.508322825e-10	-1.50836235e-10
1278.753	1.387	-1.543	7.5335115e-10	1.16655945e-10	-1.16659014e-10
1281.316	1.069	-1.176	1.01215248e-09	1.50883758e-10	-1.508881755e-10
1283.430	1.049	-1.045	1.085242575e-09	1.61779452e-10	-1.61784102e-10
1285.639	1.000	-1.159	1.022148585e-09	1.58279025e-10	-1.582830705e-10
1287.664	1.087	-1.025	1.045391145e-09	1.61878125e-10	-1.61882124e-10
1290.002	1.012	-1.251	9.89567895e-10	1.503356625e-10	-1.503393825e-10
1292.034	1.210	-1.021	1.018051005e-09	1.517630265e-10	-1.517668395e-10
1294.166	0.700	-0.921	1.381383405e-09	2.098604055e-10	-2.09865381e-10
1296.068	1.225	-1.202	9.35958045e-10	1.395252495e-10	-1.39528644e-10
1298.579	0.992	-1.287	9.9660195e-10	1.48565547e-10	-1.485693135e-10
1300.862	1.430	-1.290	8.2326948e-10	1.25071515e-10	-1.2507477e-10
1303.687	1.302	-1.395	8.3051139e-10	1.26171705e-10	-1.261750995e-10
1305.991	1.094	-1.002	1.08427863e-09	1.61635674e-10	-1.61640045e-10
1308.252	0.955	-1.168	1.070645295e-09	1.596033915e-10	-1.596076695e-10
1310.104	0.877	-0.897	1.281111735e-09	1.909780575e-10	-1.90983219e-10
1311.849	1.087	-0.868	1.14575349e-09	1.7406345e-10	-1.740680535e-10
1313.877	1.162	-0.941	1.08073998e-09	1.611082245e-10	-1.611126885e-10
1316.323	0.814	-1.284	1.0834872e-09	1.615177965e-10	-1.615222605e-10
1318.547	1.143	-1.410	8.7750522e-10	1.33311036e-10	-1.333145235e-10
1320.671	1.431	-0.981	9.28625925e-10	1.4107728e-10	-1.410808605e-10
1323.694	1.470	-1.592	7.31753295e-10	1.11168294e-10	-1.111711305e-10
1326.257	1.063	-1.093	1.039067145e-09	1.57855596e-10	-1.578597345e-10
1328.355	1.083	-1.035	1.04296338e-09	1.615021725e-10	-1.61506311e-10
1330.767	1.592	-1.330	7.4475516e-10	1.1756874e-10	-1.17571623e-10
1333.379	1.119	-1.020	1.04767011e-09	1.59162618e-10	-1.591668495e-10
1335.580	1.064	-1.083	1.02820056e-09	1.592161395e-10	-1.59220278e-10
1338.150	1.112	-1.505	8.3129259e-10	1.31229789e-10	-1.312329975e-10
1340.419	1.191	-1.158	9.6779334e-10	1.442710395e-10	-1.44274992e-10
1342.855	1.096	-1.245	9.70740045e-10	1.44710232e-10	-1.447141845e-10
1344.780	1.068	-0.828	1.19834592e-09	1.786400265e-10	-1.78644909e-10
1346.948	0.984	-1.100	1.05978057e-09	1.641063585e-10	-1.641105435e-10
1349.186	1.158	-1.254	9.1518975e-10	1.41716562e-10	-1.417202355e-10
1351.179	1.096	-0.835	1.17736419e-09	1.755122505e-10	-1.755171795e-10
1353.408	1.318	-1.133	9.27020745e-10	1.38192978e-10	-1.381967445e-10
1355.703	0.917	-0.978	1.1993838e-09	1.78794639e-10	-1.787993355e-10
1357.774	0.914	-1.154	1.09927674e-09	1.63871487e-10	-1.638757185e-10
1359.498	0.791	-0.810	1.399036665e-09	2.12542293e-10	-2.125477335e-10
1361.655	1.157	-1.366	9.00813345e-10	1.342861875e-10	-1.342898145e-10
1363.933	1.003	-1.121	1.03926012e-09	1.609287345e-10	-1.6093278e-10
1365.767	0.731	-0.831	1.454580915e-09	2.16837498e-10	-2.16843357e-10
1367.602	1.227	-1.104	9.7491714e-10	1.4533296e-10	-1.453368195e-10
1370.003	1.222	-1.174	9.48118725e-10	1.41338052e-10	-1.41341772e-10
1372.182	0.979	-0.957	1.17383763e-09	1.74986475e-10	-1.749909855e-10
1374.106	1.368	-0.945	9.54397155e-10	1.477877415e-10	-1.477912755e-10
1376.733	1.291	-1.259	8.6603646e-10	1.34105163e-10	-1.341083715e-10
1378.894	1.261	-0.870	1.06633893e-09	1.58961366e-10	-1.58965551e-10
1381.308	0.879	-1.153	1.10267589e-09	1.675190865e-10	-1.675233645e-10
1383.294	1.339	-1.107	9.1582401e-10	1.39132464e-10	-1.391360445e-10
1385.453	0.831	-0.820	1.376447895e-09	2.05189992e-10	-2.05195479e-10
1387.131	0.759	-0.847	1.414164045e-09	2.108124e-10	-2.1081798e-10
1388.797	0.882	-0.906	1.23436668e-09	1.91140854e-10	-1.91145504e-10
1390.704	1.058	-1.025	1.059396945e-09	1.64046885e-10	-1.64050791e-10
1392.645	0.900	-0.883	1.274435265e-09	1.899827715e-10	-1.89987654e-10
1394.992	0.835	-1.447	9.8110443e-10	1.490498445e-10	-1.49053611e-10
1396.558	0.810	-0.730	1.474854915e-09	2.19859719e-10	-2.19865578e-10
1398.674	1.001	-1.306	9.84956025e-10	1.46829516e-10	-1.46833422e-10
1400.757	0.877	-1.082	1.160304735e-09	1.72969119e-10	-1.72973769e-10
1402.534	1.038	-0.900	1.139619675e-09	1.7646936e-10	-1.764737775e-10
1404.508	0.895	-0.936	1.170635175e-09	1.88429253e-10	-1.884336705e-10
1406.379	0.945	-0.976	1.182874905e-09	1.763337195e-10	-1.76338509e-10
1408.543	1.076	-1.219	9.8991525e-10	1.47568773e-10	-1.47572679e-10
1410.629	0.925	-1.010	1.10672511e-09	1.781421045e-10	-1.78146057e-10
1412.878	1.381	-1.323	8.2815012e-10	1.258129575e-10	-1.258161195e-10
1415.050	0.771	-0.792	1.45442793e-09	2.168146665e-10	-2.168207115e-10
1416.643	0.915	-0.822	1.289752365e-09	1.959398865e-10	-1.95945327e-10
1418.436	0.625	-0.878	1.490114355e-09	2.26379019e-10	-2.26385343e-10
1419.985	0.926	-0.924	1.19328486e-09	1.84779375e-10	-1.84784304e-10
1422.103	0.644	-1.192	1.23787092e-09	1.84532088e-10	-1.845372495e-10
1424.112	1.170	-1.365	8.7089385e-10	1.34857347e-10	-1.348607415e-10
1426.525	0.816	-1.243	1.10412483e-09	1.6459419e-10	-1.645986075e-10
1428.236	1.028	-0.895	1.16482686e-09	1.769610975e-10	-1.769655615e-10
1430.548	0.981	-1.284	9.88930845e-10	1.50238803e-10	-1.502425695e-10
1432.458	0.948	-0.929	1.210574025e-09	1.8046278e-10	-1.8046743e-10
1434.474	1.015	-1.068	1.059512265e-09	1.640647875e-10	-1.6406874e-10
1436.461	1.152	-0.972	1.069631595e-09	1.594522665e-10	-1.59456498e-10
1438.415	0.802	-0.801	1.37702589e-09	2.13231516e-10	-2.13236724e-10
1440.336	1.035	-1.119	1.039511685e-09	1.57923114e-10	-1.579270665e-10
1442.657	1.084	-1.286	9.4508181e-10	1.435772595e-10	-1.435807935e-10
1444.679	0.775	-0.938	1.336692255e-09	2.00768493e-10	-2.007735615e-10
1446.596	1.194	-1.142	9.7263213e-10	1.44992301e-10	-1.449959745e-10
1448.740	1.010	-0.950	1.142337135e-09	1.735443705e-10	-1.73548602e-10
1450.905	1.112	-1.154	1.00245723e-09	1.494383985e-10	-1.494422115e-10
1452.935	0.972	-0.918	1.185437985e-09	1.80092268e-10	-1.80096639e-10
1455.273	1.069	-1.367	9.3290904e-10	1.39070712e-10	-1.390741995e-10
1457.786	1.337	-1.444	7.93801035e-10	1.229195415e-10	-1.229224245e-10
1460.469	1.074	-1.346	8.98926375e-10	1.41906561e-10	-1.41909909e-10
1462.650	1.125	-1.107	1.0177455e-09	1.51717503e-10	-1.517215485e-10
1464.728	0.753	-0.953	1.3318809e-09	1.985463045e-10	-1.985516055e-10
1466.397	1.368	-0.916	9.9475404e-10	1.48290081e-10	-1.482940335e-10
1468.916	1.218	-1.150	9.45937875e-10	1.437073665e-10	-1.43710947e-10
1471.325	1.453	-1.191	8.59550175e-10	1.28134935e-10	-1.2813819e-10
1473.824	0.882	-1.046	1.17834255e-09	1.75658028e-10	-1.75662585e-10
1476.176	1.213	-1.470	8.47030515e-10	1.26268611e-10	-1.26271959e-10
1478.660	1.099	-1.271	9.315903e-10	1.44256113e-10	-1.442596935e-10
1480.964	1.483	-1.205	8.33285115e-10	1.26593088e-10	-1.265962965e-10
1483.489	1.068	-1.042	1.06159872e-09	1.612786005e-10	-1.612827855e-10
1485.660	1.027	-1.103	1.05183465e-09	1.597952505e-10	-1.59799575e-10
1487.985	0.810	-1.298	1.07788023e-09	1.606819125e-10	-1.606863765e-10
1489.650	0.734	-0.855	1.43030931e-09	2.1321924e-10	-2.13224913e-10
1491.419	0.981	-1.035	1.1273367e-09	1.68054441e-10	-1.680587655e-10
1493.293	1.123	-0.893	1.1113221e-09	1.68832572e-10	-1.68836757e-10
1495.535	0.877	-1.119	1.122224955e-09	1.704889485e-10	-1.704932265e-10
1497.636	0.902	-1.224	1.0689327e-09	1.5934806e-10	-1.593522915e-10
1500.064	0.987	-1.527	9.0401022e-10	1.34762766e-10	-1.34766486e-10
1502.258	1.228	-1.206	9.33739065e-10	1.391944485e-10	-1.39198401e-10
1504.552	1.168	-1.067	1.002266115e-09	1.52264808e-10	-1.52268714e-10
1506.718	0.982	-0.999	1.14739494e-09	1.710446235e-10	-1.710489945e-10
1509.208	1.041	-1.509	8.78475675e-10	1.334583945e-10	-1.334617425e-10
1511.332	1.061	-1.083	1.05979452e-09	1.579858425e-10	-1.579900275e-10
1513.348	0.791	-0.954	1.30180656e-09	1.940630535e-10	-1.940681685e-10
1515.120	0.869	-0.981	1.210430805e-09	1.83889179e-10	-1.83893829e-10
1517.131	1.118	-1.142	9.91218645e-10	1.505863905e-10	-1.505901105e-10
1519.233	1.221	-0.985	1.029915945e-09	1.53531747e-10	-1.535356995e-10
1521.394	1.085	-0.939	1.122204495e-09	1.672893765e-10	-1.672936545e-10
1523.381	0.902	-0.902	1.223510325e-09	1.894597395e-10	-1.894642035e-10
1525.347	1.137	-1.064	1.003046385e-09	1.55321067e-10	-1.553247405e-10
1527.302	0.959	-0.818	1.26028764e-09	1.91463471e-10	-1.914681675e-10
1529.490	0.961	-1.229	1.03758891e-09	1.546756005e-10	-1.54679553e-10
1531.630	1.102	-1.178	9.9629412e-10	1.485196515e-10	-1.485234645e-10
1533.735	0.878	-1.003	1.191124005e-09	1.80956145e-10	-1.80960795e-10
1535.868	1.141	-1.255	9.34528635e-10	1.41974079e-10	-1.419778455e-10
1538.101	0.982	-1.092	1.079505405e-09	1.6399899e-10	-1.64003268e-10
1540.119	0.914	-1.036	1.131862545e-09	1.75268172e-10	-1.75272357e-10
1542.462	1.208	-1.429	8.61619425e-10	1.284434625e-10	-1.284466245e-10
1544.787	1.180	-1.117	9.8909592e-10	1.474466175e-10	-1.474503375e-10
1546.907	1.230	-0.940	1.00218288e-09	1.58206857e-10	-1.58210484e-10
1549.217	1.203	-1.079	9.95617545e-10	1.48418793e-10	-1.48422606e-10
1551.427	1.144	-1.007	1.05655068e-09	1.575022425e-10	-1.575064275e-10
1553.424	0.990	-0.853	1.180202085e-09	1.863094575e-10	-1.863140145e-10
1555.498	0.894	-1.084	1.14871461e-09	1.71241365e-10	-1.712462475e-10
1557.602	1.113	-1.209	9.64634595e-10	1.465477725e-10	-1.465518645e-10
1559.812	1.134	-1.097	1.01834814e-09	1.51807341e-10	-1.518114795e-10
1561.816	1.153	-0.870	1.107118035e-09	1.68193941e-10	-1.68198126e-10
1564.063	1.227	-1.095	9.64587165e-10	1.46540565e-10	-1.46544285e-10
1566.143	0.805	-0.853	1.35064086e-09	2.051900385e-10	-2.05195479e-10
1568.189	1.744	-1.241	7.6122081e-10	1.13476833e-10	-1.134799485e-10
1570.985	0.819	-1.051	1.215426765e-09	1.811862735e-10	-1.81191156e-10
1572.917	0.850	-1.114	1.0580331e-09	1.771631865e-10	-1.771669065e-10
1574.860	1.055	-1.092	1.043230755e-09	1.584881355e-10	-1.58492088e-10
1576.931	0.931	-1.016	1.167653595e-09	1.740646125e-10	-1.740690765e-10
1578.863	1.025	-1.001	1.121519085e-09	1.671872625e-10	-1.67191587e-10
1581.160	1.122	-1.273	9.49047795e-10	1.414765755e-10	-1.41480342e-10
1583.142	0.808	-0.860	1.363296765e-09	2.032295055e-10	-2.032348065e-10
1584.699	1.016	-0.749	1.287721245e-09	1.919632995e-10	-1.91968182e-10
1586.814	0.991	-1.099	1.08716349e-09	1.62065799e-10	-1.62069798e-10
1589.454	1.272	-1.650	7.6691055e-10	1.16509377e-10	-1.1651226e-10
1591.612	1.023	-0.886	1.190614365e-09	1.774873845e-10	-1.774921275e-10
1593.527	0.932	-0.892	1.228586265e-09	1.866474195e-10	-1.86652209e-10
1595.912	1.356	-1.454	7.9753173e-10	1.211613765e-10	-1.21164399e-10
1598.054	0.858	-0.786	1.362887565e-09	2.0705055e-10	-2.070556185e-10
1599.946	0.804	-1.034	1.21873245e-09	1.851503985e-10	-1.85155002e-10
1601.678	0.833	-0.928	1.234746585e-09	1.94919909e-10	-1.949244195e-10
1603.437	0.941	-0.926	1.217409525e-09	1.81481781e-10	-1.814864775e-10
1605.383	0.942	-1.006	1.14961299e-09	1.74649722e-10	-1.746540465e-10
1607.251	1.063	-0.926	1.125984945e-09	1.71060201e-10	-1.71064386e-10
1609.652	1.071	-1.338	9.1626762e-10	1.41883404e-10	-1.418867985e-10
1611.999	1.368	-1.276	8.47171875e-10	1.287027465e-10	-1.287060015e-10
1614.676	1.170	-1.308	8.9063868e-10	1.379147685e-10	-1.379181165e-10
1616.768	1.001	-0.922	1.164550185e-09	1.769189685e-10	-1.769234325e-10
1618.846	1.006	-1.077	1.059507615e-09	1.64063997e-10	-1.640679495e-10
1620.719	1.040	-0.867	1.174463055e-09	1.784250105e-10	-1.784294745e-10
1622.804	1.008	-1.045	1.09122294e-09	1.657791495e-10	-1.65783288e-10
1624.880	1.034	-1.067	1.08171462e-09	1.612534905e-10	-1.612577685e-10
1626.861	0.994	-0.948	1.13752392e-09	1.761448365e-10	-1.761492075e-10
1629.152	1.412	-1.297	8.3880978e-10	1.2504315e-10	-1.25046405e-10
1631.705	1.016	-1.140	1.038793725e-09	1.57814025e-10	-1.57817931e-10
1633.916	1.052	-1.195	1.01118528e-09	1.507394685e-10	-1.507433745e-10
1636.038	0.990	-1.070	1.10287212e-09	1.64407446e-10	-1.64411724e-10
1638.102	1.089	-1.074	1.050258765e-09	1.56564291e-10	-1.56568383e-10
1639.992	0.984	-0.800	1.255153575e-09	1.906835265e-10	-1.90688223e-10
1642.392	0.995	-1.416	9.42723795e-10	1.405338345e-10	-1.40537415e-10
1644.458	0.957	-1.072	1.120672785e-09	1.670610615e-10	-1.67065479e-10
1646.155	0.697	-0.741	1.558580025e-09	2.36780232e-10	-2.36786463e-10
1647.991	1.067	-1.139	1.015594875e-09	1.542896505e-10	-1.542936495e-10
1649.920	1.006	-0.862	1.216731555e-09	1.81380783e-10	-1.813854795e-10
1652.040	0.969	-1.114	1.04429607e-09	1.648550085e-10	-1.64858682e-10
1654.210	1.039	-1.200	1.01452026e-09	1.512366465e-10	-1.51240506e-10
1656.496	1.141	-1.247	9.5178339e-10	1.41884334e-10	-1.41888054e-10
1658.696	1.278	-1.059	9.72060645e-10	1.44907113e-10	-1.449108795e-10
1660.938	1.067	-0.963	1.103479875e-09	1.67641149e-10	-1.676452875e-10
1663.637	0.995	-1.633	8.5219434e-10	1.29465765e-10	-1.294688805e-10
1665.542	1.110	-0.909	1.124751765e-09	1.676690955e-10	-1.676731875e-10
1667.913	0.929	-1.261	1.03705416e-09	1.54595853e-10	-1.54599666e-10
1670.187	0.865	-1.345	1.01319036e-09	1.539243e-10	-1.53928113e-10
1672.020	0.880	-0.968	1.2286881e-09	1.83163128e-10	-1.831679175e-10
1674.140	1.308	-1.240	8.5356144e-10	1.347451425e-10	-1.34748258e-10
1676.773	1.260	-1.325	8.6659632e-10	1.316537295e-10	-1.31656938e-10
1679.204	1.037	-1.171	9.99949485e-10	1.54841466e-10	-1.54845186e-10
1681.412	0.956	-1.172	1.068046875e-09	1.59216e-10	-1.592202315e-10
1683.435	0.844	-1.066	1.189377e-09	1.773029655e-10	-1.77307755e-10
1685.666	1.383	-1.387	7.9686492e-10	1.23393981e-10	-1.233970965e-10
1688.278	0.946	-1.228	1.045114005e-09	1.557973665e-10	-1.558015515e-10
1690.500	1.312	-1.276	8.7774051e-10	1.30846629e-10	-1.308501165e-10
1692.913	1.296	-1.101	9.21074325e-10	1.42627776e-10	-1.426312635e-10
1695.196	0.934	-0.988	1.14875553e-09	1.77883983e-10	-1.77888354e-10
1697.081	0.862	-0.951	1.25326056e-09	1.86826212e-10	-1.868311875e-10
1698.861	0.812	-0.918	1.31386215e-09	1.958601855e-10	-1.958654865e-10
1700.426	0.968	-0.754	1.319275215e-09	1.966671465e-10	-1.96672587e-10
245.839	10.871	-11.695	2.954294265e-10	6.05310495e-11	-6.05310495e-11
264.186	10.075	-7.476	3.23760063e-10	7.30516395e-11	-7.30516395e-11
286.334	13.000	-12.073	2.206869075e-10	4.9644609e-11	-4.9644609e-11
310.329	6.556	-10.996	3.148980465e-10	7.0519017e-11	-7.0519017e-11
323.991	7.938	-7.106	3.705665445e-10	8.3235372e-11	-8.3235372e-11
343.290	8.697	-11.362	2.796596955e-10	6.26276415e-11	-6.26276415e-11
362.735	6.803	-10.748	3.94117818e-10	7.92988215e-11	-7.92988215e-11
378.508	11.088	-8.970	2.781981075e-10	6.2393979e-11	-6.2393979e-11
395.972	8.668	-6.376	3.70956912e-10	8.3448621e-11	-8.3448621e-11
412.391	7.293	-7.751	3.69009399e-10	8.27610255e-11	-8.27610255e-11
430.279	9.463	-10.595	3.205031565e-10	6.70041285e-11	-6.70041285e-11
449.563	7.731	-9.820	3.3650004e-10	7.36405155e-11	-7.36405155e-11
472.345	12.529	-15.051	2.11722777e-10	4.65337125e-11	-4.65337125e-11
494.737	12.703	-9.862	2.494811955e-10	5.58694245e-11	-5.58694245e-11
520.209	17.318	-12.769	2.032548945e-10	4.375123155e-11	-4.375123155e-11
555.244	19.893	-17.716	1.557517965e-10	3.413395275e-11	-3.413395275e-11
591.144	14.081	-16.006	2.02698243e-10	4.33334709e-11	-4.33334709e-11
619.843	15.470	-14.618	1.81627047e-10	4.1105721e-11	-4.1105721e-11
650.041	17.867	-14.728	1.701333165e-10	3.82147416e-11	-3.82147416e-11
682.334	13.154	-14.427	2.23225575e-10	4.77218805e-11	-4.77218805e-11
705.989	12.065	-10.501	2.415455055e-10	5.45836995e-11	-5.45836995e-11
726.101	9.504	-8.047	3.298015755e-10	7.23817605e-11	-7.23817605e-11
752.129	11.057	-16.524	2.007416625e-10	4.550071965e-11	-4.550071965e-11
781.462	14.319	-18.276	1.774483245e-10	3.91695168e-11	-3.91695168e-11
808.291	10.055	-12.511	2.70905652e-10	5.79150525e-11	-5.79150525e-11
827.489	5.901	-9.143	3.69019536e-10	8.28878775e-11	-8.28878775e-11
846.707	11.756	-13.317	2.563806795e-10	5.373912e-11	-5.373912e-11
875.726	12.825	-17.263	2.016297195e-10	4.35811671e-11	-4.35811671e-11
898.624	7.477	-10.074	3.30438486e-10	7.23139635e-11	-7.23139635e-11
913.838	9.815	-7.737	3.55083021e-10	7.6014573e-11	-7.6014573e-11
931.667	7.030	-8.014	3.69516714e-10	8.2874811e-11	-8.2874811e-11
945.412	8.329	-6.715	4.09673928e-10	8.75814015e-11	-8.75814015e-11
965.257	11.050	-11.516	2.43243825e-10	5.48015055e-11	-5.48015055e-11
983.073	5.770	-6.766	4.45175097e-10	9.9843405e-11	-9.9843405e-11
996.206	7.681	-7.363	4.541658255e-10	9.1601745e-11	-9.1601745e-11
1012.887	8.551	-9.000	4.98018255e-10	8.85354885e-11	-8.85354885e-11
1030.203	8.786	-8.765	4.7498355e-10	8.73303945e-11	-8.73303945e-11
1047.055	6.978	-8.066	4.59311376e-10	9.2527746e-11	-9.2527746e-11
1061.510	7.567	-7.477	6.4337958e-10	1.09784919e-10	-1.09784919e-10
1076.960	7.161	-7.883	6.2387934e-10	1.078499145e-10	-1.078499145e-10
1092.136	7.029	-8.015	5.4644289e-10	1.00671384e-10	-1.00671384e-10
1108.832	7.881	-9.667	7.8134787e-10	1.11232557e-10	-1.11232557e-10
4860.557	17.895	-14.700	5.67607365e-10	1.04502705e-10	-1.04502705e-10
4896.663	19.398	-18.211	4.90176495e-10	9.05855805e-11	-9.05855805e-11
4941.543	14.636	-25.481	3.150269445e-10	7.0615086e-11	-7.0615086e-11
4971.738	17.036	-15.559	5.84148345e-10	1.055794125e-10	-1.055794125e-10
5008.072	10.790	-19.298	4.043028525e-10	9.2069628e-11	-9.2069628e-11
5037.267	19.205	-18.405	4.231942215e-10	8.3892882e-11	-8.3892882e-11
5073.258	18.315	-16.787	5.2327845e-10	9.6793749e-11	-9.6793749e-11
5110.120	14.049	-18.546	5.6541954e-10	1.042948965e-10	-1.042948965e-10
5137.014	12.228	-12.845	7.86961815e-10	1.40090922e-10	-1.40090922e-10
5162.901	13.922	-13.659	4.43366526e-10	1.00255395e-10	-1.00255395e-10
5192.444	16.974	-15.622	5.6566692e-10	1.041454455e-10	-1.041454455e-10
5222.198	17.308	-12.780	4.051558485e-10	9.18735375e-11	-9.18735375e-11
5258.012	16.596	-18.506	4.51624275e-10	9.0211581e-11	-9.0211581e-11
5289.808	22.410	-15.200	4.883709e-10	9.0251943e-11	-9.0251943e-11
5329.223	13.082	-17.005	4.26432435e-10	9.43044645e-11	-9.43044645e-11
5360.204	19.711	-17.898	4.54618038e-10	8.70389325e-11	-8.70389325e-11
5395.035	14.968	-15.120	6.12784905e-10	1.126097475e-10	-1.126097475e-10
5425.121	19.984	-15.118	5.23128255e-10	9.64940565e-11	-9.64940565e-11
5467.599	17.624	-22.493	3.191804175e-10	7.0680837e-11	-7.0680837e-11
5510.536	17.310	-25.314	2.85811413e-10	6.4810863e-11	-6.4810863e-11
5541.916	21.033	-14.069	4.56347652e-10	8.98818495e-11	-8.98818495e-11
5578.428	19.624	-15.479	5.4292935e-10	9.84851865e-11	-9.84851865e-11
5616.926	21.243	-18.874	4.71760635e-10	8.5808775e-11	-8.5808775e-11
5650.197	15.552	-12.028	4.470729015e-10	1.005279315e-10	-1.005279315e-10
5682.916	15.428	-17.167	3.792235425e-10	8.51523345e-11	-8.51523345e-11
5720.717	17.744	-22.373	5.35418205e-10	9.12273735e-11	-9.12273735e-11
5757.907	18.164	-19.446	3.758018865e-10	7.8836937e-11	-7.8836937e-11
5799.879	11.294	-23.808	4.011521985e-10	8.47739175e-11	-8.47739175e-11
5831.390	19.900	-20.217	4.589245425e-10	8.4572061e-11	-8.4572061e-11
5866.198	17.687	-14.908	3.740483715e-10	8.4700122e-11	-8.4700122e-11
5905.690	15.805	-21.804	3.232314045e-10	7.3503573e-11	-7.3503573e-11
5938.144	13.438	-16.650	4.26766119e-10	9.4125579e-11	-9.4125579e-11
5968.228	20.964	-16.646	3.40108161e-10	7.52140755e-11	-7.52140755e-11
6007.020	17.275	-17.828	5.37733905e-10	9.7278279e-11	-9.7278279e-11
6040.926	15.963	-16.632	4.117910265e-10	8.88048165e-11	-8.88048165e-11
6083.438	31.120	-26.548	2.090380995e-10	4.8010971e-11	-4.8010971e-11
6132.140	17.520	-17.582	5.4489165e-10	9.83066265e-11	-9.83066265e-11
6183.373	18.940	-33.713	2.428446225e-10	5.3849046e-11	-5.3849046e-11
6226.008	13.915	-23.695	3.571622685e-10	7.7320479e-11	-7.7320479e-11
6259.969	22.578	-20.046	2.87399946e-10	6.51710985e-11	-6.51710985e-11
6295.913	21.736	-13.366	4.19685471e-10	8.62679625e-11	-8.62679625e-11
6336.238	19.021	-18.589	3.9107337e-10	8.0574735e-11	-8.0574735e-11
6374.679	23.204	-19.420	2.851312575e-10	6.50234145e-11	-6.50234145e-11
6420.066	12.920	-22.182	3.46426209e-10	7.85559375e-11	-7.85559375e-11
6455.244	17.859	-22.258	3.19803285e-10	7.072371e-11	-7.072371e-11
6491.268	21.952	-18.165	3.07312362e-10	6.91984635e-11	-6.91984635e-11
6533.769	17.060	-20.549	3.227670555e-10	7.33979715e-11	-7.33979715e-11
6570.003	15.929	-19.174	3.497840205e-10	7.89831795e-11	-7.89831795e-11
6601.847	14.173	-15.915	4.11072648e-10	9.23038485e-11	-9.23038485e-11
6636.318	19.819	-20.298	3.037327455e-10	6.9167355e-11	-6.9167355e-11
6675.309	15.930	-19.173	3.504193035e-10	7.89049665e-11	-7.89049665e-11
6713.794	17.561	-22.556	3.02469294e-10	6.9173493e-11	-6.9173493e-11
6750.866	18.100	-19.510	3.4377078e-10	7.5719112e-11	-7.5719112e-11
6789.789	21.801	-20.823	2.99829024e-10	6.6664353e-11	-6.6664353e-11
6825.929	23.270	-14.340	4.396617315e-10	8.56722045e-11	-8.56722045e-11
6866.858	14.936	-17.659	4.155294405e-10	8.92685145e-11	-8.92685145e-11
6900.340	21.571	-18.546	3.060901095e-10	6.91168095e-11	-6.91168095e-11
6941.731	17.790	-19.820	3.593677635e-10	7.73017395e-11	-7.73017395e-11
6973.932	13.169	-14.411	4.46919312e-10	1.006341375e-10	-1.006341375e-10
7000.772	16.417	-13.671	4.499734785e-10	9.66681525e-11	-9.66681525e-11
7037.609	19.697	-20.420	3.06052212e-10	6.8914674e-11	-6.8914674e-11
7077.226	22.705	-19.920	2.891644815e-10	6.502095e-11	-6.502095e-11
7119.981	15.051	-20.051	3.840139725e-10	8.2603251e-11	-8.2603251e-11
7161.353	13.796	-26.321	3.03666204e-10	6.8859618e-11	-6.8859618e-11
7193.949	13.796	-18.799	3.751584195e-10	8.5071285e-11	-8.5071285e-11
7232.270	23.113	-24.525	2.709128595e-10	5.9671404e-11	-5.9671404e-11
7272.748	17.738	-17.364	3.68356539e-10	8.1026064e-11	-8.1026064e-11
7312.358	20.753	-21.872	3.148327605e-10	6.79822095e-11	-6.79822095e-11
7355.543	17.685	-22.432	3.033794385e-10	6.8697705e-11	-6.8697705e-11
7404.879	31.019	-31.652	2.9237433e-10	5.40313725e-11	-5.40313725e-11
10741.298	36.494	-21.174	1.832132085e-10	4.13543007e-11	-4.13543007e-11
10818.516	34.496	-40.724	1.388174265e-10	3.17325393e-11	-3.17325393e-11
10882.513	28.167	-29.501	2.012119635e-10	4.345240395e-11	-4.345240395e-11
10958.350	30.057	-47.670	1.41426123e-10	3.137373135e-11	-3.137373135e-11
11011.339	24.707	-22.932	2.22258468e-10	5.0010192e-11	-5.0010192e-11
11070.870	37.888	-34.824	1.452800895e-10	3.274067325e-11	-3.274067325e-11
11158.633	27.851	-49.875	1.360573725e-10	3.071042745e-11	-3.071042745e-11
11210.652	33.501	-24.167	1.923496215e-10	4.24146681e-11	-4.24146681e-11
11271.727	22.573	-27.574	2.096011215e-10	4.76099085e-11	-4.76099085e-11
11319.480	17.443	-25.181	2.725262235e-10	5.8600788e-11	-5.8600788e-11
11384.364	32.794	-47.440	1.382688195e-10	3.044376855e-11	-3.044376855e-11
11456.252	31.110	-39.094	1.495143795e-10	3.4015308e-11	-3.4015308e-11
11567.293	60.479	-79.931	7.38410235e-11	1.704220815e-11	-1.704220815e-11
11654.445	30.996	-26.673	1.929263145e-10	4.247815455e-11	-4.247815455e-11
11711.879	31.229	-26.439	1.838229165e-10	4.15572639e-11	-4.15572639e-11
11801.400	31.971	-58.292	1.229332125e-10	2.735378775e-11	-2.735378775e-11
11877.601	36.004	-44.229	1.3101096e-10	2.980568625e-11	-2.980568625e-11
11940.794	30.480	-27.188	1.825852725e-10	4.134256875e-11	-4.134256875e-11
12044.207	64.961	-72.933	1.41338796e-10	2.35332222e-11	-2.35332222e-11
17621.225	20.688	-16.921	8.76996975e-11	1.9703445e-11	-1.9703445e-11
17669.362	22.698	-27.448	6.35510385e-11	1.43233578e-11	-1.43233578e-11
17711.613	18.057	-19.553	8.3745198e-11	1.893494415e-11	-1.893494415e-11
17754.613	20.189	-24.943	7.13317905e-11	1.6077003e-11	-1.6077003e-11
17792.475	14.921	-17.674	9.81771705e-11	2.20574145e-11	-2.20574145e-11
17836.224	21.319	-28.827	6.66101805e-11	1.457931705e-11	-1.457931705e-11
17875.747	14.391	-18.205	1.02701481e-10	2.26150332e-11	-2.26150332e-11
17914.072	18.690	-23.934	7.8666282e-11	1.72440693e-11	-1.72440693e-11
17955.623	22.271	-22.861	7.48956435e-11	1.641752715e-11	-1.641752715e-11
18002.462	20.564	-24.568	7.07750925e-11	1.597692105e-11	-1.597692105e-11
18056.616	24.078	-33.590	5.5728669e-11	1.252052955e-11	-1.252052955e-11
18104.132	24.201	-23.438	6.7098849e-11	1.50989778e-11	-1.50989778e-11
18165.558	32.979	-37.225	4.54726104e-11	1.024877205e-11	-1.024877205e-11
18223.306	25.378	-24.768	6.650523e-11	1.46224086e-11	-1.46224086e-11
18284.434	31.947	-35.750	4.8945435e-11	1.077786765e-11	-1.077786765e-11
18338.694	10.282	-22.313	9.75358425e-11	2.184412365e-11	-2.184412365e-11
18358.628	12.914	-9.652	1.40923272e-10	3.161108595e-11	-3.161108595e-11
18399.120	15.047	-27.578	8.1451818e-11	1.73905164e-11	-1.73905164e-11
18425.824	10.908	-11.658	1.369509165e-10	3.076869195e-11	-3.076869195e-11
18470.327	16.552	-33.594	6.2729802e-11	1.411583295e-11	-1.411583295e-11
18510.067	19.436	-23.188	7.4450964e-11	1.68335022e-11	-1.68335022e-11
18553.557	16.063	-24.054	8.1238848e-11	1.786187295e-11	-1.786187295e-11
18593.309	21.443	-23.689	7.00531335e-11	1.57387992e-11	-1.57387992e-11
18628.665	13.667	-13.913	1.119476805e-10	2.519112855e-11	-2.519112855e-11
18661.246	23.711	-18.914	8.1365979e-11	1.744731615e-11	-1.744731615e-11
18716.649	20.961	-31.693	6.21626415e-11	1.366761015e-11	-1.366761015e-11
18764.181	31.097	-26.571	5.37207525e-11	1.214637195e-11	-1.214637195e-11
18830.909	27.053	-35.630	5.23282635e-11	1.150534155e-11	-1.150534155e-11
18884.802	25.806	-26.841	8.5960644e-11	1.60849173e-11	-1.60849173e-11
22794.529	32.772	-47.462	2.00393238e-11	4.22596464e-12	-4.22596464e-12
22863.767	46.275	-36.466	1.706125455e-11	3.85989339e-12	-3.85989339e-12
22946.641	28.591	-36.599	2.09620884e-11	4.72388385e-12	-4.72388385e-12
23014.465	28.465	-39.232	2.053668315e-11	4.61599827e-12	-4.61599827e-12
23078.023	35.112	-35.093	1.942040415e-11	4.376461425e-12	-4.376461425e-12
23154.745	41.131	-41.610	1.70739165e-11	3.85268775e-12	-3.85268775e-12
23226.256	34.811	-30.379	2.18978358e-11	4.8260025e-12	-4.8260025e-12
23311.071	50.288	-50.005	1.42308135e-11	3.206966895e-12	-3.206966895e-12
23395.453	31.096	-34.094	2.12942658e-11	4.8175581e-12	-4.8175581e-12
23482.819	54.052	-56.270	5.32946265e-11	1.149760395e-11	-1.149760395e-11
23589.248	85.525	-52.377	4.95429135e-11	1.120696965e-11	-1.120696965e-11
23735.425	54.684	-60.652	5.9511351e-11	1.341509655e-11	-1.341509655e-11
23871.794	63.739	-81.685	4.95568635e-11	1.09097556e-11	-1.09097556e-11
23990.843	60.026	-55.310	6.2600532e-11	1.37812701e-11	-1.37812701e-11
24121.330	42.369	-70.460	1.43031768e-11	3.01630527e-12	-3.01630527e-12
24207.570	28.841	-43.871	1.8962514e-11	4.273274205e-12	-4.273274205e-12
24274.136	37.494	-37.725	1.83589347e-11	4.131875145e-12	-4.131875145e-12
24360.261	44.140	-48.631	1.516358955e-11	3.41717247e-12	-3.41717247e-12
24440.749	28.842	-36.348	2.38795077e-11	5.1394218e-12	-5.1394218e-12
24502.680	32.101	-33.090	2.158035705e-11	4.8505824e-12	-4.8505824e-12
24591.943	55.667	-57.162	7.42314375e-11	1.467478155e-11	-1.467478155e-11
27947.203	23.322	-29.332	3.59606541e-11	8.14743705e-12	-8.14743705e-12
27994.581	18.569	-24.056	4.61710869e-11	1.01067843e-11	-1.01067843e-11
28043.609	27.209	-30.460	3.16091283e-11	7.09117095e-12	-7.09117095e-12
28099.775	18.682	-28.957	3.805261005e-11	8.550699e-12	-8.550699e-12
28144.905	21.191	-26.448	3.82286451e-11	8.59025655e-12	-8.59025655e-12
28214.068	34.767	-47.972	3.633211005e-11	6.343437e-12	-6.343437e-12
30159.178	21.914	-30.740	3.6457674e-11	7.95571755e-12	-7.95571755e-12
30203.356	20.360	-22.265	4.49030319e-11	9.8149968e-12	-9.8149968e-12
30253.501	22.868	-29.786	3.540184035e-11	7.7382045e-12	-7.7382045e-12
30328.443	58.247	-52.073	2.29175529e-11	4.29192117e-12	-4.29192117e-12
33700.400	39.110	-31.095	2.741146635e-11	6.08168385e-12	-6.08168385e-12
33772.853	26.833	-33.342	3.05044371e-11	6.9408411e-12	-6.9408411e-12
33830.895	36.488	-31.209	2.75966061e-11	6.26697705e-12	-6.26697705e-12
33912.701	37.422	-45.317	2.941124535e-11	5.8195587e-12	-5.8195587e-12
35839.892	23.069	-12.033	5.0972835e-11	1.14402834e-11	-1.14402834e-11
35887.150	35.986	-24.190	2.92182099e-11	6.56992455e-12	-6.56992455e-12
35962.591	33.258	-39.454	2.55422919e-11	5.6234217e-12	-5.6234217e-12
36015.529	20.437	-19.680	4.446703395e-11	1.001740665e-11	-1.001740665e-11
36073.447	50.273	-37.481	3.054571515e-11	5.5391637e-12	-5.5391637e-12
39461.514	39.623	-50.640	2.052835035e-11	4.63085316e-12	-4.63085316e-12
39532.223	29.090	-31.086	3.01291821e-11	6.79663995e-12	-6.79663995e-12
39590.941	28.040	-29.628	3.42821343e-11	7.34407515e-12	-7.34407515e-12
39652.952	26.205	-33.971	2.981624175e-11	6.7023519e-12	-6.7023519e-12
39716.262	28.086	-37.104	2.75154543e-11	6.1634448e-12	-6.1634448e-12
39797.887	41.739	-53.540	1.97724417e-11	4.34369799e-12	-4.34369799e-12
39859.431	35.356	-19.805	3.28308786e-11	7.36702755e-12	-7.36702755e-12
39951.398	58.720	-56.611	2.799681765e-11	4.6981554e-12	-4.6981554e-12
45050.743	26.957	-20.683	2.59918167e-11	5.8546383e-12	-5.8546383e-12
45119.422	33.497	-41.723	1.881084495e-11	4.133569605e-12	-4.133569605e-12
45195.662	37.491	-42.743	1.5330213e-11	3.453120225e-12	-3.453120225e-12
45291.187	44.767	-58.034	2.11559748e-11	4.7476221e-12	-4.7476221e-12
45382.581	43.637	-46.627	1.547632995e-11	3.46482381e-12	-3.46482381e-12
45457.178	39.245	-30.960	1.74740025e-11	3.92639397e-12	-3.92639397e-12
45525.504	38.617	-29.081	1.80835524e-11	4.07830017e-12	-4.07830017e-12
45595.959	33.351	-31.839	1.88364711e-11	4.22737638e-12	-4.22737638e-12
45672.301	57.303	-42.990	1.93067535e-11	4.33802406e-12	-4.33802406e-12
45790.663	51.770	-61.059	1.81470621e-11	3.982654785e-12	-3.982654785e-12
45880.934	31.704	-38.501	1.834098105e-11	4.03032054e-12	-4.03032054e-12
45967.757	50.187	-55.119	2.25812184e-11	3.627192975e-12	-3.627192975e-12
86520.402	64.694	-53.150	1.118973675e-11	2.511920235e-12	-2.511920235e-12
86677.103	55.924	-92.007	1.59312534e-11	3.584886345e-12	-3.584886345e-12
86784.544	31.226	-51.516	1.307429805e-11	2.8675248e-12	-2.8675248e-12
86856.384	44.634	-40.615	1.20580452e-11	2.71424964e-12	-2.71424964e-12
86939.878	43.882	-38.860	1.304291985e-11	2.849795745e-12	-2.849795745e-12
87019.987	49.021	-36.228	1.19930754e-11	2.692439745e-12	-2.692439745e-12
87108.368	45.888	-39.360	1.196451975e-11	2.689607895e-12	-2.689607895e-12
87220.446	44.133	-66.189	9.2918532e-12	2.086016505e-12	-2.086016505e-12
87300.454	46.866	-35.876	1.290901845e-11	2.838477645e-12	-2.838477645e-12
87384.426	43.128	-37.106	1.27283427e-11	2.857506375e-12	-2.857506375e-12
87467.166	40.622	-39.612	1.27443201e-11	2.857291545e-12	-2.857291545e-12
87555.423	37.614	-47.635	1.19658915e-11	2.68991619e-12	-2.68991619e-12
87669.785	91.236	-76.748	1.05791778e-11	1.805988855e-12	-1.805988855e-12
91339.668	1252.093	-116.777	1.32677055e-11	3.131586675e-12	-3.131586675e-12
92634.884	37.110	-43.124	1.31958816e-11	2.963978355e-12	-2.963978355e-12
92703.959	40.747	-31.965	1.44268203e-11	3.2295552e-12	-3.2295552e-12
92805.630	39.369	-60.924	1.04673174e-11	2.345822235e-12	-2.345822235e-12
92885.740	44.507	-40.741	1.22552517e-11	2.758911495e-12	-2.758911495e-12
92971.740	48.770	-41.493	1.162379565e-11	2.613808245e-12	-2.613808245e-12
93066.516	36.736	-46.006	1.268425605e-11	2.842658925e-12	-2.842658925e-12
93145.246	48.270	-41.994	1.16398521e-11	2.60567121e-12	-2.60567121e-12
93227.864	25.827	-34.349	1.743813705e-11	3.908047395e-12	-3.908047395e-12
93300.200	26.203	-46.509	1.44435789e-11	3.23330682e-12	-3.23330682e-12
93396.787	90.079	-70.385	1.07534319e-11	1.88861052e-12	-1.88861052e-12
98367.495	58.676	-54.153	9.2939457e-12	2.08296006e-12	-2.08296006e-12
98469.588	54.368	-43.417	1.1709072e-11	2.51470698e-12	-2.51470698e-12
98564.698	31.971	-40.742	1.434693795e-11	3.22654572e-12	-3.22654572e-12
98667.366	59.683	-70.697	8.0298153e-12	1.799642535e-12	-1.799642535e-12
98776.565	43.254	-49.516	1.129630545e-11	2.528826705e-12	-2.528826705e-12
98863.819	36.234	-44.000	1.30491276e-11	2.92457193e-12	-2.92457193e-12
98936.281	44.006	-36.228	1.302271095e-11	2.92536615e-12	-2.92536615e-12
99044.844	63.316	-64.557	8.1527241e-12	1.835615865e-12	-1.835615865e-12
99157.481	76.040	-49.322	9.579651e-12	2.007490095e-12	-2.007490095e-12
102825.446	57.171	-58.165	9.0139692e-12	2.054389065e-12	-2.054389065e-12
102938.650	66.826	-56.033	8.5787199e-12	1.93655109e-12	-1.93655109e-12
103059.503	56.295	-54.027	9.569049e-12	2.151316455e-12	-2.151316455e-12
103174.595	51.524	-58.797	1.003207275e-11	2.19765138e-12	-2.19765138e-12
103280.023	43.881	-53.904	1.08397452e-11	2.42711586e-12	-2.42711586e-12
103379.473	79.826	-55.568	8.23161135e-12	1.8079014e-12	-1.8079014e-12
103541.026	58.682	-81.727	7.55529675e-12	1.70552514e-12	-1.70552514e-12
103699.950	90.309	-100.241	9.1589748e-12	1.599606045e-12	-1.599606045e-12
104555.193	126.892	-88.737	5.49044565e-12	1.22950092e-12	-1.22950092e-12
106012.548	3381.533	-1330.462	5.22458655e-12	9.61861335e-13	-9.61861335e-13
166736.741	82.997	-52.398	7.7655837e-12	1.74635679e-12	-1.74635679e-12
166892.569	97.666	-72.831	6.1861833e-12	1.38800361e-12	-1.38800361e-12
167065.074	63.063	-74.839	7.6042659e-12	1.710078885e-12	-1.710078885e-12
167241.855	46.749	-113.719	6.8968986e-12	1.5132123e-12	-1.5132123e-12
167395.785	65.824	-107.180	6.0866268e-12	1.36722369e-12	-1.36722369e-12
167507.872	56.537	-46.263	1.063912095e-11	2.339362455e-12	-2.339362455e-12
167637.993	91.899	-73.584	6.3390288e-12	1.42392021e-12	-1.42392021e-12
167796.579	71.214	-66.688	7.5693816e-12	1.7002911e-12	-1.7002911e-12
167977.895	103.014	-110.102	5.88875535e-12	1.2077538e-12	-1.2077538e-12
171427.152	101.223	-119.421	3.60121296e-12	9.4681719e-13	-9.4681719e-13
171649.843	96.669	-121.468	4.8588408e-12	1.09259655e-12	-1.09259655e-12
171789.008	65.318	-42.496	9.9297123e-12	2.230357155e-12	-2.230357155e-12
171934.679	85.130	-80.353	6.37443855e-12	1.43990133e-12	-1.43990133e-12
172104.296	91.024	-84.487	6.0455208e-12	1.357911135e-12	-1.357911135e-12
172285.828	82.497	-90.508	4.567037955e-12	1.193480625e-12	-1.193480625e-12
172464.015	62.271	-95.690	7.06415445e-12	1.54813938e-12	-1.54813938e-12
172642.239	69.587	-115.954	5.70250425e-12	1.28520792e-12	-1.28520792e-12
172809.687	85.173	-97.860	4.315345545e-12	1.127707305e-12	-1.127707305e-12
172972.832	72.466	-77.972	7.02152325e-12	1.584274065e-12	-1.584274065e-12
173106.850	46.262	-61.552	9.8569305e-12	2.211518145e-12	-2.211518145e-12
173253.573	107.646	-100.460	5.32292475e-12	1.172831835e-12	-1.172831835e-12
173461.257	50.401	-100.038	7.08678135e-12	1.59538803e-12	-1.59538803e-12
173657.737	162.309	-146.079	6.7049094e-12	1.08048051e-12	-1.08048051e-12
178268.320	79.116	-123.976	6.57742965e-12	1.480184745e-12	-1.480184745e-12
178455.318	127.805	-107.882	4.23017289e-12	1.100401575e-12	-1.100401575e-12
178700.078	111.209	-116.956	5.73853245e-12	1.29139893e-12	-1.29139893e-12
178996.301	223.674	-185.013	5.33123895e-12	9.3663462e-13	-9.3663462e-13
258413.161	102.056	-133.631	3.32042736e-12	8.6621037e-13	-8.6621037e-13
258619.096	91.690	-103.880	4.00397271e-12	1.042130565e-12	-1.042130565e-12
258846.086	115.431	-135.300	3.107923755e-12	8.12643765e-13	-8.12643765e-13
259088.968	103.222	-127.451	3.4058181e-12	8.8340328e-13	-8.8340328e-13
259290.551	114.761	-98.361	3.660560445e-12	9.5604186e-13	-9.5604186e-13
259496.322	87.009	-91.011	5.8491234e-12	1.32145002e-12	-1.32145002e-12
259741.803	132.369	-158.472	4.27939872e-12	8.8614492e-13	-8.8614492e-13
264637.441	110.156	-150.604	5.46411735e-12	1.19781303e-12	-1.19781303e-12
264886.742	129.138	-139.145	3.583502505e-12	9.3920142e-13	-9.3920142e-13
265254.651	345.427	-238.772	2.557435365e-12	5.47047855e-13	-5.47047855e-13
269175.140	135.488	-100.200	3.3530313e-12	8.75800065e-13	-8.75800065e-13
269475.685	98.212	-165.056	2.98655271e-12	7.83716115e-13	-7.83716115e-13
269725.414	119.273	-151.517	2.90302104e-12	7.591404e-13	-7.591404e-13
269961.396	63.817	-116.709	5.8394235e-12	1.31478843e-12	-1.31478843e-12
270119.546	88.702	-94.332	4.585347795e-12	1.160066655e-12	-1.160066655e-12
270329.596	99.295	-121.349	4.774992e-12	1.076056965e-12	-1.076056965e-12
270534.064	143.051	-105.173	4.276793325e-12	9.61284735e-13	-9.61284735e-13
270779.324	80.825	-102.209	4.32980007e-12	1.12700376e-12	-1.12700376e-12
271064.100	274.932	-203.951	2.976344565e-12	5.78701335e-13	-5.78701335e-13
275431.445	120.985	-102.166	4.7217123e-12	1.065839985e-12	-1.065839985e-12
275678.873	104.230	-126.443	3.41938494e-12	8.95051065e-13	-8.95051065e-13
276032.747	196.653	-249.644	2.93490423e-12	5.9368689e-13	-5.9368689e-13
287783.742	103.275	-82.266	4.596175785e-12	1.15915014e-12	-1.15915014e-12
288040.105	110.180	-153.088	3.27631839e-12	8.2719315e-13	-8.2719315e-13
288260.086	90.780	-109.801	4.545428475e-12	1.11616647e-12	-1.11616647e-12
315688.724	117.269	-118.419	3.40652583e-12	8.85506475e-13	-8.85506475e-13
315898.506	125.624	-92.513	3.66684771e-12	9.56407815e-13	-9.56407815e-13
316208.517	221.793	-184.387	2.76609156e-12	6.06519495e-13	-6.06519495e-13
327813.134	125.796	-117.413	3.260999895e-12	8.5670112e-13	-8.5670112e-13
328085.434	111.750	-146.503	3.043091595e-12	7.975959e-13	-7.975959e-13
328316.158	234.552	-118.975	3.554032665e-12	7.3760532e-13	-7.3760532e-13
343900.009	116.430	-101.706	3.59012736e-12	9.3449469e-13	-9.3449469e-13
344183.495	168.924	-167.056	2.325739815e-12	6.0891192e-13	-6.0891192e-13
344628.982	182.270	-276.563	2.39537217e-12	5.29679175e-13	-5.29679175e-13
356037.389	231.938	-199.318	3.160500375e-12	6.4168326e-13	-6.4168326e-13
368055.501	393.855	-335.769	2.12804553e-12	4.137838305e-13	-4.137838305e-13
373173.088	191.993	-204.163	1.996836945e-12	5.25958245e-13	-5.25958245e-13
373500.221	82.996	-135.140	3.64223154e-12	9.44806995e-13	-9.44806995e-13
373732.553	196.673	-149.336	2.284897935e-12	5.947908e-13	-5.947908e-13
374039.403	110.461	-110.177	4.307435895e-12	1.02318972e-12	-1.02318972e-12
378933.480	93.195	-205.176	2.63855973e-12	6.92430105e-13	-6.92430105e-13
379119.692	125.119	-93.017	3.634219125e-12	9.44876745e-13	-9.44876745e-13
379599.173	310.070	-354.362	2.04879558e-12	4.094132025e-13	-4.094132025e-13
418968.439	342.275	-241.928	1.580350395e-12	4.1202255e-13	-4.1202255e-13
419644.916	405.450	-334.201	2.168855325e-12	4.290114645e-13	-4.290114645e-13
442666.604	364.714	-312.257	1.45823907e-12	3.50681703e-13	-3.50681703e-13
510135.588	252.516	-261.484	1.61894958e-12	4.221275115e-13	-4.221275115e-13
510698.062	289.291	-309.957	1.37637303e-12	3.59320008e-13	-3.59320008e-13
511262.857	228.457	-275.504	1.98272466e-12	4.69958295e-13	-4.69958295e-13
515893.840	203.699	-282.720	1.715315715e-12	4.472012415e-13	-4.472012415e-13
516293.680	217.565	-196.141	2.00657172e-12	5.22238245e-13	-5.22238245e-13
516905.930	344.964	-394.685	2.099090445e-12	3.997249275e-13	-3.997249275e-13
527422.624	316.873	-317.478	1.302412455e-12	3.414998595e-13	-3.414998595e-13
528034.539	316.735	-295.041	1.436524035e-12	3.64350564e-13	-3.64350564e-13
539694.735	415.297	-419.634	1.6996866e-12	3.377902755e-13	-3.377902755e-13
551752.960	296.409	-405.635	1.418476455e-12	3.48214692e-13	-3.48214692e-13
591974.528	455.511	-487.234	1.577593875e-12	3.132212565e-13	-3.132212565e-13
603522.604	367.350	-359.767	1.650420315e-12	3.5750037e-13	-3.5750037e-13
612106.829	7263.769	-3362.122	1.29210945e-12	2.52363498e-13	-2.52363498e-13
647144.775	24727.207	-10765.465	9.60856935e-13	2.542923645e-13	-2.542923645e-13
672383.422	325.998	-511.440	1.07178594e-12	2.72249874e-13	-2.72249874e-13
680583.667	3465.588	-2998.738	9.79899615e-13	1.863140145e-13	-1.863140145e-13
711460.682	254.669	-206.677	1.80404934e-12	4.69155705e-13	-4.69155705e-13
712152.951	517.679	-437.599	1.153546425e-12	2.600947275e-13	-2.600947275e-13
764031.587	478.442	-642.321	9.7074702e-13	2.2160505e-13	-2.2160505e-13
785983.785	723.824	-793.093	1.091958105e-12	2.052600675e-13	-2.052600675e-13
804078.315	390.535	-374.192	1.15451967e-12	2.940562815e-13	-2.940562815e-13
843674.544	575.646	-688.033	9.04420815e-13	2.02618728e-13	-2.02618728e-13
866624.284	605.080	-696.209	1.09566741e-12	2.26870803e-13	-2.26870803e-13
952542.456	728.031	-874.133	7.9160391e-13	1.68334092e-13	-1.68334092e-13
958799.650	4659.696	-1331.325	5.0894622e-13	1.356589605e-13	-1.356589605e-13
963856.387	573.284	-397.041	8.7255576e-13	2.294159805e-13	-2.294159805e-13
1004791.415	5959.612	-29519.362	8.28554205e-13	1.595263875e-13	-1.595263875e-13
1124565.041	604.812	-706.506	6.5635215e-13	1.67302815e-13	-1.67302815e-13
1142525.428	28065.819	-6906.742	6.5061126e-13	1.1959986e-13	-1.1959986e-13
1211695.098	9673.171	-7274.791	4.303033275e-13	1.144501245e-13	-1.144501245e-13
1223038.571	5392.465	-1670.302	5.0360337e-13	1.167137445e-13	-1.167137445e-13
1316908.322	72799.527	-48803.256	4.7227725e-13	6.99966825e-14	-6.99966825e-14
1514122.685	18806.929	-40200.619	5.23504905e-13	1.27125792e-13	-1.27125792e-13
1554781.763	12109.001	-5728.420	3.205672335e-13	8.58017535e-14	-8.58017535e-14
1807957.603	17291.778	-18436.093	3.556402305e-13	7.22120355e-14	-7.22120355e-14
1977422.928	20446.192	-20545.023	2.741386575e-13	6.1243569e-14	-6.1243569e-14
2164861.328	4788.465	-8152.801	3.251758485e-13	7.54700115e-14	-7.54700115e-14
2307571.626	22817.556	-18742.079	2.774577345e-13	6.3975351e-14	-6.3975351e-14
2506574.449	13176.298	-6053.104	2.557840845e-13	5.99941605e-14	-5.99941605e-14
2981739.971	254707.699	-263161.849	2.015061225e-13	3.660566025e-14	-3.660566025e-14
3710794.742	225615.748	-183403.044	1.17752787e-13	2.452885695e-14	-2.452885695e-14
4427106.844	335503.021	-226903.299	1.03964514e-13	2.48532735e-14	-2.48532735e-14
5471533.589	496476.888	-440590.335	6.5956065e-14	1.69941783e-14	-1.69941783e-14
6856608.728	293161.495	-619665.250	6.0852039e-14	1.69139658e-14	-1.69139658e-14
7826440.955	791829.360	-420224.652	5.7438102e-14	1.898596395e-14	-1.58647305e-14
10230280.060	291969.943	-283232.935	3.1706955e-13	3.2e-16	0