Time	T_+ve	T_-ve	Flux	Fluxpos	Fluxneg
162.09761955151	1.54491150261296	-1.70191851754402	4.95722450823645e-10	7.38989666506648e-11	-7.38995323755589e-11
165.343559016056	1.32881596449667	-1.70102796193331	5.40422732575973e-10	8.05749156973325e-11	-8.05860994059995e-11
167.862837417595	0.981839570632729	-1.19046243704227	7.65834026816815e-10	1.14313266705167e-10	-1.14356260130903e-10
169.656060335017	1.06116068663499	-0.811383346789029	9.880739507187e-10	1.41851708210178e-10	-1.4200086995929e-10
181.485	0.671	-0.832	8.96300653e-10	1.952231022e-10	-1.951405856e-10
183.124	0.813	-0.968	9.9889155e-10	1.526604292e-10	-1.525326985e-10
185.169	0.688	-1.232	9.41648695e-10	1.40775471e-10	-1.406645351e-10
186.716	0.683	-0.859	1.153263869e-09	1.761584364e-10	-1.760286584e-10
188.188	0.931	-0.789	1.034000663e-09	1.578415556e-10	-1.57746894e-10
190.253	1.071	-1.134	8.20001599e-10	1.225470405e-10	-1.224591107e-10
192.406	0.870	-1.082	8.95825263e-10	1.398231989e-10	-1.397298559e-10
194.616	1.268	-1.340	6.92375346e-10	1.034402489e-10	-1.033737984e-10
197.063	1.189	-1.179	7.50464881e-10	1.146064313e-10	-1.1452735e-10
199.561	1.126	-1.310	7.29648004e-10	1.114004983e-10	-1.113293633e-10
201.942	1.453	-1.255	6.41902114e-10	1.00110541e-10	-1.000625509e-10
204.964	1.809	-1.569	5.19081464e-10	7.92085449e-11	-7.91685705e-11
208.870	1.713	-2.096	4.1573723e-10	7.25541259e-11	-7.25282397e-11
211.897	1.201	-1.314	6.8520355e-10	1.068239847e-10	-1.067836286e-10
214.898	1.755	-1.800	4.67758082e-10	7.62343385e-11	-7.62068214e-11
218.115	1.435	-1.461	6.03329941e-10	9.20175988e-11	-9.19840092e-11
221.262	1.632	-1.712	5.22466449e-10	7.96827551e-11	-7.9654197e-11
225.056	2.836	-2.161	3.165439835e-10	5.34818261e-11	-5.34681196e-11
229.952	1.543	-2.060	2.868384239e-10	6.19796826e-11	-6.19714934e-11
233.347	1.640	-1.852	3.205192849e-10	6.25340498e-11	-6.25210026e-11
236.900	1.612	-1.913	3.455531141e-10	6.21159148e-11	-6.20990853e-11
240.296	2.162	-1.784	2.386940477e-10	6.39051162e-11	-6.38991131e-11
244.629	1.502	-2.171	2.902837522e-10	6.05891495e-11	-6.05802316e-11
248.783	3.148	-2.652	2.033206595e-10	3.71433658e-11	-3.71360788e-11
253.918	1.868	-1.986	2.984759017e-10	5.63229927e-11	-5.63158098e-11
259.140	2.295	-3.355	1.682737983e-10	4.04983006e-11	-4.04943101e-11
279.537	8.119	-11.940	1.321378082e-10	2.901786459e-11	-2.901786459e-11
294.606	10.601	-6.950	1.486109739e-10	3.277407366e-11	-3.277407366e-11
316.185	9.081	-10.977	1.257231662e-10	2.82372291e-11	-2.82372291e-11
333.514	9.303	-8.248	1.489488131e-10	3.2640555e-11	-3.2640555e-11
360.318	15.095	-17.501	7.9244043e-11	1.740223391e-11	-1.740223391e-11
394.537	18.485	-19.125	7.28448078e-11	1.559315288e-11	-1.559315288e-11
430.522	15.095	-17.500	8.03057589e-11	1.752415583e-11	-1.752415583e-11
466.813	16.414	-21.196	7.07495524e-11	1.543882116e-11	-1.543882116e-11
494.479	11.314	-11.252	1.104066903e-10	2.479717173e-11	-2.479717173e-11
522.433	18.463	-16.640	7.80220131e-11	1.666780494e-11	-1.666780494e-11
568.317	20.217	-27.422	5.21696109e-11	1.169129403e-11	-1.169129403e-11
617.196	26.499	-28.662	4.55643965e-11	1.021105102e-11	-1.021105102e-11
662.043	16.754	-18.348	7.08350879e-11	1.587425758e-11	-1.587425758e-11
705.278	21.156	-26.480	6.26236452e-11	1.299815849e-11	-1.299815849e-11
5079.709	44.955	-37.786	9.52721465e-12	2.14120167e-12	-2.14120167e-12
5179.207	45.749	-54.543	8.22454889e-12	1.800537543e-12	-1.800537543e-12
5264.019	38.664	-39.063	1.012789594e-11	2.27620202e-12	-2.27620202e-12
5336.493	33.888	-33.810	1.158856468e-11	2.608911519e-12	-2.608911519e-12
5417.839	35.283	-47.458	9.42821208e-12	2.118951336e-12	-2.118951336e-12
5493.067	37.782	-39.945	1.009881387e-11	2.265819086e-12	-2.265819086e-12
5610.802	45.413	-79.953	6.5423727e-12	1.436910344e-12	-1.436910344e-12
5714.055	52.482	-57.840	7.08165581e-12	1.602454328e-12	-1.602454328e-12
5804.965	41.807	-38.427	9.7554539e-12	2.188781616e-12	-2.188781616e-12
5889.480	42.540	-42.709	9.27609769e-12	2.081231048e-12	-2.081231048e-12
5976.331	40.939	-44.310	9.2473418e-12	2.085382556e-12	-2.085382556e-12
6046.952	33.000	-29.683	1.25512676e-11	2.820845586e-12	-2.820845586e-12
6125.796	39.405	-45.844	9.61721257e-12	2.108826917e-12	-2.108826917e-12
6244.955	74.976	-79.754	6.03871955e-12	1.375861246e-12	-1.375861246e-12
6481.959	163.647	-162.029	6.34370132e-12	1.163449707e-12	-1.163449707e-12
11048.085	127.408	-128.338	2.333645441e-12	6.09417015e-13	-6.09417015e-13
11257.880	93.125	-82.387	3.356983835e-12	8.76655248e-13	-8.76655248e-13
11440.671	125.964	-89.666	2.597014277e-12	7.13988588e-13	-7.13988588e-13
11665.178	94.520	-98.543	3.80430674e-12	9.20673933e-13	-9.20673933e-13
28204.942	210.863	-227.917	1.44328751e-12	3.76734083e-13	-3.76734083e-13
28648.767	200.804	-232.962	1.478187729e-12	3.85843874e-13	-3.85843874e-13
30044.342	3762.144	-1194.771	8.73186983e-13	2.038067718e-13	-2.038067718e-13
88809.978	3778.790	-8976.717	3.293855513e-13	8.93192921e-14	-8.93192921e-14
117318.748	14750.287	-8086.106	5.56568915e-13	1.306136454e-13	-1.306136454e-13
180996.733	20492.488	-32185.510	2.64360562e-13	4.91590389e-14	-4.91590389e-14
334295.701	51273.491	-52230.682	1.428089604e-13	3.431177293e-14	-3.431177293e-14
535847.940	217580.178	-64991.717	3.88616751e-14	1.11005647e-14	-1.11005647e-14