Time	T_+ve	T_-ve	Flux	Fluxpos	Fluxneg
60.8630324060777	0.301787566540455	-0.833393417208953	7.80867041546283e-09	9.61492917263317e-10	-9.4764042513152e-10
61.4227729354164	0.2793350473221	-0.257952962798299	1.52082261507547e-08	1.86988942028722e-09	-1.84459586893781e-09
62.0356643014871	0.230283653270604	-0.333556318748592	1.45990513842459e-08	1.85047991649269e-09	-1.75769576853592e-09
62.5445828699787	0.408097138535666	-0.278634915221033	1.19581237239138e-08	1.49227526560865e-09	-1.45074416528768e-09
63.3093283664962	0.362128642922329	-0.356648357981776	1.13083919543558e-08	1.41259767328489e-09	-1.37192499063432e-09
64.1321094410861	0.338178554355324	-0.460652431667569	1.02580589754003e-08	1.28043424435073e-09	-1.24433969510402e-09
65.0323044059717	0.398715572654609	-0.56201641053029	8.42527583100371e-09	1.05136010024149e-09	-1.0220120118239e-09
65.8076753182861	0.395487666664891	-0.37665533965982	1.04954686316125e-08	1.31232102321168e-09	-1.27287072753598e-09
66.588081886675	0.428160097795427	-0.384918901723964	1.00555358886809e-08	1.24977908079677e-09	-1.2199874419964e-09
67.7906188333499	0.769028130723314	-0.774376848879484	9.04211617328819e-09	8.64433432538627e-10	-8.36542878655466e-10
76.637	0.429	-0.569	6.54543522e-09	8.37269118e-10	-8.1514518e-10
77.439	0.353	-0.373	8.8648503e-09	1.163254266e-09	-1.11240429e-09
78.186	0.299	-0.395	9.27418758e-09	1.199165088e-09	-1.16433786e-09
78.881	0.485	-0.395	7.30677948e-09	9.92200758e-10	-9.16806546e-10
79.947	0.439	-0.581	6.37491696e-09	8.62606314e-10	-7.8939876e-10
80.893	0.530	-0.507	6.14216904e-09	8.08074384e-10	-7.81004712e-10
81.896	0.435	-0.472	7.02154044e-09	9.23316606e-10	-8.92970664e-10
82.742	0.339	-0.412	8.40001644e-09	1.140647826e-09	-1.082754666e-09
83.557	0.359	-0.476	7.63502952e-09	9.93687558e-10	-9.70714728e-10
84.462	0.507	-0.546	6.23126376e-09	7.8634905e-10	-7.6210182e-10
85.484	0.420	-0.515	6.87615264e-09	9.42026214e-10	-8.62605252e-10
86.536	0.573	-0.631	5.23603524e-09	6.98948928e-10	-6.74703114e-10
87.594	0.504	-0.485	6.50513586e-09	8.34666156e-10	-8.1616293e-10
88.643	0.510	-0.545	6.09930318e-09	8.1271497e-10	-7.65571374e-10
89.531	0.489	-0.378	7.50091662e-09	1.002202674e-09	-9.28990872e-10
90.685	0.506	-0.665	5.38721094e-09	7.15429044e-10	-6.94473306e-10
91.756	0.511	-0.565	5.97824226e-09	7.69118454e-10	-7.50202464e-10
92.759	0.397	-0.492	7.30572102e-09	9.57325386e-10	-9.05454474e-10
93.723	0.453	-0.566	6.3749736e-09	8.52802284e-10	-7.8951735e-10
94.713	0.577	-0.537	5.7202506e-09	7.55353164e-10	-7.2807357e-10
95.700	0.495	-0.410	7.24732872e-09	9.15323994e-10	-8.8628502e-10
96.661	0.473	-0.466	6.85006638e-09	8.874603e-10	-8.60176812e-10
97.685	0.578	-0.550	5.72725626e-09	7.54193814e-10	-7.15333464e-10
98.901	0.658	-0.639	4.8768102e-09	6.619446e-10	-6.25555524e-10
100.205	0.607	-0.645	5.07389616e-09	6.5923473e-10	-6.3773808e-10
101.291	0.466	-0.479	6.8609802e-09	8.70414846e-10	-8.40160236e-10
102.293	0.546	-0.536	5.6407953e-09	7.56520302e-10	-7.46111994e-10
103.408	0.509	-0.569	5.89433364e-09	7.56189666e-10	-7.3963344e-10
104.470	0.563	-0.554	5.57453712e-09	7.47869958e-10	-7.19347116e-10
105.478	0.392	-0.444	7.7514318e-09	9.9311514e-10	-9.49619514e-10
106.360	0.508	-0.490	6.36738384e-09	8.45683698e-10	-8.02173558e-10
107.395	0.615	-0.527	5.52020874e-09	7.52226282e-10	-7.06828968e-10
108.581	0.432	-0.571	6.57984402e-09	8.73693948e-10	-8.20948656e-10
109.562	0.603	-0.548	5.6791866e-09	7.56236394e-10	-7.1701992e-10
110.707	0.518	-0.542	5.9195172e-09	8.14554e-10	-7.86268692e-10
111.876	0.522	-0.651	5.63141076e-09	7.23372804e-10	-6.99704364e-10
112.921	0.475	-0.523	6.4193121e-09	8.62629324e-10	-8.30352312e-10
113.895	0.490	-0.499	6.74032992e-09	8.60449392e-10	-8.27448096e-10
114.927	0.597	-0.542	5.85579012e-09	7.51535982e-10	-7.19376144e-10
116.211	0.606	-0.687	5.05424208e-09	6.61803354e-10	-6.36863346e-10
117.438	0.573	-0.621	5.53062696e-09	7.16113326e-10	-6.87987318e-10
118.594	0.474	-0.583	6.22634316e-09	8.04773688e-10	-7.7437323e-10
119.752	0.575	-0.684	5.15288064e-09	6.73825548e-10	-6.49193166e-10
120.997	0.462	-0.669	3.78249708e-09	4.72922052e-10	-4.69343466e-10
121.785	0.278	-0.326	4.16706144e-09	5.24174526e-10	-5.2417488e-10
122.406	0.282	-0.343	4.18619868e-09	5.07653346e-10	-5.076537e-10
122.968	0.279	-0.280	4.63023858e-09	5.69611842e-10	-5.6961255e-10
123.486	0.264	-0.239	3.402937218e-09	5.2359963e-10	-5.23599984e-10
124.041	0.330	-0.291	4.10406714e-09	5.08745436e-10	-5.0874579e-10
124.615	0.279	-0.244	4.99790298e-09	6.06087294e-10	-6.06088002e-10
125.201	0.327	-0.307	4.06673784e-09	4.96832982e-10	-4.96833336e-10
125.801	0.315	-0.274	4.32710838e-09	5.36394252e-10	-5.36394606e-10
126.427	0.255	-0.311	4.50400926e-09	5.58323136e-10	-5.5832349e-10
127.002	0.335	-0.320	3.85000488e-09	4.84291824e-10	-4.84292178e-10
127.629	0.411	-0.292	3.58684482e-09	4.5118893e-10	-4.51189284e-10
128.286	0.273	-0.247	3.330022068e-09	4.96411722e-10	-4.96412076e-10
128.914	0.335	-0.355	3.73130868e-09	4.55853588e-10	-4.55854296e-10
129.570	0.301	-0.320	4.0596543e-09	5.10663762e-10	-5.10664116e-10
130.117	0.255	-0.247	3.524693394e-09	5.19688992e-10	-5.19689346e-10
130.652	0.343	-0.280	3.298072152e-09	4.7648577e-10	-4.76486124e-10
131.310	0.370	-0.315	3.65070642e-09	4.59222252e-10	-4.59222606e-10
131.968	0.313	-0.288	3.430472046e-09	4.62566136e-10	-4.6256649e-10
132.574	0.284	-0.293	2.928025332e-09	4.36485186e-10	-4.3648554e-10
133.165	0.320	-0.308	4.00136466e-09	4.88846034e-10	-4.88846742e-10
133.765	0.361	-0.280	3.88162062e-09	4.8117096e-10	-4.81171314e-10
134.421	0.342	-0.295	3.533259486e-09	4.56143514e-10	-4.56143868e-10
135.099	0.272	-0.336	2.77392276e-09	4.13513064e-10	-4.13513418e-10
135.656	0.248	-0.284	3.373925856e-09	5.06176812e-10	-5.06177166e-10
136.214	0.249	-0.311	3.011744208e-09	4.48965456e-10	-4.4896581e-10
136.737	0.238	-0.273	3.305462964e-09	4.92750654e-10	-4.92751008e-10
137.293	0.307	-0.319	2.695118112e-09	4.01765574e-10	-4.01765574e-10
137.909	0.311	-0.308	3.97218798e-09	4.99661442e-10	-4.99661796e-10
138.538	0.239	-0.318	2.982702756e-09	4.54392276e-10	-4.5439263e-10
139.091	0.363	-0.315	3.485926146e-09	4.39186914e-10	-4.39187268e-10
139.791	0.331	-0.336	3.72642702e-09	4.61932476e-10	-4.6193283e-10
140.349	0.275	-0.227	3.364118994e-09	5.01494454e-10	-5.01494808e-10
140.924	0.255	-0.300	2.992257924e-09	4.55847924e-10	-4.55848278e-10
141.457	0.239	-0.279	3.260074146e-09	4.85984298e-10	-4.85984652e-10
141.929	0.281	-0.233	3.251384508e-09	5.00280588e-10	-5.00280942e-10
142.744	0.242	-0.533	2.177359128e-09	3.245822814e-10	-3.245824938e-10
143.282	0.274	-0.296	2.91941853e-09	4.4475144e-10	-4.44751794e-10
143.841	0.312	-0.285	2.780372286e-09	4.23568788e-10	-4.23569142e-10
144.380	0.320	-0.227	3.092211948e-09	4.60960746e-10	-4.609611e-10
144.914	0.292	-0.215	3.351932898e-09	5.048217e-10	-5.04822054e-10
145.529	0.291	-0.323	2.751621114e-09	4.10188296e-10	-4.1018865e-10
146.125	0.296	-0.305	2.80860768e-09	4.18683588e-10	-4.18683588e-10
146.718	0.297	-0.297	2.751794574e-09	4.28498592e-10	-4.28498946e-10
147.302	0.306	-0.286	2.850875988e-09	4.24984434e-10	-4.24984788e-10
147.925	0.343	-0.317	2.43668643e-09	3.87914262e-10	-3.87914262e-10
148.597	0.295	-0.329	2.661580506e-09	4.05471954e-10	-4.05471954e-10
149.302	0.313	-0.409	2.338200798e-09	3.485592324e-10	-3.485594094e-10
149.836	0.291	-0.221	3.24376749e-09	4.94163468e-10	-4.94163822e-10
150.505	0.332	-0.378	2.34136308e-09	3.56688984e-10	-3.56689338e-10
151.168	0.333	-0.331	2.46407364e-09	3.83695644e-10	-3.83695998e-10
151.789	0.375	-0.289	2.4640701e-09	3.8369529e-10	-3.8369529e-10
152.428	0.358	-0.263	2.72009175e-09	4.05488238e-10	-4.05488592e-10
153.152	0.363	-0.367	2.278693752e-09	3.471418872e-10	-3.471420642e-10
153.797	0.291	-0.282	2.948361216e-09	4.39516842e-10	-4.39516842e-10
154.355	0.266	-0.267	3.164629728e-09	4.7175633e-10	-4.7175633e-10
154.987	0.318	-0.366	2.472347682e-09	3.68556834e-10	-3.68556834e-10
155.660	0.292	-0.356	2.483657628e-09	3.95391804e-10	-3.95392158e-10
156.353	0.324	-0.401	2.221314954e-09	3.536275566e-10	-3.536277336e-10
157.014	0.403	-0.338	2.282139588e-09	3.402020358e-10	-3.402022482e-10
157.685	0.241	-0.268	3.2666589e-09	4.97651076e-10	-4.97651076e-10
158.218	0.290	-0.292	2.810876466e-09	4.37698344e-10	-4.37698698e-10
158.812	0.268	-0.304	2.807612586e-09	4.46964648e-10	-4.46965002e-10
159.457	0.446	-0.377	2.017873986e-09	3.074079006e-10	-3.074080776e-10
160.359	0.398	-0.456	1.946403864e-09	2.96519958e-10	-2.96520135e-10
161.062	0.311	-0.304	2.74384338e-09	4.09028946e-10	-4.090293e-10
161.709	0.264	-0.336	2.81712492e-09	4.19953032e-10	-4.19953386e-10
162.228	0.352	-0.255	2.784075126e-09	4.15026414e-10	-4.15026414e-10
163.020	0.356	-0.441	2.05169196e-09	3.19481283e-10	-3.194814246e-10
163.719	0.335	-0.342	2.451988788e-09	3.73542216e-10	-3.73542216e-10
164.522	0.394	-0.467	1.961383728e-09	2.92386477e-10	-2.92386654e-10
165.248	0.434	-0.333	2.132447148e-09	3.320561772e-10	-3.320563188e-10
165.960	0.367	-0.277	2.622419256e-09	3.90928218e-10	-3.90928218e-10
166.824	0.419	-0.497	1.813982022e-09	2.763465246e-10	-2.763466662e-10
167.637	0.420	-0.394	1.97375709e-09	3.142169844e-10	-3.14217126e-10
168.523	0.444	-0.465	1.7986032e-09	2.800713126e-10	-2.800714188e-10
169.302	0.305	-0.336	2.63693892e-09	3.93092574e-10	-3.93092574e-10
170.088	0.360	-0.481	1.97503503e-09	3.008816982e-10	-3.008818398e-10
170.917	0.343	-0.468	2.081791518e-09	3.103358346e-10	-3.103359762e-10
171.752	0.403	-0.492	1.496872716e-09	3.014549658e-10	-3.014550366e-10
172.545	0.465	-0.390	1.942261002e-09	2.958888114e-10	-2.958889884e-10
173.424	0.502	-0.414	1.81397919e-09	2.763460644e-10	-2.76346206e-10
174.255	0.337	-0.328	2.497856922e-09	3.80529822e-10	-3.80529822e-10
175.062	0.470	-0.470	1.71210507e-09	2.72562654e-10	-2.725627956e-10
175.864	0.264	-0.332	2.833758672e-09	4.22432802e-10	-4.22432802e-10
176.516	0.499	-0.389	1.872149886e-09	2.85207888e-10	-2.852080296e-10
177.492	0.445	-0.477	1.803496896e-09	2.74749135e-10	-2.747492766e-10
178.418	0.418	-0.481	1.879842306e-09	2.802309666e-10	-2.802311082e-10
179.283	0.410	-0.448	1.562107128e-09	3.145924722e-10	-3.145925784e-10
180.116	0.376	-0.423	2.114274204e-09	3.151780944e-10	-3.15178236e-10
180.942	0.418	-0.450	1.852484478e-09	2.949106386e-10	-2.949107802e-10
181.791	0.389	-0.431	2.059236762e-09	3.06973578e-10	-3.069737196e-10
182.574	0.287	-0.394	2.439170448e-09	3.71589198e-10	-3.71589552e-10
183.351	0.492	-0.490	1.610299626e-09	2.621441508e-10	-2.62144257e-10
184.377	0.493	-0.533	1.645280844e-09	2.452645104e-10	-2.45264652e-10
185.298	0.392	-0.428	2.059229682e-09	3.069724806e-10	-3.069726222e-10
186.165	0.475	-0.475	1.777722864e-09	2.650078338e-10	-2.650079754e-10
187.020	0.330	-0.380	2.30349039e-09	3.586905e-10	-3.586905e-10
187.858	0.421	-0.507	1.789656558e-09	2.726406756e-10	-2.726408172e-10
188.641	0.356	-0.362	2.349808458e-09	3.50289549e-10	-3.50289726e-10
189.440	0.422	-0.442	1.922254692e-09	2.92841013e-10	-2.928411546e-10
190.234	0.443	-0.371	2.072736198e-09	3.089859618e-10	-3.089861034e-10
191.133	0.380	-0.456	1.955516532e-09	3.045052422e-10	-3.045053838e-10
192.247	0.640	-0.734	1.190535276e-09	1.85385375e-10	-1.853854812e-10
193.460	0.537	-0.573	1.4729055e-09	2.293549716e-10	-2.293550778e-10
194.535	0.460	-0.538	1.729781706e-09	2.550429462e-10	-2.550430878e-10
195.516	0.441	-0.521	1.726818372e-09	2.630677722e-10	-2.630679138e-10
196.403	0.510	-0.446	1.767794934e-09	2.63527866e-10	-2.635280076e-10
197.385	0.569	-0.472	1.493654502e-09	2.487029124e-10	-2.487030186e-10
198.317	0.406	-0.363	2.127524778e-09	3.312896256e-10	-3.312898026e-10
199.221	0.452	-0.498	1.749432954e-09	2.665129356e-10	-2.665130418e-10
200.090	0.449	-0.417	1.94928507e-09	2.905828824e-10	-2.90583024e-10
200.989	0.488	-0.450	1.801349886e-09	2.685299922e-10	-2.685301338e-10
201.864	0.360	-0.388	2.116409886e-09	3.44534925e-10	-3.445350666e-10
202.747	0.493	-0.523	1.609616406e-09	2.506430448e-10	-2.50643151e-10
203.755	0.593	-0.515	1.451020158e-09	2.309985936e-10	-2.309986998e-10
204.811	0.468	-0.463	1.728498456e-09	2.751724482e-10	-2.751725898e-10
205.768	0.599	-0.490	1.52646747e-09	2.325458214e-10	-2.325459276e-10
207.003	0.592	-0.636	1.332041466e-09	2.074201758e-10	-2.07420282e-10
208.352	0.691	-0.757	1.166223264e-09	1.738506744e-10	-1.738507452e-10
209.603	0.561	-0.560	1.482857148e-09	2.25902091e-10	-2.259022326e-10
210.622	0.510	-0.458	1.717279134e-09	2.616145314e-10	-2.61614673e-10
211.818	0.564	-0.686	1.350363444e-09	2.013007548e-10	-2.01300861e-10
212.861	0.427	-0.479	1.835407164e-09	2.7961044e-10	-2.796105816e-10
213.927	0.598	-0.639	1.365927408e-09	2.036209062e-10	-2.03620977e-10
215.035	0.461	-0.511	1.627991484e-09	2.650242594e-10	-2.650243656e-10
216.099	0.612	-0.603	1.301439936e-09	2.11864221e-10	-2.118642918e-10
217.144	0.513	-0.433	1.614042114e-09	2.749460298e-10	-2.74946136e-10
218.233	0.521	-0.575	1.541095104e-09	2.297333976e-10	-2.297335038e-10
219.341	0.673	-0.587	1.319495352e-09	2.010151476e-10	-2.010152538e-10
220.576	0.447	-0.563	1.67130834e-09	2.491444566e-10	-2.491445982e-10
221.838	0.686	-0.814	1.126115418e-09	1.67871756e-10	-1.678718268e-10
223.084	0.544	-0.561	1.504350258e-09	2.29176414e-10	-2.291765202e-10
224.555	0.728	-0.927	7.9336887e-10	1.63854564e-10	-1.638545994e-10
225.778	0.403	-0.495	1.879807614e-09	2.802257628e-10	-2.802259044e-10
226.856	0.530	-0.675	1.402220196e-09	2.090311236e-10	-2.090312298e-10
227.857	0.689	-0.471	1.43279553e-09	2.182755858e-10	-2.18275692e-10
229.265	0.597	-0.719	1.282838652e-09	1.91234694e-10	-1.912348002e-10
230.626	0.636	-0.764	1.206224202e-09	1.798136628e-10	-1.79813769e-10
231.883	0.634	-0.620	1.28222694e-09	2.04127197e-10	-2.041272678e-10
233.098	0.593	-0.581	1.438311558e-09	2.144112864e-10	-2.144113926e-10
234.420	0.723	-0.729	1.163339934e-09	1.734208122e-10	-1.734209184e-10
235.750	0.583	-0.608	1.418965458e-09	2.115273192e-10	-2.1152739e-10
236.896	0.635	-0.563	1.410554772e-09	2.102735574e-10	-2.102736636e-10
238.144	0.763	-0.614	1.240833366e-09	1.849728942e-10	-1.849730004e-10
239.500	0.491	-0.592	1.572424104e-09	2.395469148e-10	-2.39547021e-10
240.666	0.620	-0.675	1.366382298e-09	2.014625328e-10	-2.01462639e-10
242.001	0.869	-0.714	1.075964946e-09	1.639151334e-10	-1.639152042e-10
243.403	0.528	-0.534	1.578094122e-09	2.457345162e-10	-2.457346224e-10
244.619	0.700	-0.687	1.22770032e-09	1.870309086e-10	-1.870309794e-10
246.028	0.604	-0.708	1.276607898e-09	1.987883106e-10	-1.987883814e-10
247.455	0.745	-0.822	1.086967266e-09	1.655912526e-10	-1.655913234e-10
249.045	0.783	-0.845	9.80122986e-10	1.595563668e-10	-1.595564376e-10
250.553	0.703	-0.725	1.163408256e-09	1.772365074e-10	-1.772365782e-10
251.875	0.582	-0.619	1.40641014e-09	2.096557212e-10	-2.096558274e-10
253.039	0.625	-0.582	1.40020806e-09	2.08731144e-10	-2.087312502e-10
254.400	0.454	-0.736	1.419033426e-09	2.11537479e-10	-2.115375852e-10
255.424	0.526	-0.570	1.516586622e-09	2.310405072e-10	-2.310406488e-10
256.612	0.688	-0.662	1.250755278e-09	1.86451977e-10	-1.864520832e-10
257.994	0.569	-0.694	1.33709517e-09	1.993228152e-10	-1.993229214e-10
259.222	0.649	-0.659	1.270998414e-09	1.93627026e-10	-1.936271322e-10
260.349	0.666	-0.478	1.476247614e-09	2.200664718e-10	-2.20066578e-10
261.688	0.654	-0.674	1.25218473e-09	1.907609358e-10	-1.90761042e-10
262.926	0.524	-0.584	1.499408064e-09	2.284235622e-10	-2.284236684e-10
263.959	0.569	-0.509	1.566397254e-09	2.335052322e-10	-2.335053384e-10
265.038	0.705	-0.510	1.3455717e-09	2.095270776e-10	-2.095271838e-10
266.288	0.633	-0.544	1.296980952e-09	2.20935825e-10	-2.209359312e-10
267.632	0.657	-0.711	1.175441778e-09	1.871272674e-10	-1.871273382e-10
269.001	0.682	-0.711	1.173730542e-09	1.827686424e-10	-1.827687132e-10
270.199	0.461	-0.516	1.729117248e-09	2.577621618e-10	-2.577623034e-10
271.437	0.520	-0.777	1.281478938e-09	1.952236368e-10	-1.95223743e-10
272.601	0.541	-0.644	1.402699512e-09	2.136907194e-10	-2.136908256e-10
273.644	0.453	-0.503	1.711531236e-09	2.665128294e-10	-2.665129356e-10
274.936	0.632	-0.839	1.129637364e-09	1.720917546e-10	-1.720918254e-10
276.427	0.838	-0.859	9.1590774e-10	1.525044744e-10	-1.525045098e-10
277.832	0.471	-0.566	1.628321766e-09	2.427364194e-10	-2.427365256e-10
279.099	0.617	-0.796	1.195605972e-09	1.782307872e-10	-1.78230858e-10
280.344	0.780	-0.629	1.198631964e-09	1.786818894e-10	-1.786819602e-10
281.712	0.591	-0.587	1.342720938e-09	2.185844508e-10	-2.18584557e-10
282.942	0.475	-0.640	1.5140403e-09	2.257002756e-10	-2.257003818e-10
284.235	0.778	-0.818	1.041469416e-09	1.586600034e-10	-1.586600742e-10
285.872	0.838	-0.859	9.7925781e-10	1.491825738e-10	-1.491826446e-10
287.561	0.870	-0.850	9.34843554e-10	1.488246444e-10	-1.488247152e-10
289.204	0.608	-0.773	1.18439727e-09	1.844296458e-10	-1.844297166e-10
290.445	0.691	-0.633	1.255642248e-09	1.912876524e-10	-1.912877232e-10
291.987	0.758	-0.852	1.015598388e-09	1.58144898e-10	-1.581449688e-10
293.647	0.860	-0.901	9.28392612e-10	1.445655996e-10	-1.445656704e-10
295.468	0.779	-0.961	9.24348516e-10	1.471538706e-10	-1.471539414e-10
297.323	1.029	-1.076	7.64168472e-10	1.216536222e-10	-1.21653693e-10
299.250	0.932	-0.899	9.22565418e-10	1.375282566e-10	-1.375283274e-10
300.762	0.646	-0.580	1.355898942e-09	2.065609824e-10	-2.065610886e-10
302.295	0.839	-0.887	9.78699198e-10	1.458961794e-10	-1.458962502e-10
303.935	0.981	-0.802	8.87131788e-10	1.444181232e-10	-1.44418194e-10
305.718	0.643	-0.802	1.150514868e-09	1.75272303e-10	-1.752723738e-10
307.035	0.810	-0.673	1.102054392e-09	1.71607518e-10	-1.716075888e-10
308.436	0.896	-0.591	1.099429836e-09	1.71198825e-10	-1.711988958e-10
310.085	0.683	-0.753	1.176377754e-09	1.753644138e-10	-1.753644846e-10
311.513	0.641	-0.745	1.179861822e-09	1.837233804e-10	-1.837234512e-10
313.074	0.778	-0.920	9.79268784e-10	1.491842376e-10	-1.491843084e-10
314.497	0.626	-0.646	1.285466394e-09	2.00167707e-10	-2.001678132e-10
315.898	0.663	-0.775	1.137506784e-09	1.771280418e-10	-1.771281126e-10
317.565	0.640	-1.004	1.011051258e-09	1.540260372e-10	-1.540261434e-10
319.070	0.688	-0.866	1.087446936e-09	1.621073616e-10	-1.621074324e-10
320.523	0.815	-0.765	1.069050972e-09	1.593650298e-10	-1.593651006e-10
322.043	0.657	-0.706	1.219596198e-09	1.857962982e-10	-1.85796369e-10
323.588	0.865	-0.887	9.63774204e-10	1.436712894e-10	-1.436713602e-10
325.335	0.804	-0.882	9.85443606e-10	1.501249218e-10	-1.501249926e-10
327.302	1.366	-1.162	6.68057826e-10	9.95884128e-11	-9.95884836e-11
329.228	0.756	-0.561	1.262425596e-09	1.923210138e-10	-1.923210846e-10
330.892	1.028	-0.908	8.30879772e-10	1.3227387e-10	-1.322739408e-10
332.687	0.832	-0.767	1.05595368e-09	1.57412649e-10	-1.574127198e-10
334.233	0.792	-0.714	1.08641892e-09	1.691728122e-10	-1.69172883e-10
335.823	0.699	-0.799	1.109519898e-09	1.690269996e-10	-1.690270704e-10
337.564	0.841	-1.041	8.82992466e-10	1.345172742e-10	-1.345173096e-10
339.434	0.958	-1.029	8.36352612e-10	1.274119986e-10	-1.274120694e-10
341.328	0.761	-0.936	8.84257662e-10	1.541426802e-10	-1.54142751e-10
342.970	0.894	-0.880	9.21875826e-10	1.435508586e-10	-1.435509294e-10
344.908	0.818	-1.045	8.34557478e-10	1.389591246e-10	-1.389591954e-10
346.814	1.054	-1.088	7.63376574e-10	1.188699432e-10	-1.18870014e-10
348.616	0.636	-0.748	1.200773664e-09	1.829288274e-10	-1.829288982e-10
350.318	0.948	-1.066	7.8524103e-10	1.278311346e-10	-1.2783117e-10
352.428	0.968	-1.162	7.29983046e-10	1.215468204e-10	-1.215468912e-10
354.404	0.930	-1.008	8.57853156e-10	1.306874898e-10	-1.306875606e-10
356.081	0.834	-0.748	1.033847088e-09	1.609865268e-10	-1.609865976e-10
358.099	0.924	-1.184	8.01103062e-10	1.194216876e-10	-1.19421723e-10
360.115	1.022	-1.092	7.86364626e-10	1.197967506e-10	-1.19796786e-10
361.906	0.780	-0.769	1.055216652e-09	1.643141268e-10	-1.643141976e-10
363.877	0.917	-1.191	7.88352336e-10	1.200995268e-10	-1.200995976e-10
365.787	0.881	-0.992	8.91620862e-10	1.358317116e-10	-1.358317824e-10
367.646	1.646	-0.978	6.28234242e-10	1.000132482e-10	-1.000132836e-10
370.352	1.006	-1.059	8.11469952e-10	1.26358884e-10	-1.263589194e-10
372.566	1.124	-1.208	7.30440414e-10	1.112771034e-10	-1.112771388e-10
374.827	1.156	-1.137	7.42909356e-10	1.131766674e-10	-1.131767028e-10
376.994	0.897	-1.010	8.10366534e-10	1.380429372e-10	-1.380429726e-10
378.815	0.873	-0.924	9.24966954e-10	1.409117178e-10	-1.409117886e-10
380.721	0.724	-1.034	9.30263502e-10	1.448569416e-10	-1.448570124e-10
382.453	0.880	-1.007	8.66266674e-10	1.348915938e-10	-1.348916646e-10
384.727	1.252	-1.393	6.38413158e-10	9.5169183e-11	-9.51692538e-11
387.084	1.119	-1.105	7.3526154e-10	1.144919898e-10	-1.144920252e-10
389.217	0.869	-1.015	8.9633685e-10	1.336182912e-10	-1.33618362e-10
391.363	1.026	-1.276	7.3355703e-10	1.093524762e-10	-1.09352547e-10
393.512	1.106	-1.123	7.33447644e-10	1.142095332e-10	-1.14209604e-10
395.946	1.340	-1.328	6.02603934e-10	9.59330088e-11	-9.59330442e-11
398.504	1.029	-1.218	7.3965822e-10	1.12681386e-10	-1.126814214e-10
400.590	0.813	-1.057	9.03245868e-10	1.346482542e-10	-1.34648325e-10
402.227	0.904	-0.823	9.77663394e-10	1.457417646e-10	-1.457418354e-10
404.052	0.994	-0.921	8.40152094e-10	1.337500146e-10	-1.337500854e-10
406.461	1.118	-1.416	6.45438288e-10	1.005050604e-10	-1.005050958e-10
408.810	0.899	-1.231	7.80467694e-10	1.188983694e-10	-1.188984048e-10
410.735	1.258	-1.027	5.98173624e-10	1.175093442e-10	-1.175093796e-10
413.050	1.153	-1.057	7.52186634e-10	1.14589977e-10	-1.145900124e-10
415.113	0.983	-0.910	8.78040714e-10	1.337629002e-10	-1.33762971e-10
417.480	1.185	-1.384	6.3650262e-10	9.9113628e-11	-9.91136988e-11
419.920	0.896	-1.255	7.85219082e-10	1.17053817e-10	-1.170538878e-10
422.068	0.971	-1.253	7.59457086e-10	1.132134126e-10	-1.13213448e-10
424.302	1.228	-1.263	6.67303806e-10	1.016586756e-10	-1.016587464e-10
426.658	1.402	-1.128	5.82615324e-10	1.039567374e-10	-1.039567728e-10
429.297	1.488	-1.237	5.99945394e-10	9.3421131e-11	-9.34211664e-11
431.942	1.208	-1.156	6.91587852e-10	1.076912958e-10	-1.076913666e-10
434.615	1.206	-1.465	6.02274006e-10	9.58804398e-11	-9.58804752e-11
436.835	1.120	-1.015	7.91103624e-10	1.179309936e-10	-1.179310644e-10
438.895	0.954	-0.939	8.92229742e-10	1.330060128e-10	-1.330060836e-10
440.870	0.809	-1.022	8.93207136e-10	1.390866354e-10	-1.390867062e-10
443.494	1.604	-1.815	4.86057222e-10	7.40471712e-11	-7.40472066e-11
446.070	0.800	-0.972	9.53131902e-10	1.42084803e-10	-1.420849092e-10
448.060	1.360	-1.190	6.6246321e-10	9.87543888e-11	-9.87544596e-11
450.832	1.403	-1.412	5.42782182e-10	9.2460906e-11	-9.24609414e-11
453.286	0.949	-1.051	8.17712034e-10	1.273308264e-10	-1.273308972e-10
455.443	1.073	-1.208	7.2872493e-10	1.110157452e-10	-1.11015816e-10
457.917	1.007	-1.402	6.11874132e-10	1.091774586e-10	-1.09177494e-10
460.527	1.406	-1.602	5.43533016e-10	8.4636798e-11	-8.46368334e-11
462.825	0.570	-0.892	1.13649576e-09	1.731365856e-10	-1.731366564e-10
464.741	1.094	-1.345	6.3732036e-10	1.06117872e-10	-1.061179074e-10
466.693	1.085	-0.858	8.5548879e-10	1.303272948e-10	-1.303273302e-10
469.042	1.555	-1.265	5.98921626e-10	8.9282163e-11	-8.92822338e-11
471.739	1.123	-1.142	7.45724718e-10	1.111663368e-10	-1.111663722e-10
474.254	1.248	-1.392	6.09127092e-10	9.69714324e-11	-9.69714678e-11
476.910	1.550	-1.407	5.62068456e-10	8.56269006e-11	-8.5626936e-11
479.962	1.381	-1.503	5.39015622e-10	8.97495138e-11	-8.97495492e-11
482.802	1.022	-1.458	6.59294202e-10	1.026626904e-10	-1.026627258e-10
485.457	1.321	-1.634	5.71535478e-10	8.5199658e-11	-8.51996934e-11
488.042	1.280	-1.264	6.32165766e-10	1.006391202e-10	-1.00639191e-10
490.632	1.254	-1.309	6.2734287e-10	9.98713296e-11	-9.9871365e-11
493.211	1.388	-1.325	6.0268854e-10	9.3848232e-11	-9.38483028e-11
496.010	1.084	-1.410	6.6634659e-10	1.01512863e-10	-1.015129338e-10
498.786	1.341	-1.692	5.56784298e-10	8.30006808e-11	-8.30007162e-11
501.727	1.453	-1.600	5.180082e-10	8.43277206e-11	-8.4327756e-11
504.731	1.774	-1.551	3.381998826e-10	8.42905152e-11	-8.42905152e-11
508.239	1.417	-1.734	4.59270042e-10	8.3904726e-11	-8.39047614e-11
511.051	1.524	-1.395	5.60094906e-10	8.72157588e-11	-8.72157942e-11
514.005	1.724	-1.429	5.18681154e-10	8.07669762e-11	-8.07670116e-11
517.242	1.624	-1.514	5.12473056e-10	8.15843622e-11	-8.15843976e-11
520.114	1.078	-1.248	6.56982228e-10	1.119144804e-10	-1.119145158e-10
522.930	1.863	-1.738	4.61565378e-10	7.03160112e-11	-7.03160466e-11
526.166	1.182	-1.373	5.66409912e-10	1.034782356e-10	-1.03478271e-10
528.783	1.486	-1.435	5.50534428e-10	8.76436032e-11	-8.76436386e-11
531.871	1.659	-1.602	5.0965203e-10	7.76416518e-11	-7.76416872e-11
534.993	1.318	-1.463	5.78364138e-10	9.20740548e-11	-9.20740902e-11
537.417	1.132	-1.106	7.42613412e-10	1.131315678e-10	-1.131316032e-10
539.924	1.541	-1.375	5.60772816e-10	8.73212862e-11	-8.73213216e-11
542.864	1.585	-1.399	5.660814e-10	8.43866262e-11	-8.43866616e-11
546.042	1.472	-1.593	5.42200914e-10	8.2600236e-11	-8.26002714e-11
549.319	1.732	-1.805	3.93936156e-10	7.551351e-11	-7.55135454e-11
552.640	1.224	-1.589	6.00447366e-10	8.9509608e-11	-8.95096434e-11
555.509	1.812	-1.645	4.88577348e-10	7.28329512e-11	-7.28329866e-11
558.595	1.282	-1.275	5.34479112e-10	1.04996754e-10	-1.049967894e-10
561.950	1.905	-2.073	3.84026988e-10	6.54175362e-11	-6.54175716e-11
565.836	1.850	-1.980	4.40930718e-10	6.57302244e-11	-6.57302598e-11
569.119	1.330	-1.433	6.01547952e-10	9.16413252e-11	-9.16413606e-11
572.317	1.537	-1.868	4.72307862e-10	7.51901664e-11	-7.51902018e-11
575.428	2.281	-1.575	4.24133418e-10	6.6044364e-11	-6.60443994e-11
579.172	1.327	-1.462	5.86159218e-10	9.12744042e-11	-9.12744396e-11
582.219	1.576	-1.720	4.79706462e-10	7.80924708e-11	-7.80925062e-11
585.378	1.501	-1.583	5.47788096e-10	8.16596226e-11	-8.1659658e-11
588.725	1.418	-1.846	5.0910864e-10	7.75588512e-11	-7.75588866e-11
591.484	2.118	-1.341	4.65022542e-10	7.40303916e-11	-7.4030427e-11
595.048	1.621	-1.446	5.06845164e-10	8.43929628e-11	-8.43929982e-11
3840.158	20.493	-19.624	6.0874371e-11	1.337747238e-11	-1.337747238e-11
3888.575	34.759	-27.924	3.66382212e-11	8.22276156e-12	-8.22276156e-12
3954.512	26.490	-31.178	4.20979986e-11	9.23499624e-12	-9.23499624e-12
4005.046	21.088	-24.044	5.04856746e-11	1.13514879e-11	-1.13514879e-11
4066.846	42.029	-40.712	2.86319979e-11	6.32545608e-12	-6.32545608e-12
4141.561	24.983	-32.686	3.96174498e-11	8.89139322e-12	-8.89139322e-12
4187.075	19.585	-20.532	6.47835576e-11	1.359515406e-11	-1.359515406e-11
4228.449	25.850	-21.789	4.76291424e-11	1.0709208e-11	-1.0709208e-11
4280.102	21.837	-25.802	4.75193316e-11	1.066481994e-11	-1.066481994e-11
4319.983	14.551	-18.044	6.93541224e-11	1.553658918e-11	-1.553658918e-11
4359.735	27.452	-25.202	4.93921686e-11	1.031545734e-11	-1.031545734e-11
4404.600	22.704	-17.413	5.64148914e-11	1.266126312e-11	-1.266126312e-11
4445.020	19.894	-17.716	6.39991644e-11	1.401479628e-11	-1.401479628e-11
4492.950	37.155	-28.035	3.432910398e-11	7.74736434e-12	-7.74736434e-12
4556.651	18.585	-26.546	5.27630982e-11	1.151385e-11	-1.151385e-11
4595.278	22.583	-20.042	5.24020182e-11	1.18260426e-11	-1.18260426e-11
4641.423	24.077	-23.562	4.99912074e-11	1.094727654e-11	-1.094727654e-11
4700.520	22.648	-35.021	4.13274822e-11	9.09796284e-12	-9.09796284e-12
4752.811	23.011	-29.643	4.56811866e-11	9.96845238e-12	-9.96845238e-12
4798.117	20.329	-22.295	5.25655308e-11	1.188496944e-11	-1.188496944e-11
4849.520	21.580	-31.074	4.29951408e-11	9.66726918e-12	-9.66726918e-12
4900.527	38.271	-29.427	3.377171328e-11	7.5934239e-12	-7.5934239e-12
4968.100	30.873	-29.303	3.80837448e-11	8.56296972e-12	-8.56296972e-12
5029.802	26.840	-30.829	4.16332674e-11	9.13305132e-12	-9.13305132e-12
5083.168	21.113	-26.526	5.28534036e-11	1.130614404e-11	-1.130614404e-11
5143.831	28.147	-39.551	3.528572172e-11	7.7542284e-12	-7.7542284e-12
5200.800	18.817	-28.822	4.78522686e-11	1.073954934e-11	-1.073954934e-11
5244.422	20.327	-24.805	5.07357048e-11	1.14077031e-11	-1.14077031e-11
5295.701	26.716	-30.952	4.11853158e-11	9.03478446e-12	-9.03478446e-12
5355.393	34.722	-32.976	3.539183676e-11	7.7502459e-12	-7.7502459e-12
5407.909	17.309	-17.794	6.52166412e-11	1.460971806e-11	-1.460971806e-11
5457.117	28.276	-31.900	4.00387098e-11	8.75247654e-12	-8.75247654e-12
5499.299	23.704	-13.906	6.08512194e-11	1.36821354e-11	-1.36821354e-11
5551.187	34.499	-28.184	3.63056736e-11	8.16317274e-12	-8.16317274e-12
5623.919	26.957	-38.233	3.67953264e-11	8.08597596e-12	-8.08597596e-12
5685.070	25.982	-34.194	3.79039836e-11	8.50683948e-12	-8.50683948e-12
5744.177	14.513	-33.126	4.96811034e-11	1.089849888e-11	-1.089849888e-11
5783.991	29.861	-25.300	4.14349566e-11	9.2992968e-12	-9.2992968e-12
5844.094	27.425	-30.243	4.12214592e-11	9.07462008e-12	-9.07462008e-12
5906.842	32.375	-35.322	3.361640286e-11	7.55850534e-12	-7.55850534e-12
5960.772	13.548	-21.554	6.45037914e-11	1.458419112e-11	-1.458419112e-11
6001.344	25.630	-27.024	4.53533118e-11	9.9142479e-12	-9.9142479e-12
6061.295	33.376	-34.322	3.350305206e-11	7.54695432e-12	-7.54695432e-12
6120.976	23.841	-26.306	4.7633001e-11	1.046761008e-11	-1.046761008e-11
6187.218	30.311	-42.401	3.295739292e-11	7.21714314e-12	-7.21714314e-12
6280.656	57.208	-63.127	2.6465925e-11	5.05463502e-12	-5.05463502e-12
9562.488	20.817	-14.286	3.83972826e-11	8.65484688e-12	-8.65484688e-12
9606.990	23.955	-23.684	2.840902038e-11	6.3778587e-12	-6.3778587e-12
9665.276	30.858	-34.332	2.123666532e-11	4.78679862e-12	-4.78679862e-12
9718.309	38.001	-22.174	2.299298676e-11	5.18267682e-12	-5.18267682e-12
9775.985	20.442	-19.675	3.45468423e-11	7.7713443e-12	-7.7713443e-12
9824.653	19.413	-28.226	3.074866302e-11	6.73546242e-12	-6.73546242e-12
9880.150	34.121	-36.084	1.965896166e-11	4.4311773e-12	-4.4311773e-12
9948.611	25.835	-34.341	2.299650198e-11	5.16273954e-12	-5.16273954e-12
10007.924	21.684	-33.477	2.587318386e-11	5.66749398e-12	-5.66749398e-12
10072.869	31.958	-43.262	1.913178486e-11	4.2229545e-12	-4.2229545e-12
10129.009	20.949	-24.182	3.060094236e-11	6.88371054e-12	-6.88371054e-12
10178.528	34.113	-28.570	2.160822726e-11	4.85107086e-12	-4.85107086e-12
10242.719	20.069	-30.078	2.690409912e-11	6.0400011e-12	-6.0400011e-12
10284.345	16.052	-21.557	3.57372912e-11	8.02306662e-12	-8.02306662e-12
10345.129	27.980	-44.732	1.871547024e-11	4.18490658e-12	-4.18490658e-12
10403.931	29.354	-30.822	2.22638388e-11	5.0691915e-12	-5.0691915e-12
10468.115	32.868	-34.830	2.012606466e-11	4.53646398e-12	-4.53646398e-12
10550.336	45.925	-49.353	1.418610396e-11	3.19117725e-12	-3.19117725e-12
10627.588	28.848	-31.327	2.230344432e-11	5.02725312e-12	-5.02725312e-12
10687.879	36.255	-31.443	2.102197848e-11	4.6401789e-12	-4.6401789e-12
10747.445	24.328	-23.311	2.8342302e-11	6.3756285e-12	-6.3756285e-12
10798.962	32.987	-27.188	2.249335824e-11	5.05990254e-12	-5.05990254e-12
10863.647	28.478	-31.698	2.230527096e-11	5.03777754e-12	-5.03777754e-12
10915.683	29.096	-23.558	2.534473266e-11	5.74737408e-12	-5.74737408e-12
10991.513	38.514	-46.735	1.587998334e-11	3.57938604e-12	-3.57938604e-12
11060.046	20.128	-30.019	2.851375482e-11	6.22221198e-12	-6.22221198e-12
11111.501	28.848	-31.327	2.216241426e-11	4.98545634e-12	-4.98545634e-12
11181.450	39.133	-41.101	1.685997924e-11	3.81559962e-12	-3.81559962e-12
11254.034	36.755	-33.450	1.92107304e-11	4.2956484e-12	-4.2956484e-12
11315.604	17.809	-24.816	3.20464341e-11	7.19446236e-12	-7.19446236e-12
11366.365	32.238	-32.952	2.076606126e-11	4.69958718e-12	-4.69958718e-12
11436.931	51.936	-38.328	1.508772426e-11	3.393997656e-12	-3.393997656e-12
11514.052	29.975	-25.186	2.46411612e-11	5.54305236e-12	-5.54305236e-12
11579.606	42.148	-35.578	1.761010524e-11	3.96140868e-12	-3.96140868e-12
11646.068	20.818	-24.313	3.05983617e-11	6.86936646e-12	-6.86936646e-12
11719.459	30.168	-52.573	1.727687796e-11	3.78448302e-12	-3.78448302e-12
11778.327	31.476	-28.699	2.396680536e-11	5.28006222e-12	-5.28006222e-12
11859.427	35.625	-49.624	1.653172566e-11	3.71882664e-12	-3.71882664e-12
11925.126	27.594	-30.075	2.424003672e-11	5.4202356e-12	-5.4202356e-12
12009.728	70.848	-57.008	1.634292684e-11	3.011788812e-12	-3.011788812e-12
15258.807	29.720	-25.441	1.723688658e-11	3.87172632e-12	-3.87172632e-12
15333.881	39.894	-45.355	1.675534392e-11	3.7578162e-12	-3.7578162e-12
15426.211	60.393	-52.436	1.332987708e-11	2.925434406e-12	-2.925434406e-12
15545.728	46.184	-59.124	1.137598824e-11	2.566709922e-12	-2.566709922e-12
15630.000	49.667	-38.089	9.1012338e-12	2.053858794e-12	-2.053858794e-12
15707.539	29.796	-27.872	1.466976e-11	3.21987957e-12	-3.21987957e-12
15779.560	48.039	-42.224	1.599939108e-11	3.5936487e-12	-3.5936487e-12
15893.130	42.284	-65.531	7.47503568e-12	1.684290228e-12	-1.684290228e-12
15974.635	38.505	-39.222	1.039055844e-11	2.341221126e-12	-2.341221126e-12
16054.989	45.908	-41.848	9.16402278e-12	2.068028352e-12	-2.068028352e-12
16140.362	50.798	-39.466	8.95174668e-12	2.01393609e-12	-2.01393609e-12
16222.370	28.966	-31.210	1.340179926e-11	3.001302978e-12	-3.001302978e-12
16289.804	46.780	-38.468	9.4715355e-12	2.12761788e-12	-2.12761788e-12
16363.783	25.455	-27.199	1.539369e-11	3.463224834e-12	-3.463224834e-12
16421.197	28.217	-31.959	1.337766708e-11	2.99589846e-12	-2.99589846e-12
16487.786	34.340	-38.373	1.1774394e-11	2.569382976e-12	-2.569382976e-12
16551.075	26.212	-28.949	1.466851392e-11	3.295029876e-12	-3.295029876e-12
16610.748	36.743	-33.462	1.156659954e-11	2.594270238e-12	-2.594270238e-12
16680.576	32.106	-33.084	1.245467226e-11	2.797728552e-12	-2.797728552e-12
16755.036	40.387	-42.354	9.81303222e-12	2.200962786e-12	-2.200962786e-12
16863.381	52.394	-67.958	7.5305535e-12	1.667476644e-12	-1.667476644e-12
16993.080	55.583	-77.305	1.081426104e-11	2.462189298e-12	-2.462189298e-12
17081.903	34.457	-33.240	1.483830294e-11	3.252130386e-12	-3.252130386e-12
17164.090	35.011	-47.730	1.066556334e-11	2.30258592e-12	-2.30258592e-12
17242.250	34.578	-43.149	1.088933736e-11	2.383159506e-12	-2.383159506e-12
17321.319	35.743	-44.491	9.93226296e-12	2.24139525e-12	-2.24139525e-12
17405.435	31.861	-48.373	9.99082518e-12	2.244267252e-12	-2.244267252e-12
17489.683	35.369	-52.387	9.15178146e-12	2.058939402e-12	-2.058939402e-12
17566.533	33.739	-41.481	1.064268078e-11	2.390695458e-12	-2.390695458e-12
17631.857	28.590	-31.586	1.326099576e-11	2.978854776e-12	-2.978854776e-12
17703.426	42.270	-42.979	9.38012562e-12	2.116795392e-12	-2.116795392e-12
17784.306	39.112	-38.610	1.07505906e-11	2.356220814e-12	-2.356220814e-12
21162.273	34.741	-53.015	9.66700722e-12	2.18169846e-12	-2.18169846e-12
21234.987	47.275	-37.973	1.002127272e-11	2.24772477e-12	-2.24772477e-12
21333.895	38.630	-51.633	9.47772342e-12	2.125809294e-12	-2.125809294e-12
21406.237	41.508	-33.712	1.135423848e-11	2.542787664e-12	-2.542787664e-12
21508.019	62.584	-60.274	6.93358914e-12	1.555171914e-12	-1.555171914e-12
21631.767	44.144	-61.163	8.09689332e-12	1.82452131e-12	-1.82452131e-12
21725.665	43.017	-49.754	9.08563302e-12	2.041006824e-12	-2.041006824e-12
21811.590	42.340	-42.908	1.042175646e-11	2.280881826e-12	-2.280881826e-12
21898.304	23.324	-44.373	1.248384894e-11	2.808716712e-12	-2.808716712e-12
22021.615	57.974	-99.987	5.30073582e-12	1.20001398e-12	-1.20001398e-12
22147.251	57.704	-67.662	6.67906668e-12	1.509703446e-12	-1.509703446e-12
22248.817	46.402	-43.862	9.26590044e-12	2.091174642e-12	-2.091174642e-12
22336.578	31.353	-41.359	1.198455672e-11	2.67785778e-12	-2.67785778e-12
22419.052	44.157	-51.121	8.50251006e-12	1.98019989e-12	-1.98019989e-12
22519.722	48.794	-56.513	7.92449532e-12	1.850907054e-12	-1.850907054e-12
22635.684	60.705	-67.168	6.24977088e-12	1.479159618e-12	-1.479159618e-12
22780.333	40.728	-83.943	8.66018166e-12	1.97589171e-12	-1.97589171e-12
22887.287	53.437	-66.226	9.46696182e-12	2.112160824e-12	-2.112160824e-12
23019.904	65.568	-79.180	7.0737165e-12	1.624094298e-12	-1.624094298e-12
23141.527	66.285	-56.055	9.29738874e-12	2.062006458e-12	-2.062006458e-12
23278.936	78.484	-71.124	6.84939024e-12	1.575070254e-12	-1.575070254e-12
23455.929	111.322	-98.509	8.30336736e-12	1.409122488e-12	-1.409122488e-12
27140.335	36.615	-36.097	1.150091838e-11	2.575626828e-12	-2.575626828e-12
27252.001	80.404	-75.050	5.64395298e-12	1.262026284e-12	-1.262026284e-12
27433.908	79.024	-101.503	4.83130704e-12	1.085297448e-12	-1.085297448e-12
27599.145	89.299	-86.213	4.97299908e-12	1.122304608e-12	-1.122304608e-12
27755.234	61.082	-66.791	6.86243868e-12	1.546324038e-12	-1.546324038e-12
27906.912	79.903	-90.595	5.14922382e-12	1.15849509e-12	-1.15849509e-12
28073.914	70.861	-87.100	5.58780504e-12	1.261053492e-12	-1.261053492e-12
28231.246	71.490	-86.471	5.57433888e-12	1.258014756e-12	-1.258014756e-12
28393.699	102.101	-90.963	4.43095428e-12	1.018857666e-12	-1.018857666e-12
28576.757	61.960	-80.957	6.00191424e-12	1.373602836e-12	-1.373602836e-12
28692.734	51.290	-54.017	8.26126968e-12	1.86439941e-12	-1.86439941e-12
28828.329	66.134	-84.304	6.3184221e-12	1.366101576e-12	-1.366101576e-12
29021.144	76.412	-126.681	4.17263694e-12	9.53459706e-13	-9.53459706e-13
29188.513	112.120	-90.958	5.15794284e-12	1.05961935e-12	-1.05961935e-12
33187.233	132.312	-113.405	4.23326652e-12	9.2724105e-13	-9.2724105e-13
33428.312	94.326	-108.767	5.38202838e-12	1.176654228e-12	-1.176654228e-12
33656.557	126.842	-133.919	4.18765716e-12	9.19839618e-13	-9.19839618e-13
33917.206	106.895	-133.807	4.28678424e-12	9.69014466e-13	-9.69014466e-13
34132.062	145.278	-107.961	4.0802571e-12	9.23245452e-13	-9.23245452e-13
34385.859	92.067	-108.518	5.11894974e-12	1.150276626e-12	-1.150276626e-12
34600.110	133.562	-122.184	4.00451526e-12	9.03415788e-13	-9.03415788e-13
34904.731	149.863	-171.059	4.1088957e-12	8.1071664e-13	-8.1071664e-13
39098.156	93.694	-84.325	4.84782822e-12	1.095924882e-12	-1.095924882e-12
39284.093	78.255	-92.243	4.95130242e-12	1.114860342e-12	-1.114860342e-12
39467.184	108.286	-104.836	4.1476587e-12	9.13696302e-13	-9.13696302e-13
39674.590	83.915	-99.119	4.84410414e-12	1.06408329e-12	-1.06408329e-12
39867.528	84.041	-109.022	3.491930694e-12	8.80600134e-13	-8.80600134e-13
40088.795	128.550	-137.226	2.399832906e-12	6.26237682e-13	-6.26237682e-13
40336.752	108.759	-119.407	3.72320562e-12	8.3584002e-13	-8.3584002e-13
40638.342	158.189	-192.832	3.377762862e-12	6.43334466e-13	-6.43334466e-13
45068.126	96.571	-114.044	3.8285631e-12	8.61402006e-13	-8.61402006e-13
45268.214	79.517	-103.517	3.301088586e-12	8.62975182e-13	-8.62975182e-13
45465.788	82.529	-118.057	3.99604758e-12	9.01881552e-13	-9.01881552e-13
45603.089	70.594	-54.772	6.43617666e-12	1.445857068e-12	-1.445857068e-12
45764.166	85.029	-90.483	3.411408084e-12	8.86284666e-13	-8.86284666e-13
45962.597	99.720	-113.402	2.99092653e-12	7.52077602e-13	-7.52077602e-13
46150.658	94.693	-88.341	3.453430716e-12	8.73451812e-13	-8.73451812e-13
46390.848	150.356	-145.497	5.09199972e-12	8.37578514e-13	-8.37578514e-13
49909.963	125.511	-112.684	2.540253378e-12	6.63789294e-13	-6.63789294e-13
50140.494	98.073	-105.020	2.938509042e-12	7.7407056e-13	-7.7407056e-13
50341.327	105.347	-102.761	3.47878986e-12	8.26332288e-13	-8.26332288e-13
50539.670	85.024	-92.996	3.397353222e-12	8.81856834e-13	-8.81856834e-13
50764.647	105.763	-139.954	2.454828576e-12	6.3890274e-13	-6.3890274e-13
50975.447	67.969	-105.037	3.486456084e-12	9.07397934e-13	-9.07397934e-13
51136.523	112.492	-93.108	3.329103792e-12	8.13118176e-13	-8.13118176e-13
51380.741	136.558	-131.725	2.238979554e-12	5.85063942e-13	-5.85063942e-13
51614.062	138.925	-96.763	3.257871204e-12	7.50540888e-13	-7.50540888e-13
51913.554	100.193	-160.567	2.443099848e-12	6.21560634e-13	-6.21560634e-13
52166.069	118.451	-152.321	2.6887362e-12	6.35843118e-13	-6.35843118e-13
55579.765	109.828	-85.741	3.37910523e-12	8.40656898e-13	-8.40656898e-13
57842.749	185.145	-269.693	2.055601536e-12	4.7854251e-13	-4.7854251e-13
61326.135	124.840	-98.309	4.42351674e-12	8.91252348e-13	-8.91252348e-13
63538.632	231.565	-262.373	2.686896108e-12	5.0369598e-13	-5.0369598e-13
67202.530	187.928	-233.298	2.185627152e-12	4.69102038e-13	-4.69102038e-13
68808.985	80.521	-182.748	2.32781196e-12	6.07485948e-13	-6.07485948e-13
69038.957	153.935	-149.451	2.034097098e-12	5.3273991e-13	-5.3273991e-13
69367.812	146.009	-174.920	2.677775298e-12	5.89803294e-13	-5.89803294e-13
73191.074	1515.814	-476.240	2.44676304e-12	6.42635316e-13	-6.42635316e-13
74829.463	110.606	-122.575	3.440340858e-12	9.05915382e-13	-9.05915382e-13
75078.204	180.291	-138.134	3.048107796e-12	7.27289106e-13	-7.27289106e-13
78586.447	129.336	-101.337	2.620795104e-12	6.82156938e-13	-6.82156938e-13
78857.920	86.030	-142.136	2.633564592e-12	6.88262376e-13	-6.88262376e-13
79089.934	117.284	-145.984	2.281516902e-12	5.95452072e-13	-5.95452072e-13
79319.435	138.516	-112.216	2.408262e-12	6.25153026e-13	-6.25153026e-13
79564.479	126.653	-106.528	2.5734915e-12	6.73473672e-13	-6.73473672e-13
79995.130	277.700	-303.999	1.014054948e-12	2.70503082e-13	-2.70503082e-13
80392.236	123.804	-119.406	2.469697638e-12	6.48066738e-13	-6.48066738e-13
80602.357	156.892	-86.318	2.479450692e-12	6.51510804e-13	-6.51510804e-13
80864.692	135.240	-105.442	2.681050506e-12	6.79629732e-13	-6.79629732e-13
84776.397	1390.496	-565.103	2.473985994e-12	6.46065222e-13	-6.46065222e-13
86251.033	174.115	-84.139	2.416817118e-12	6.30567102e-13	-6.30567102e-13
86596.119	147.453	-170.971	2.229630414e-12	5.44088442e-13	-5.44088442e-13
91719.076	769.281	-1699.035	2.235326628e-12	4.43729442e-13	-4.43729442e-13
97497.578	732.898	-1779.325	1.680560838e-12	3.47173287e-13	-3.47173287e-13
103076.799	898.634	-1637.541	1.283095302e-12	3.061038354e-13	-3.061038354e-13
107385.481	160.593	-130.256	2.167203576e-12	5.63427462e-13	-5.63427462e-13
107769.827	302.784	-223.753	1.183533864e-12	3.110293914e-13	-3.110293914e-13
108378.388	331.083	-305.777	9.79949526e-13	2.57129847e-13	-2.57129847e-13
108909.729	311.235	-200.258	1.221406908e-12	3.19006392e-13	-3.19006392e-13
109414.002	303.392	-193.037	1.599109332e-12	3.70420644e-13	-3.70420644e-13
115181.780	281.212	-245.321	1.551031176e-12	3.69290322e-13	-3.69290322e-13
123291.394	2356.345	-2594.935	9.03093648e-13	2.380615662e-13	-2.380615662e-13
128368.968	3024.149	-2721.230	7.85714328e-13	1.545543114e-13	-1.545543114e-13
168236.180	15794.977	-2630.870	3.58833516e-13	9.6301983e-14	-9.6301983e-14
201478.797	4690.728	-1613.167	2.680301796e-13	6.919992e-14	-6.919992e-14
261218.818	8226.506	-10088.809	2.830459392e-13	5.6966034e-14	-5.6966034e-14
399338.023	42331.170	-27283.158	1.274555406e-13	2.61328995e-14	-2.61328995e-14
591304.467	143345.072	-69384.430	5.69225982e-14	1.54464537e-14	-1.54464537e-14