Time	T_+ve	T_-ve	Flux	Fluxpos	Fluxneg
75.8978986326022	0.641573368099685	-1.02184060734513	5.75510044602099e-08	6.53063794286552e-09	-5.93836910675766e-09
77.0166957116051	0.693366272560112	-0.477223710903189	8.24574513908149e-08	8.79686630229376e-09	-8.45247632779176e-09
78.3312664872571	0.48903452583879	-0.621204503091903	8.78986080627977e-08	9.8015520880569e-09	-9.17682929215918e-09
79.8820907128474	0.626518300813046	-1.06178969975146	4.44199665196901e-08	4.41006808110981e-09	-4.40359516157914e-09
81.5397618352092	2.52276218546261	-1.03115282154879	2.67032805547608e-08	2.32583215886602e-09	-2.32802425959288e-09
88.562	0.272	-0.321	1.427386506e-08	1.79777806e-09	-1.7696835e-09
89.193	0.264	-0.359	1.299044188e-08	1.753957036e-09	-1.709370104e-09
89.748	0.241	-0.291	1.589698162e-08	2.055580124e-09	-1.971271432e-09
90.314	0.324	-0.325	1.288098058e-08	1.701509576e-09	-1.62141473e-09
90.948	0.336	-0.310	1.22407545e-08	1.73299698e-09	-1.661012106e-09
91.666	0.243	-0.381	1.324764298e-08	1.763525478e-09	-1.692389998e-09
92.333	0.319	-0.424	1.100073052e-08	1.4697254e-09	-1.426347832e-09
93.045	0.367	-0.393	1.052719252e-08	1.454728002e-09	-1.406745184e-09
93.763	0.327	-0.351	1.234010622e-08	1.616856124e-09	-1.552899088e-09
94.447	0.353	-0.357	1.16542738e-08	1.53050625e-09	-1.488292078e-09
95.107	0.292	-0.307	1.410444256e-08	1.779535186e-09	-1.748576076e-09
95.800	0.309	-0.401	1.204216936e-08	1.493706162e-09	-1.47118556e-09
96.437	0.378	-0.328	1.145277848e-08	1.524902886e-09	-1.507088258e-09
97.231	0.355	-0.416	1.066599222e-08	1.41295492e-09	-1.391762658e-09
97.953	0.343	-0.367	1.19127593e-08	1.524953586e-09	-1.47732702e-09
98.656	0.366	-0.360	1.1358152e-08	1.541259044e-09	-1.472831282e-09
99.320	0.283	-0.299	1.43813085e-08	1.957681804e-09	-1.86474431e-09
99.996	0.353	-0.393	1.160190746e-08	1.467356358e-09	-1.438331622e-09
100.770	0.354	-0.421	1.083307238e-08	1.42990562e-09	-1.413366942e-09
101.513	0.314	-0.388	1.244028604e-08	1.541226258e-09	-1.520053262e-09
102.140	0.366	-0.312	1.26203285e-08	1.612947492e-09	-1.58810314e-09
102.888	0.359	-0.383	1.140424844e-08	1.477623446e-09	-1.456513318e-09
103.636	0.380	-0.389	1.076361676e-08	1.453903282e-09	-1.416651964e-09
104.349	0.362	-0.333	1.229757906e-08	1.600654432e-09	-1.54777467e-09
105.148	0.342	-0.437	1.085555952e-08	1.452208888e-09	-1.386774116e-09
105.903	0.366	-0.413	1.110032898e-08	1.421993716e-09	-1.376323156e-09
106.682	0.424	-0.412	1.023042852e-08	1.31473888e-09	-1.287162812e-09
107.562	0.361	-0.456	1.058888428e-08	1.332781658e-09	-1.312740962e-09
108.241	0.367	-0.318	1.20776019e-08	1.61138796e-09	-1.589173924e-09
108.875	0.275	-0.268	1.61111925e-08	2.004283554e-09	-1.968296356e-09
109.601	0.488	-0.451	8.63737368e-09	1.166861176e-09	-1.153904622e-09
110.505	0.442	-0.415	9.53288778e-09	1.26835345e-09	-1.254432582e-09
111.360	0.380	-0.413	1.065335102e-08	1.356643444e-09	-1.34047082e-09
112.221	0.382	-0.481	9.36651404e-09	1.272040354e-09	-1.251428776e-09
113.061	0.409	-0.457	9.43521592e-09	1.264708796e-09	-1.241685588e-09
113.998	0.438	-0.528	8.75026906e-09	1.138313696e-09	-1.101254362e-09
114.746	0.289	-0.310	1.440925096e-08	1.847147692e-09	-1.761246006e-09
115.493	0.479	-0.457	9.03307028e-09	1.188888636e-09	-1.137023212e-09
116.356	0.334	-0.385	1.16317292e-08	1.549499146e-09	-1.485958864e-09
117.100	0.496	-0.410	9.3347657e-09	1.212883932e-09	-1.174595292e-09
118.214	0.574	-0.618	6.93587154e-09	9.33178792e-10	-8.99203032e-10
119.183	0.496	-0.395	9.69229534e-09	1.218283482e-09	-1.184168804e-09
120.129	0.575	-0.450	8.13840456e-09	1.041016002e-09	-1.023934834e-09
121.038	0.322	-0.335	1.26845485e-08	1.594469708e-09	-1.572558182e-09
3639.360	137.770	-178.152	1.827293572e-12	4.78145278e-13	-4.78145278e-13
3969.062	113.960	-191.933	1.89537387e-12	4.93748372e-13	-4.93748372e-13
4193.212	67.829	-110.190	3.266015246e-12	8.49540016e-13	-8.49540016e-13
4358.958	190.424	-97.917	2.296094502e-12	5.59065182e-13	-5.59065182e-13
4663.692	158.989	-114.309	2.120758016e-12	5.57432304e-13	-5.57432304e-13
4994.436	139.152	-171.756	1.856771566e-12	4.86585138e-13	-4.86585138e-13
5314.219	152.842	-180.631	1.7210284e-12	4.53044384e-13	-4.53044384e-13
5649.091	211.602	-182.030	3.056603628e-12	5.5213145e-13	-5.5213145e-13
9693.029	298.146	-383.844	8.73380846e-13	2.27617819e-13	-2.27617819e-13
10234.065	220.964	-242.890	1.287719836e-12	3.358875676e-13	-3.358875676e-13
10627.823	133.099	-172.794	1.952571244e-12	5.08440218e-13	-5.08440218e-13
11008.956	140.588	-248.033	1.76106957e-12	4.2871751e-13	-4.2871751e-13
15990.865	1059.992	-1010.231	9.74813632e-13	1.774313086e-13	-1.774313086e-13
27589.346	17278.714	-6652.343	5.94822878e-13	1.096317872e-13	-1.096317872e-13
171037.646	16140.805	-6856.793	1.688109566e-13	4.12808188e-14	-4.12808188e-14
349238.015	75329.869	-57920.199	9.34694046e-14	2.136161352e-14	-2.136161352e-14
550143.601	40447.403	-17951.515	1.011125986e-13	2.39316844e-14	-2.39316844e-14
935518.430	567814.439	-196547.204	4.93369474e-14	1.069917706e-14	-1.069917706e-14
4505089.238	57021.288	-42587.361	3.318420456e-14	1.333169682e-14	-1.077761672e-14
10135080.747	67148.612	-54113.837	6.61433552e-14	1.722024824e-14	-1.722024824e-14