Time	T_+ve	T_-ve	Flux	Fluxpos	Fluxneg
49.1664154743149	0.434635515415884	-0.485162534716821	8.57638843533301e-09	1.07467580309388e-09	-1.04050272330058e-09
50.0579247518112	0.414886248638851	-0.456873762080448	9.0396371743386e-09	1.1191791738799e-09	-1.09638304810795e-09
50.8421124324195	0.365445620223255	-0.369301431969447	1.07106144577441e-08	1.3297997190095e-09	-1.29916149262637e-09
51.5087034561812	0.289482505168294	-0.301145403538406	1.34959236136576e-08	1.7147638686912e-09	-1.63690355531804e-09
52.2188611580873	0.331897816567867	-0.420675196737832	1.06055427432101e-08	1.34487884904304e-09	-1.28681062335996e-09
52.8752852772706	0.412020690640162	-0.324526302615439	1.08335682489589e-08	1.34849791223241e-09	-1.3144325493726e-09
54.0496626896043	0.834421296677959	-0.762356721693536	9.49996755057458e-09	8.67406138473055e-10	-8.40561705539811e-10
62.225	0.267	-0.300	4.1907244e-09	5.261551e-10	-5.2615748e-10
62.745	0.251	-0.254	4.7948738e-09	5.8578804e-10	-5.8579144e-10
63.333	0.224	-0.337	4.2791958e-09	5.2995392e-10	-5.2995664e-10
63.892	0.364	-0.335	3.429886e-09	4.2477186e-10	-4.247739e-10
64.590	0.246	-0.334	4.1348046e-09	5.120723e-10	-5.1207434e-10
65.076	0.262	-0.240	5.7168926e-09	6.4649538e-10	-6.4649878e-10
65.628	0.222	-0.291	5.2222878e-09	6.0707952e-10	-6.0708224e-10
66.114	0.286	-0.263	4.2729568e-09	5.4392316e-10	-5.439252e-10
66.665	0.308	-0.265	4.1433114e-09	5.202017e-10	-5.2020374e-10
67.267	0.312	-0.294	3.8720118e-09	4.9288542e-10	-4.9288746e-10
67.926	0.265	-0.347	3.958654e-09	4.8362722e-10	-4.8362892e-10
68.480	0.315	-0.289	4.0169538e-09	4.9074954e-10	-4.9075124e-10
69.074	0.224	-0.280	3.25477444e-09	4.8951534e-10	-4.895167e-10
69.567	0.268	-0.269	4.4633976e-09	5.5276656e-10	-5.5276826e-10
70.141	0.308	-0.306	3.907178e-09	4.8388188e-10	-4.8388324e-10
70.712	0.246	-0.263	4.7131888e-09	5.8370146e-10	-5.8370282e-10
71.302	0.337	-0.344	3.4834598e-09	4.3735628e-10	-4.373573e-10
71.898	0.280	-0.259	4.4486688e-09	5.5094246e-10	-5.5094348e-10
72.446	0.239	-0.268	5.0506422e-09	6.0366796e-10	-6.0366932e-10
72.995	0.348	-0.309	3.6983738e-09	4.6433936e-10	-4.6434004e-10
73.595	0.251	-0.253	4.9455992e-09	6.0784214e-10	-6.0784316e-10
74.133	0.284	-0.287	4.2953798e-09	5.3195856e-10	-5.3195958e-10
74.677	0.273	-0.260	4.5961812e-09	5.6921066e-10	-5.6921168e-10
75.272	0.320	-0.322	3.8585444e-09	4.7139674e-10	-4.7139742e-10
75.867	0.235	-0.274	5.3065976e-09	6.2109092e-10	-6.2109194e-10
76.391	0.295	-0.290	4.2338432e-09	5.1724676e-10	-5.172471e-10
76.953	0.239	-0.266	5.2210026e-09	6.2314554e-10	-6.2314622e-10
77.415	0.283	-0.223	5.2707208e-09	6.2116096e-10	-6.2116164e-10
77.932	0.270	-0.235	5.048388e-09	6.2281064e-10	-6.2281132e-10
78.498	0.222	-0.295	4.7382026e-09	5.8679954e-10	-5.8680022e-10
78.994	0.266	-0.273	4.5971366e-09	5.6163002e-10	-5.616307e-10
79.550	0.346	-0.290	3.812012e-09	4.7860678e-10	-4.7860712e-10
80.129	0.287	-0.233	4.7703734e-09	5.8279434e-10	-5.8279502e-10
80.754	0.247	-0.338	4.1052076e-09	5.225698e-10	-5.2257014e-10
81.288	0.266	-0.287	4.3427146e-09	5.5280294e-10	-5.5280328e-10
81.823	0.235	-0.268	5.1424082e-09	6.1463636e-10	-6.146367e-10
82.398	0.290	-0.340	3.9348404e-09	4.8071784e-10	-4.8071818e-10
82.976	0.329	-0.288	3.9865816e-09	4.8703912e-10	-4.8703946e-10
83.558	0.301	-0.253	4.363798e-09	5.331234e-10	-5.3312374e-10
84.169	0.266	-0.310	4.1461334e-09	5.134748e-10	-5.1347514e-10
84.736	0.254	-0.302	2.87737818e-09	4.377313e-10	-4.3773164e-10
85.313	0.353	-0.323	3.5720672e-09	4.3639782e-10	-4.3639816e-10
85.961	0.327	-0.296	3.8774756e-09	4.7370942e-10	-4.7370976e-10
86.619	0.293	-0.330	3.8567492e-09	4.804557e-10	-4.8045604e-10
87.255	0.334	-0.344	3.5619794e-09	4.3516566e-10	-4.3516566e-10
87.858	0.274	-0.269	4.4044654e-09	5.4546812e-10	-5.4546846e-10
88.416	0.247	-0.285	3.04847604e-09	4.5444026e-10	-4.544406e-10
88.953	0.380	-0.289	3.5361938e-09	4.439771e-10	-4.439771e-10
89.595	0.275	-0.262	2.9726523e-09	4.5222516e-10	-4.5222516e-10
90.138	0.239	-0.268	3.19823074e-09	4.7676432e-10	-4.7676466e-10
90.682	0.242	-0.305	4.4206188e-09	5.4006518e-10	-5.4006552e-10
91.195	0.234	-0.272	3.20961292e-09	4.7846126e-10	-4.7846126e-10
91.631	0.309	-0.202	3.38776476e-09	4.8898222e-10	-4.8898222e-10
92.170	0.271	-0.230	3.37591066e-09	4.9242778e-10	-4.9242778e-10
92.719	0.290	-0.278	4.2542738e-09	5.1974304e-10	-5.1974304e-10
93.257	0.299	-0.249	2.87009266e-09	4.4565908e-10	-4.4565908e-10
93.858	0.321	-0.302	3.8367198e-09	4.7515612e-10	-4.7515612e-10
94.463	0.253	-0.284	4.4454694e-09	5.5054636e-10	-5.5054636e-10
95.006	0.285	-0.290	4.113779e-09	5.16494e-10	-5.16494e-10
95.606	0.319	-0.315	2.55879886e-09	3.8144362e-10	-3.8144362e-10
96.184	0.250	-0.259	4.7650796e-09	5.856551e-10	-5.8565544e-10
96.755	0.302	-0.322	2.43860512e-09	3.947247e-10	-3.947247e-10
97.342	0.264	-0.284	2.9575733e-09	4.4088922e-10	-4.4088922e-10
97.923	0.316	-0.317	3.8097612e-09	4.6543722e-10	-4.6543722e-10
98.497	0.336	-0.258	3.2728111e-09	4.4537348e-10	-4.4537382e-10
99.179	0.321	-0.346	3.6168418e-09	4.4186842e-10	-4.4186842e-10
99.778	0.248	-0.277	3.08790652e-09	4.6031818e-10	-4.6031818e-10
100.335	0.316	-0.310	3.35393918e-09	4.4345248e-10	-4.4345248e-10
100.909	0.262	-0.258	3.07255926e-09	4.6742384e-10	-4.6742384e-10
101.447	0.234	-0.276	3.2445078e-09	4.7837694e-10	-4.7837694e-10
101.996	0.303	-0.314	2.5855538e-09	3.9333648e-10	-3.9333648e-10
102.615	0.339	-0.316	3.6855796e-09	4.5026574e-10	-4.5026574e-10
103.253	0.382	-0.300	3.34679578e-09	4.2435638e-10	-4.2435638e-10
103.888	0.296	-0.252	2.86831854e-09	4.4538368e-10	-4.4538368e-10
104.465	0.233	-0.281	3.36125598e-09	4.8515586e-10	-4.8515586e-10
104.975	0.249	-0.278	3.07602862e-09	4.585478e-10	-4.585478e-10
105.494	0.261	-0.270	3.04516138e-09	4.5394624e-10	-4.5394624e-10
106.017	0.260	-0.262	3.17658022e-09	4.6836156e-10	-4.6836156e-10
106.531	0.248	-0.254	3.37236752e-09	4.9191064e-10	-4.9191064e-10
107.072	0.299	-0.294	2.73424838e-09	4.0759812e-10	-4.0759812e-10
107.633	0.281	-0.262	2.89516562e-09	4.4955242e-10	-4.4955242e-10
108.141	0.294	-0.227	3.17658022e-09	4.6836156e-10	-4.6836156e-10
108.729	0.217	-0.294	3.12461462e-09	4.7534312e-10	-4.7534312e-10
109.249	0.270	-0.303	2.69965304e-09	4.279512e-10	-4.279512e-10
109.759	0.270	-0.241	3.38398294e-09	4.8843618e-10	-4.8843618e-10
110.356	0.289	-0.327	2.59180878e-09	3.9428814e-10	-3.9428814e-10
110.927	0.232	-0.282	3.00791336e-09	4.7681702e-10	-4.7681702e-10
111.459	0.205	-0.300	3.20600212e-09	4.7792304e-10	-4.7792304e-10
111.929	0.249	-0.265	3.10290902e-09	4.7204104e-10	-4.7204104e-10
112.453	0.330	-0.275	2.67800456e-09	3.9921372e-10	-3.9921372e-10
113.058	0.330	-0.275	2.63763942e-09	4.0126018e-10	-4.0126018e-10
113.668	0.232	-0.280	2.68443464e-09	4.9483974e-10	-4.9483974e-10
114.179	0.284	-0.278	2.83788344e-09	4.3172316e-10	-4.3172316e-10
114.680	0.300	-0.218	3.12894078e-09	4.6643546e-10	-4.6643546e-10
115.228	0.270	-0.248	3.12917368e-09	4.6647014e-10	-4.6647014e-10
115.852	0.355	-0.354	2.28800654e-09	3.410761e-10	-3.410761e-10
116.516	0.336	-0.310	2.50860976e-09	3.7396192e-10	-3.7396192e-10
117.078	0.281	-0.226	3.19517516e-09	4.7630906e-10	-4.7630906e-10
117.631	0.284	-0.271	2.91867492e-09	4.3509086e-10	-4.3509086e-10
118.267	0.267	-0.352	2.61667604e-09	3.9007146e-10	-3.9007146e-10
118.885	0.316	-0.351	2.39169532e-09	3.6384522e-10	-3.6384522e-10
119.484	0.347	-0.283	2.53357324e-09	3.8542876e-10	-3.8542876e-10
120.106	0.352	-0.276	2.57967826e-09	3.8455598e-10	-3.8455598e-10
120.726	0.240	-0.267	3.19517516e-09	4.7630906e-10	-4.7630906e-10
121.279	0.288	-0.313	2.69420182e-09	4.016284e-10	-4.016284e-10
121.804	0.273	-0.237	3.12515522e-09	4.754254e-10	-4.754254e-10
122.335	0.305	-0.257	2.8382979e-09	4.3178606e-10	-4.3178606e-10
122.942	0.255	-0.302	2.73375164e-09	4.4249844e-10	-4.4249844e-10
123.490	0.239	-0.293	3.0455687e-09	4.540071e-10	-4.540071e-10
123.973	0.266	-0.244	3.17291434e-09	4.7299066e-10	-4.7299066e-10
124.589	0.443	-0.350	2.04176154e-09	3.04368102e-10	-3.04368102e-10
125.334	0.236	-0.301	3.01531958e-09	4.4949768e-10	-4.4949768e-10
125.875	0.280	-0.305	2.81110742e-09	4.1905544e-10	-4.1905544e-10
126.484	0.341	-0.328	2.48269904e-09	3.7009918e-10	-3.7009918e-10
127.227	0.378	-0.403	2.1264501e-09	3.16992744e-10	-3.16992744e-10
127.946	0.264	-0.341	4.0877452e-09	4.9939846e-10	-4.9939846e-10
128.507	0.302	-0.297	2.68641956e-09	4.1713886e-10	-4.1713886e-10
129.110	0.315	-0.301	2.6980445e-09	4.0220096e-10	-4.0220096e-10
129.683	0.283	-0.258	3.07076406e-09	4.5776274e-10	-4.5776274e-10
130.257	0.289	-0.291	2.86350244e-09	4.2686626e-10	-4.2686626e-10
130.819	0.234	-0.273	3.2754206e-09	4.8827128e-10	-4.8827128e-10
131.336	0.250	-0.282	3.07494198e-09	4.6778628e-10	-4.6778628e-10
131.839	0.254	-0.253	3.27541992e-09	4.8827128e-10	-4.8827128e-10
132.383	0.321	-0.291	2.71364404e-09	4.0452656e-10	-4.0452656e-10
133.008	0.307	-0.303	3.38672674e-09	4.5257094e-10	-4.5257094e-10
133.695	0.349	-0.381	2.27685964e-09	3.39414486e-10	-3.39414452e-10
134.377	0.382	-0.333	2.28716096e-09	3.479424e-10	-3.479424e-10
135.087	0.373	-0.328	3.26238228e-09	4.2573202e-10	-4.2573202e-10
135.875	0.363	-0.414	2.1361435e-09	3.18437744e-10	-3.18437744e-10
136.624	0.323	-0.387	2.05919062e-09	3.5531326e-10	-3.5531326e-10
137.188	0.324	-0.240	2.78543606e-09	4.32514e-10	-4.32514e-10
137.863	0.346	-0.351	2.3226641e-09	3.4624274e-10	-3.4624274e-10
138.485	0.336	-0.276	2.60674396e-09	3.9656002e-10	-3.9656002e-10
139.186	0.210	-0.365	2.62620216e-09	4.3742734e-10	-4.3742734e-10
139.787	0.370	-0.391	2.06304248e-09	3.20342832e-10	-3.20342832e-10
140.502	0.320	-0.346	2.43432486e-09	3.6288812e-10	-3.6288812e-10
141.064	0.275	-0.241	3.13951546e-09	4.680117e-10	-4.680117e-10
141.722	0.280	-0.384	2.36724422e-09	3.6757842e-10	-3.6757842e-10
142.368	0.389	-0.366	2.14730944e-09	3.20102282e-10	-3.20102282e-10
143.088	0.275	-0.332	2.67005638e-09	3.9802882e-10	-3.9802882e-10
143.675	0.342	-0.313	2.47412458e-09	3.6882112e-10	-3.6882112e-10
144.388	0.325	-0.370	2.32854032e-09	3.4711858e-10	-3.4711858e-10
145.022	0.300	-0.309	2.5819039e-09	4.0090998e-10	-4.0090998e-10
145.636	0.377	-0.314	2.34654468e-09	3.4980254e-10	-3.4980254e-10
146.321	0.339	-0.309	2.46351624e-09	3.7477112e-10	-3.7477112e-10
147.060	0.331	-0.400	2.2311208e-09	3.35558784e-10	-3.35558784e-10
147.702	0.369	-0.311	2.3837043e-09	3.5534182e-10	-3.5534182e-10
148.341	0.245	-0.271	3.20968432e-09	4.732426e-10	-4.732426e-10
148.901	0.307	-0.314	2.60909744e-09	3.8894164e-10	-3.8894164e-10
149.505	0.314	-0.298	2.56713464e-09	3.9861668e-10	-3.9861668e-10
150.226	0.417	-0.407	1.90733166e-09	2.96164548e-10	-2.96164548e-10
150.991	0.273	-0.348	2.56972816e-09	3.9092894e-10	-3.9092894e-10
151.507	0.258	-0.243	3.32367272e-09	4.9432158e-10	-4.9432158e-10
152.112	0.391	-0.346	2.16626852e-09	3.29551256e-10	-3.29551256e-10
152.751	0.313	-0.249	3.2652495e-09	4.572269e-10	-4.572269e-10
153.372	0.306	-0.308	2.63938702e-09	3.9345684e-10	-3.9345684e-10
154.000	0.315	-0.322	2.50512612e-09	3.8110124e-10	-3.8110124e-10
154.627	0.380	-0.311	2.3412638e-09	3.4901544e-10	-3.4901544e-10
155.404	0.456	-0.396	1.90098998e-09	2.83383064e-10	-2.83383064e-10
156.251	0.354	-0.392	2.1732103e-09	3.23963356e-10	-3.23963356e-10
156.883	0.274	-0.278	2.89301206e-09	4.401096e-10	-4.401096e-10
157.463	0.313	-0.307	2.61659512e-09	3.9005922e-10	-3.9005922e-10
158.078	0.237	-0.302	2.914837e-09	4.5260698e-10	-4.5260698e-10
158.725	0.317	-0.411	2.15953074e-09	3.35325238e-10	-3.35325238e-10
159.334	0.304	-0.292	2.6775306e-09	4.0732884e-10	-4.0732884e-10
159.966	0.398	-0.328	2.19842742e-09	3.3444355e-10	-3.3444355e-10
160.676	0.268	-0.311	2.7093478e-09	4.20699e-10	-4.20699e-10
161.246	0.339	-0.302	2.49166416e-09	3.7905308e-10	-3.7905342e-10
161.835	0.290	-0.251	3.01713654e-09	4.5377488e-10	-4.5377488e-10
162.438	0.265	-0.312	2.83089746e-09	4.2576466e-10	-4.2576466e-10
162.972	0.346	-0.270	2.5924014e-09	3.9437824e-10	-3.9437824e-10
163.597	0.276	-0.279	3.28498956e-09	4.7189178e-10	-4.7189178e-10
164.194	0.246	-0.321	2.85495076e-09	4.2559126e-10	-4.2559126e-10
164.760	0.292	-0.320	2.60747904e-09	3.9667188e-10	-3.9667188e-10
165.320	0.255	-0.268	3.05092302e-09	4.641323e-10	-4.641323e-10
165.906	0.356	-0.330	3.31993952e-09	4.2095128e-10	-4.2095128e-10
166.556	0.284	-0.294	2.80219432e-09	4.1772672e-10	-4.1772672e-10
167.121	0.226	-0.281	3.26650104e-09	4.8161986e-10	-4.8161986e-10
167.640	0.353	-0.293	3.735444e-09	4.5635752e-10	-4.5635752e-10
168.258	0.246	-0.265	3.0775168e-09	4.7786728e-10	-4.7786728e-10
168.867	0.299	-0.363	2.44872862e-09	3.6503522e-10	-3.6503522e-10
169.453	0.330	-0.288	3.868945e-09	4.7914704e-10	-4.7914704e-10
170.066	0.233	-0.283	3.2109362e-09	4.7342722e-10	-4.7342722e-10
170.580	0.270	-0.281	2.89413508e-09	4.4028062e-10	-4.4028062e-10
171.080	0.274	-0.230	3.31331802e-09	4.9278138e-10	-4.9278138e-10
171.647	0.342	-0.293	3.7220718e-09	4.6731436e-10	-4.6731436e-10
172.315	0.322	-0.326	3.6127346e-09	4.5988094e-10	-4.5988094e-10
172.976	0.298	-0.339	3.7500164e-09	4.6441824e-10	-4.6441824e-10
173.570	0.296	-0.296	4.0318016e-09	4.993155e-10	-4.9931584e-10
174.115	0.303	-0.249	3.06907834e-09	4.4767154e-10	-4.4767154e-10
174.759	0.322	-0.342	3.5992604e-09	4.4574816e-10	-4.4574816e-10
175.413	0.314	-0.332	3.6606236e-09	4.5959942e-10	-4.5959942e-10
176.068	0.260	-0.341	3.972016e-09	4.9191166e-10	-4.9191166e-10
176.638	0.345	-0.310	3.6481694e-09	4.5180526e-10	-4.5180526e-10
177.276	0.340	-0.293	3.7711372e-09	4.6703386e-10	-4.6703386e-10
177.897	0.305	-0.280	4.122398e-09	5.036318e-10	-5.036318e-10
178.561	0.315	-0.359	3.578551e-09	4.3719036e-10	-4.3719036e-10
179.214	0.331	-0.338	3.654456e-09	4.4646318e-10	-4.4646352e-10
179.818	0.231	-0.273	3.37305058e-09	4.9732956e-10	-4.9732956e-10
180.343	0.331	-0.295	3.9098402e-09	4.8421168e-10	-4.8421168e-10
180.938	0.317	-0.263	4.1784504e-09	5.2461388e-10	-5.2461388e-10
181.502	0.326	-0.247	4.3178708e-09	5.2751272e-10	-5.2751272e-10
182.088	0.341	-0.260	3.1311535e-09	4.3844972e-10	-4.3844972e-10
182.739	0.357	-0.310	3.6324682e-09	4.5606444e-10	-4.5606444e-10
183.404	0.283	-0.308	4.1455214e-09	5.1339932e-10	-5.1339966e-10
183.940	0.250	-0.253	5.0832074e-09	6.1552852e-10	-6.1552886e-10
184.539	0.293	-0.349	3.8514554e-09	4.7053042e-10	-4.7053076e-10
185.129	0.300	-0.296	4.1503188e-09	5.0704268e-10	-5.0704268e-10
185.696	0.305	-0.268	4.3178708e-09	5.2751272e-10	-5.2751272e-10
186.319	0.321	-0.318	3.8728618e-09	4.731457e-10	-4.731457e-10
186.965	0.303	-0.325	3.818931e-09	4.861286e-10	-4.861286e-10
187.509	0.265	-0.240	5.4801642e-09	6.3279576e-10	-6.3279576e-10
188.016	0.259	-0.242	5.0039296e-09	6.0681636e-10	-6.0681636e-10
188.587	0.264	-0.312	4.2912182e-09	5.242562e-10	-5.242562e-10
189.103	0.294	-0.252	4.5288476e-09	5.5328778e-10	-5.5328778e-10
189.677	0.257	-0.279	4.6006692e-09	5.6206182e-10	-5.6206216e-10
190.209	0.226	-0.275	4.9540006e-09	5.963923e-10	-5.963923e-10
190.706	0.240	-0.271	4.6788726e-09	5.794518e-10	-5.794518e-10
191.238	0.218	-0.292	6.0190778e-09	6.5597152e-10	-6.5597152e-10
191.719	0.242	-0.263	5.4894428e-09	6.2558096e-10	-6.255813e-10
192.228	0.242	-0.266	5.521838e-09	6.25226e-10	-6.25226e-10
192.737	0.237	-0.266	5.7234716e-09	6.3990448e-10	-6.3990448e-10
193.220	0.259	-0.246	5.963005e-09	6.6083658e-10	-6.6083658e-10
193.728	0.267	-0.249	5.0492924e-09	5.984051e-10	-5.984051e-10
194.236	0.269	-0.241	5.3615654e-09	6.1501478e-10	-6.1501478e-10
194.774	0.244	-0.268	5.6241032e-09	6.2879498e-10	-6.2879498e-10
195.352	0.269	-0.334	3.9801862e-09	4.9583288e-10	-4.9583288e-10
195.877	0.256	-0.256	5.483503e-09	6.2088556e-10	-6.2088556e-10
196.400	0.235	-0.266	5.1693804e-09	6.0921812e-10	-6.0921812e-10
196.876	0.261	-0.241	5.5283762e-09	6.3001796e-10	-6.3001796e-10
197.427	0.217	-0.290	4.759762e-09	5.8149826e-10	-5.8149826e-10
197.895	0.260	-0.251	5.2657126e-09	6.187286e-10	-6.187286e-10
198.410	0.252	-0.255	5.68089e-09	6.4873496e-10	-6.4873496e-10
198.920	0.261	-0.259	5.2226278e-09	6.0630874e-10	-6.0630874e-10
199.444	0.242	-0.263	5.9400652e-09	6.5518782e-10	-6.5518782e-10
199.918	0.548	-0.231	5.8496966e-09	7.2535634e-10	-7.23027e-10
201.346	0.875	-0.881	4.677567e-09	6.16488e-10	-5.991191e-10
203.001	0.694	-0.779	5.7803604e-09	7.3101564e-10	-7.0684504e-10
204.475	0.662	-0.781	5.7970816e-09	7.469579e-10	-7.2542298e-10
205.608	0.519	-0.470	8.4558102e-09	1.08306354e-09	-1.05821158e-09
206.722	0.538	-0.595	7.4471424e-09	9.4719784e-10	-9.2123612e-10
207.761	0.643	-0.501	6.7842274e-09	9.586861e-10	-9.3345946e-10
208.976	0.462	-0.572	8.1648076e-09	1.04587434e-09	-1.00992444e-09
209.987	0.604	-0.549	7.164854e-09	9.4050358e-10	-9.0694048e-10
211.337	0.619	-0.746	5.9559772e-09	7.7887778e-10	-7.628937e-10
212.519	0.440	-0.563	8.0997044e-09	1.0640028e-09	-1.03736924e-09
213.497	0.492	-0.539	7.1664622e-09	1.05939138e-09	-1.0359868e-09
214.569	0.632	-0.580	6.400789e-09	8.9227458e-10	-8.7005456e-10
215.796	0.435	-0.595	7.4558124e-09	1.03909134e-09	-1.02546108e-09
216.793	0.535	-0.563	7.3360576e-09	9.6247846e-10	-9.5005554e-10
217.838	0.476	-0.510	8.3971262e-09	1.07290536e-09	-1.0505184e-09
218.770	0.414	-0.456	9.3419896e-09	1.22201372e-09	-1.19664904e-09
219.811	0.657	-0.627	6.1531534e-09	8.3879904e-10	-8.1656644e-10
221.031	0.471	-0.563	8.4893512e-09	1.05935942e-09	-1.03780376e-09
221.974	0.513	-0.472	8.5275094e-09	1.13411896e-09	-1.11789484e-09
222.993	0.657	-0.505	7.437381e-09	9.630398e-10	-9.4155894e-10
224.314	0.579	-0.665	6.9479374e-09	8.9836534e-10	-8.7948718e-10
225.346	0.629	-0.453	8.0603528e-09	1.02679388e-09	-1.0085165e-09
226.578	0.605	-0.603	7.2825042e-09	9.3509792e-10	-9.007654e-10
227.733	0.501	-0.550	8.2175416e-09	1.06977872e-09	-1.0403269e-09
228.674	0.400	-0.440	1.0476454e-08	1.3347329e-09	-1.29594298e-09
229.416	0.350	-0.342	1.24848952e-08	1.60982928e-09	-1.58055562e-09
230.310	0.511	-0.544	7.9665944e-09	1.05986602e-09	-1.04440792e-09
231.267	0.401	-0.446	1.01929586e-08	1.30144758e-09	-1.2752805e-09
232.076	0.374	-0.408	1.07937352e-08	1.39731602e-09	-1.33484816e-09
232.849	0.405	-0.399	9.8285636e-09	1.37118634e-09	-1.31976474e-09
233.745	0.505	-0.492	8.1595648e-09	1.09650918e-09	-1.05735818e-09
234.773	0.517	-0.524	7.8830666e-09	1.04921212e-09	-1.00957798e-09
235.783	0.605	-0.492	7.5428116e-09	9.8793936e-10	-9.5483628e-10
236.901	0.511	-0.513	7.859508e-09	1.04931208e-09	-1.03082526e-09
237.998	0.439	-0.585	7.7860102e-09	1.04912746e-09	-1.03311584e-09
238.857	0.430	-0.419	9.8451998e-09	1.25660634e-09	-1.231905e-09
239.665	0.475	-0.379	9.694046e-09	1.24563386e-09	-1.22673632e-09
240.569	0.399	-0.428	1.00992784e-08	1.28513098e-09	-1.2634944e-09
241.318	0.344	-0.350	1.20437758e-08	1.53783292e-09	-1.50694324e-09
242.127	0.475	-0.466	8.776522e-09	1.15491064e-09	-1.13713952e-09
242.995	0.443	-0.393	1.0339145e-08	1.31954068e-09	-1.2938479e-09
243.800	0.357	-0.361	1.2244828e-08	1.53752794e-09	-1.49734776e-09
244.643	0.400	-0.486	9.933423e-09	1.24530882e-09	-1.2147316e-09
245.420	0.326	-0.376	1.25235736e-08	1.57267034e-09	-1.53142528e-09
246.168	0.482	-0.422	9.6516922e-09	1.2521622e-09	-1.19368288e-09
247.026	0.360	-0.376	1.14204164e-08	1.52193384e-09	-1.48005808e-09
247.746	0.349	-0.359	1.23192438e-08	1.55820198e-09	-1.52405204e-09
248.568	0.407	-0.474	9.9659406e-09	1.26386262e-09	-1.23763978e-09
249.448	0.333	-0.473	1.06303618e-08	1.37963772e-09	-1.34584138e-09
250.065	0.287	-0.284	1.49258266e-08	1.9479484e-09	-1.88952484e-09
250.630	0.415	-0.278	1.25152946e-08	1.61885594e-09	-1.54788604e-09
251.441	0.296	-0.397	1.25154884e-08	1.59164234e-09	-1.54820904e-09
252.095	0.357	-0.359	1.18945974e-08	1.53939896e-09	-1.50595928e-09
252.756	0.325	-0.305	1.32619448e-08	1.7578629e-09	-1.71883974e-09
253.367	0.247	-0.285	1.63822744e-08	2.09499976e-09	-2.0342234e-09
253.895	0.248	-0.282	1.502494e-08	2.1374219e-09	-2.06716804e-09
254.387	0.261	-0.243	1.9016302e-08	2.35542004e-09	-2.23561322e-09
254.924	0.266	-0.277	1.58196084e-08	2.07123614e-09	-1.97925322e-09
255.534	0.296	-0.344	1.3402749e-08	1.71875508e-09	-1.6768222e-09
256.148	0.327	-0.317	1.3051155e-08	1.7182104e-09	-1.69600398e-09
256.826	0.226	-0.352	1.43114262e-08	1.91046884e-09	-1.87641342e-09
257.431	0.355	-0.378	1.1605679e-08	1.52578774e-09	-1.46909036e-09
258.026	0.350	-0.241	1.45330756e-08	1.89928658e-09	-1.81832238e-09
258.775	0.361	-0.399	1.08927704e-08	1.47839582e-09	-1.42834986e-09
259.467	0.327	-0.331	1.28060524e-08	1.7091562e-09	-1.6400155e-09
260.109	0.298	-0.314	1.3976448e-08	1.83108632e-09	-1.74863734e-09
260.725	0.374	-0.319	1.20766028e-08	1.5920041e-09	-1.5108512e-09
261.545	0.434	-0.447	9.0633188e-09	1.25342836e-09	-1.2025783e-09
262.402	0.385	-0.423	1.02545462e-08	1.33339908e-09	-1.29822846e-09
263.121	0.411	-0.334	1.12119182e-08	1.4474888e-09	-1.4029794e-09
263.808	0.274	-0.276	1.52032326e-08	1.9700518e-09	-1.9023408e-09
264.478	0.435	-0.396	1.01500914e-08	1.30228806e-09	-1.2554653e-09
265.430	0.439	-0.517	8.7482238e-09	1.1277154e-09	-1.09471058e-09
266.249	0.367	-0.380	1.11852384e-08	1.45511296e-09	-1.39951888e-09
267.046	0.393	-0.431	1.0238029e-08	1.3269452e-09	-1.26609812e-09
267.935	0.458	-0.495	8.6856264e-09	1.1488311e-09	-1.0991928e-09
268.844	0.498	-0.452	8.7973708e-09	1.1354351e-09	-1.10084384e-09
269.712	0.447	-0.370	9.9583858e-09	1.32526798e-09	-1.29060498e-09
270.537	0.427	-0.377	1.04869396e-08	1.3433247e-09	-1.2971544e-09
271.651	0.613	-0.688	6.456957e-09	8.381136e-10	-8.079267e-10
272.755	0.557	-0.491	8.0146806e-09	1.0303275e-09	-1.00295444e-09
273.834	0.576	-0.522	7.7199958e-09	1.00222242e-09	-9.547727e-10
274.957	0.577	-0.547	7.334871e-09	9.8363122e-10	-9.393027e-10
276.351	0.815	-0.816	5.1479264e-09	6.7193554e-10	-6.4407696e-10
277.741	0.588	-0.575	7.218115e-09	9.19564e-10	-9.0321204e-10
278.982	0.592	-0.653	6.743764e-09	8.6473968e-10	-8.4390992e-10
280.145	0.571	-0.571	7.2869684e-09	9.3824326e-10	-9.223333e-10
281.213	0.514	-0.497	8.3859946e-09	1.06628862e-09	-1.03737944e-09
282.189	0.405	-0.461	6.3498774e-09	8.2133426e-10	-7.791423e-10
283.077	0.366	-0.483	5.796779e-09	7.7602824e-10	-7.205382e-10
283.832	0.370	-0.390	6.41291e-09	8.7713302e-10	-8.0698626e-10
284.693	0.491	-0.491	5.036199e-09	6.8150722e-10	-6.2897518e-10
285.496	0.362	-0.312	7.36627e-09	9.8201622e-10	-9.0404266e-10
286.328	0.465	-0.469	5.0120216e-09	7.2085032e-10	-6.6396526e-10
287.224	0.414	-0.431	5.8775018e-09	7.86862e-10	-7.21259e-10
288.066	0.411	-0.429	5.858183e-09	7.5397482e-10	-7.283429e-10
288.857	0.426	-0.380	6.0449892e-09	7.9136836e-10	-7.616782e-10
289.764	0.540	-0.481	4.8171778e-09	6.4149466e-10	-5.9885458e-10
290.762	0.430	-0.458	5.5413166e-09	7.479779e-10	-6.8865028e-10
291.684	0.615	-0.492	4.4024526e-09	5.9720694e-10	-5.5416226e-10
292.762	0.405	-0.463	5.536832e-09	7.1865222e-10	-6.8882334e-10
293.716	0.560	-0.549	4.2887124e-09	5.6319606e-10	-5.4032936e-10
294.957	0.537	-0.682	3.862434e-09	5.2752632e-10	-4.9246892e-10
296.008	0.465	-0.514	4.8104866e-09	6.6310642e-10	-6.1321312e-10
297.007	0.544	-0.534	4.3229606e-09	6.0244056e-10	-5.5817664e-10
298.040	0.500	-0.490	4.7585754e-09	6.4227394e-10	-6.0691394e-10
299.010	0.450	-0.470	5.117595e-09	6.9838312e-10	-6.525178e-10
299.905	0.523	-0.445	5.0075336e-09	6.655891e-10	-6.1460406e-10
301.031	0.443	-0.603	3.0227853e-09	4.8086438e-10	-4.6971918e-10
302.081	0.564	-0.607	4.139925e-09	5.3263788e-10	-5.0856758e-10
303.354	0.548	-0.710	3.6799866e-09	4.7795024e-10	-4.6381134e-10
304.562	0.569	-0.660	3.7724836e-09	4.8375506e-10	-4.6886442e-10
305.565	0.394	-0.434	5.3889626e-09	7.4307986e-10	-7.049577e-10
306.612	0.599	-0.653	3.5236478e-09	4.8356806e-10	-4.6633924e-10
307.765	0.463	-0.553	4.5210582e-09	5.9037294e-10	-5.6816346e-10
308.693	0.456	-0.466	5.0810722e-09	6.5480532e-10	-6.2320266e-10
309.625	0.505	-0.476	4.5936618e-09	6.3858154e-10	-5.930688e-10
310.734	0.576	-0.605	3.9637982e-09	5.0951652e-10	-4.8692522e-10
311.902	0.447	-0.592	4.4205032e-09	5.7045098e-10	-5.5578508e-10
312.838	0.582	-0.489	4.3720294e-09	5.5317966e-10	-5.3676242e-10
314.014	0.636	-0.593	3.7708618e-09	4.9247946e-10	-4.7517312e-10
315.239	0.727	-0.589	3.5015138e-09	4.6562388e-10	-4.4678312e-10
316.467	0.491	-0.500	4.7896038e-09	6.3822454e-10	-5.8778554e-10
317.541	0.500	-0.583	4.3806314e-09	5.8905204e-10	-5.3751824e-10
318.641	0.679	-0.600	3.6750124e-09	4.94377e-10	-4.5675158e-10
319.823	0.604	-0.503	4.206888e-09	5.7366228e-10	-5.2941026e-10
321.015	0.600	-0.588	3.9554614e-09	5.1729844e-10	-4.9183108e-10
322.192	0.485	-0.577	2.91572474e-09	4.597582e-10	-4.5210582e-10
323.095	0.558	-0.417	3.2490978e-09	5.1593912e-10	-4.9852024e-10
324.333	0.586	-0.681	3.7293138e-09	4.8819342e-10	-4.5789636e-10
325.444	0.471	-0.525	3.03350108e-09	5.0180124e-10	-4.8026428e-10
326.418	0.474	-0.502	3.09968004e-09	5.2447108e-10	-5.0674892e-10
327.576	0.618	-0.684	3.540641e-09	4.7739128e-10	-4.4563698e-10
328.739	0.451	-0.545	4.7184894e-09	6.2776138e-10	-5.7906148e-10
329.716	0.496	-0.525	4.6034062e-09	5.9411124e-10	-5.654489e-10
330.784	0.573	-0.572	2.77769528e-09	4.279699e-10	-4.188596e-10
331.805	0.564	-0.447	4.652033e-09	5.945682e-10	-5.716012e-10
332.840	0.418	-0.472	5.2340722e-09	6.6718268e-10	-6.493626e-10
333.805	0.638	-0.547	3.7394696e-09	5.0650276e-10	-4.948462e-10
335.031	0.618	-0.588	3.8560556e-09	4.9838118e-10	-4.8549756e-10
336.160	0.460	-0.511	3.3081847e-09	5.1012206e-10	-4.9501042e-10
337.270	0.594	-0.650	3.35115968e-09	4.677448e-10	-4.4457686e-10
338.441	0.531	-0.577	4.3167182e-09	5.7993936e-10	-5.2967852e-10
339.613	0.530	-0.641	3.9696224e-09	5.4627596e-10	-5.060033e-10
340.815	0.535	-0.672	3.9877376e-09	5.2919844e-10	-4.9198816e-10
341.888	0.529	-0.539	4.4822778e-09	6.0378866e-10	-5.4994422e-10
342.940	0.501	-0.524	4.6689514e-09	5.89815e-10	-5.7335662e-10
343.973	0.518	-0.532	4.4271366e-09	5.7571962e-10	-5.6236918e-10
345.186	0.659	-0.694	3.494384e-09	4.4584642e-10	-4.3333782e-10
346.396	0.519	-0.551	4.3743312e-09	5.639325e-10	-5.466112e-10
347.551	0.567	-0.637	3.7876986e-09	5.0724634e-10	-4.826963e-10
348.648	0.489	-0.529	4.6157584e-09	6.082906e-10	-5.665301e-10
349.792	0.447	-0.656	4.2175266e-09	5.4379498e-10	-5.2475464e-10
350.854	0.446	-0.614	2.93279614e-09	4.6744186e-10	-4.4691912e-10
351.905	0.486	-0.605	4.2887022e-09	5.8514476e-10	-5.3552856e-10
352.935	0.502	-0.545	4.4040268e-09	6.0896244e-10	-5.5411534e-10
354.066	0.566	-0.630	3.9288292e-09	5.180512e-10	-4.8217304e-10
355.161	0.565	-0.529	4.2518938e-09	5.671999e-10	-5.2844126e-10
356.160	0.564	-0.434	4.5233498e-09	6.1683548e-10	-5.919332e-10
357.290	0.597	-0.565	4.0918796e-09	5.288258e-10	-5.1516188e-10
358.471	0.520	-0.585	4.3447682e-09	5.6520002e-10	-5.40447e-10
359.509	0.491	-0.518	4.758555e-09	6.2521648e-10	-5.9166188e-10
360.544	0.493	-0.544	4.5384118e-09	6.1995158e-10	-5.7865518e-10
361.608	0.555	-0.571	4.2624032e-09	5.751729e-10	-5.296928e-10
362.596	0.439	-0.433	5.453073e-09	7.465244e-10	-6.862339e-10
363.541	0.508	-0.506	4.687886e-09	6.3415678e-10	-5.9012576e-10
364.477	0.568	-0.428	4.8646486e-09	6.5296116e-10	-5.9689108e-10
365.554	0.434	-0.509	5.1400078e-09	6.5503142e-10	-6.310808e-10
366.376	0.452	-0.388	5.5812496e-09	7.3986176e-10	-7.2240208e-10
367.185	0.308	-0.357	7.210295e-09	9.175716e-10	-8.9401742e-10
368.010	0.514	-0.516	4.566268e-09	6.0390256e-10	-5.8258966e-10
369.029	0.448	-0.506	4.981255e-09	6.6287216e-10	-6.2733162e-10
369.918	0.396	-0.441	5.7362284e-09	7.5783246e-10	-7.1325642e-10
370.895	0.583	-0.582	4.0763416e-09	5.3447286e-10	-5.1344964e-10
371.890	0.400	-0.411	5.912362e-09	7.908196e-10	-7.3492326e-10
372.713	0.385	-0.423	5.9130658e-09	8.1104688e-10	-7.4779158e-10
373.563	0.493	-0.466	4.9535824e-09	6.6520388e-10	-6.2357564e-10
374.524	0.501	-0.467	4.8600552e-09	6.3462938e-10	-6.1882584e-10
375.437	0.404	-0.412	5.9305384e-09	7.4570976e-10	-7.2609822e-10
376.312	0.436	-0.471	5.3374866e-09	6.7468478e-10	-6.5454216e-10
377.257	0.420	-0.508	5.114858e-09	6.7630488e-10	-6.4427654e-10
378.100	0.405	-0.422	5.6538396e-09	7.1572822e-10	-6.9388084e-10
378.904	0.433	-0.400	5.5980082e-09	7.069552e-10	-6.8748102e-10
379.823	0.557	-0.486	4.4278812e-09	5.7580564e-10	-5.5082788e-10
380.962	0.493	-0.582	4.295951e-09	5.4854818e-10	-5.3402338e-10
382.098	0.481	-0.643	4.2072382e-09	5.344018e-10	-5.1316744e-10
382.948	0.440	-0.369	5.7578898e-09	7.3556994e-10	-7.0669068e-10
384.011	0.478	-0.623	4.1512708e-09	5.3592398e-10	-5.221635e-10
384.920	0.518	-0.430	4.9152814e-09	6.2367322e-10	-6.0386788e-10
386.119	0.530	-0.682	3.8102474e-09	5.0115014e-10	-4.7383352e-10
387.151	0.539	-0.502	4.3925416e-09	5.749706e-10	-5.5346764e-10
388.343	0.628	-0.653	3.5516672e-09	4.6541954e-10	-4.4744816e-10
389.480	0.720	-0.509	3.35732796e-09	4.4598922e-10	-4.3512996e-10
390.773	0.562	-0.573	4.0604534e-09	5.1384778e-10	-4.990809e-10
391.884	0.372	-0.548	3.7294668e-09	4.6501358e-10	-4.6224836e-10
392.499	0.296	-0.244	4.589099e-09	5.6064844e-10	-5.6064844e-10
393.143	0.349	-0.348	3.5472642e-09	4.3336808e-10	-4.3336808e-10
393.741	0.267	-0.249	3.31499184e-09	4.930306e-10	-4.930306e-10
394.276	0.248	-0.268	3.17181818e-09	4.8252392e-10	-4.8252392e-10
394.808	0.332	-0.284	4.0187864e-09	4.9097326e-10	-4.909736e-10
395.454	0.345	-0.315	3.7479832e-09	4.5788956e-10	-4.5788956e-10
396.126	0.369	-0.326	3.520224e-09	4.359599e-10	-4.359599e-10
396.719	0.317	-0.224	4.5740132e-09	5.588053e-10	-5.588053e-10
397.347	0.255	-0.311	4.3726448e-09	5.342046e-10	-5.342046e-10
397.857	0.246	-0.255	3.38536028e-09	4.9914448e-10	-4.9914448e-10
398.405	0.359	-0.301	3.7099984e-09	4.594624e-10	-4.594624e-10
399.071	0.324	-0.307	2.5513736e-09	3.9616936e-10	-3.9616936e-10
399.724	0.357	-0.329	2.41952534e-09	3.6068186e-10	-3.6068186e-10
400.334	0.287	-0.252	2.98927592e-09	4.6416562e-10	-4.6416562e-10
400.977	0.315	-0.356	3.7434578e-09	4.5396154e-10	-4.5396154e-10
401.611	0.364	-0.319	3.6210986e-09	4.4238828e-10	-4.4238828e-10
402.335	0.332	-0.360	2.40081412e-09	3.578925e-10	-3.578925e-10
402.964	0.239	-0.297	3.00907888e-09	4.6724058e-10	-4.6724058e-10
403.480	0.268	-0.278	3.17727178e-09	4.6345298e-10	-4.6345332e-10
404.117	0.336	-0.368	2.32278684e-09	3.5336234e-10	-3.5336234e-10
404.834	0.309	-0.381	2.40700178e-09	3.5881492e-10	-3.5881492e-10
405.505	0.256	-0.361	2.56956598e-09	4.0732986e-10	-4.0732986e-10
406.072	0.256	-0.311	2.92763868e-09	4.3642706e-10	-4.3642706e-10
406.600	0.271	-0.272	3.06201654e-09	4.5645884e-10	-4.5645884e-10
407.127	0.251	-0.256	3.25082976e-09	4.9881536e-10	-4.988157e-10
407.667	0.222	-0.289	3.30062378e-09	5.0061056e-10	-5.0061056e-10
408.197	0.292	-0.308	2.14406516e-09	4.4373536e-10	-4.4373536e-10
408.777	0.245	-0.289	3.0661166e-09	4.6644396e-10	-4.6644396e-10
409.454	0.397	-0.432	2.00411096e-09	2.98755484e-10	-2.98755518e-10
410.210	0.336	-0.360	2.38853366e-09	3.5606194e-10	-3.5606194e-10
410.762	0.318	-0.216	3.32058688e-09	4.7928576e-10	-4.7928576e-10
411.412	0.280	-0.332	2.67390926e-09	4.0677804e-10	-4.0677804e-10
411.967	0.314	-0.275	2.82149646e-09	4.2060414e-10	-4.2060414e-10
412.583	0.309	-0.301	2.7227897e-09	4.0588996e-10	-4.0588996e-10
413.223	0.264	-0.332	2.72425714e-09	4.0610858e-10	-4.0610858e-10
413.897	0.372	-0.409	2.07541202e-09	3.09384428e-10	-3.09384462e-10
414.673	0.540	-0.405	1.68997578e-09	2.57093516e-10	-2.5709355e-10
415.655	0.301	-0.441	2.15194024e-09	3.27371516e-10	-3.2737155e-10
416.263	0.395	-0.308	2.20218306e-09	3.4909194e-10	-3.4909194e-10
417.092	0.264	-0.434	2.3242468e-09	3.464787e-10	-3.464787e-10
417.685	0.277	-0.330	2.63160034e-09	4.003415e-10	-4.003415e-10
418.340	0.335	-0.378	2.23778276e-09	3.4043044e-10	-3.4043078e-10
419.065	0.341	-0.390	2.21680238e-09	3.30461674e-10	-3.30461708e-10
419.788	0.369	-0.382	2.15902074e-09	3.21848114e-10	-3.21848114e-10
420.501	0.416	-0.343	2.10154102e-09	3.19704346e-10	-3.1970438e-10
421.236	0.262	-0.318	2.79480646e-09	4.1662546e-10	-4.1662546e-10
422.034	0.539	-0.537	1.50598444e-09	2.24499076e-10	-2.24499076e-10
423.104	0.407	-0.530	1.70279956e-09	2.59044436e-10	-2.59044436e-10
423.909	0.341	-0.398	2.19575876e-09	3.27324698e-10	-3.27324732e-10
424.553	0.408	-0.303	2.27817782e-09	3.39610972e-10	-3.39611006e-10
425.383	0.361	-0.422	2.07110728e-09	3.08742712e-10	-3.08742746e-10
426.226	0.381	-0.482	1.85056186e-09	2.81523264e-10	-2.81523298e-10
426.966	0.340	-0.359	2.28376266e-09	3.474256e-10	-3.474256e-10
427.705	0.477	-0.399	1.82422512e-09	2.77516704e-10	-2.77516738e-10
428.606	0.404	-0.425	1.83747968e-09	2.97423534e-10	-2.97423568e-10
429.610	0.479	-0.600	1.48108522e-09	2.25315348e-10	-2.25315348e-10
430.478	0.336	-0.390	2.23350488e-09	3.32951528e-10	-3.32951562e-10
431.295	0.503	-0.481	1.6230002e-09	2.46904634e-10	-2.46904634e-10
432.261	0.418	-0.463	1.84094768e-09	2.74432496e-10	-2.7443253e-10
433.177	0.431	-0.498	1.6930436e-09	2.6289055e-10	-2.62890584e-10
434.054	0.368	-0.447	1.95957368e-09	2.98107104e-10	-2.98107138e-10
434.943	0.384	-0.520	1.76644144e-09	2.6872614e-10	-2.68726174e-10
435.740	0.492	-0.414	1.78995312e-09	2.66830674e-10	-2.66830708e-10
436.873	0.470	-0.642	1.45774932e-09	2.17308654e-10	-2.17308654e-10
437.726	0.459	-0.382	1.9261918e-09	2.87139962e-10	-2.87139962e-10
438.498	0.339	-0.312	2.48929436e-09	3.7108246e-10	-3.7108246e-10
439.370	0.441	-0.534	1.66255852e-09	2.47839804e-10	-2.47839838e-10
440.363	0.486	-0.551	1.46842566e-09	2.37686622e-10	-2.37686656e-10
441.416	0.447	-0.567	1.5742714e-09	2.3949158e-10	-2.39491614e-10
442.400	0.518	-0.537	1.49002654e-09	2.31366702e-10	-2.31366736e-10
443.259	0.393	-0.342	2.20605328e-09	3.28859254e-10	-3.28859288e-10
444.160	0.356	-0.507	1.85023444e-09	2.81473454e-10	-2.81473488e-10
445.033	0.605	-0.517	1.44369848e-09	2.15214016e-10	-2.1521405e-10
446.088	0.591	-0.450	1.55704292e-09	2.32110418e-10	-2.32110452e-10
447.152	0.466	-0.474	1.67307064e-09	2.5978924e-10	-2.59789274e-10
448.127	0.385	-0.509	1.81448174e-09	2.70487204e-10	-2.70487238e-10
449.297	0.586	-0.786	1.1457609e-09	1.77910202e-10	-1.77910236e-10
450.350	0.406	-0.467	1.85513214e-09	2.7654699e-10	-2.76547024e-10
451.343	0.476	-0.586	1.52578094e-09	2.27450208e-10	-2.27450208e-10
452.327	0.472	-0.508	1.65314732e-09	2.46436828e-10	-2.46436862e-10
453.329	0.520	-0.530	1.54384718e-09	2.30143348e-10	-2.30143382e-10
454.504	0.717	-0.655	1.18141398e-09	1.76114934e-10	-1.76114968e-10
455.729	0.616	-0.508	1.4608304e-09	2.17767926e-10	-2.1776796e-10
457.088	0.623	-0.743	1.21624086e-09	1.81306632e-10	-1.81306632e-10
458.443	0.628	-0.731	1.22262606e-09	1.82258462e-10	-1.82258462e-10
459.662	0.522	-0.591	1.469616e-09	2.23570536e-10	-2.2357057e-10
460.644	0.540	-0.460	1.63700242e-09	2.49034768e-10	-2.49034802e-10
461.615	0.479	-0.431	1.79683268e-09	2.73349528e-10	-2.73349562e-10
462.599	0.434	-0.504	1.7724353e-09	2.6421927e-10	-2.64219304e-10
463.618	0.558	-0.586	1.45267958e-09	2.16552834e-10	-2.16552868e-10
464.580	0.514	-0.404	1.75558898e-09	2.72602446e-10	-2.7260248e-10
465.586	0.519	-0.492	1.6197005e-09	2.46402658e-10	-2.46402658e-10
466.774	0.598	-0.669	1.29194526e-09	1.96541726e-10	-1.9654176e-10
468.238	0.634	-0.866	1.10785464e-09	1.65149356e-10	-1.6514939e-10
469.236	0.349	-0.364	2.2587594e-09	3.5073312e-10	-3.5073312e-10
470.055	0.384	-0.470	1.9456721e-09	2.90043902e-10	-2.90043936e-10
470.979	0.574	-0.540	1.31179718e-09	2.31332702e-10	-2.31332702e-10
472.184	0.447	-0.631	1.54112514e-09	2.29737558e-10	-2.29737558e-10
473.178	0.560	-0.547	1.50150324e-09	2.23831078e-10	-2.23831078e-10
474.601	0.643	-0.864	1.10262612e-09	1.64369906e-10	-1.6436994e-10
475.885	0.452	-0.641	1.45219134e-09	2.30202576e-10	-2.30202576e-10
476.854	0.486	-0.518	1.6307896e-09	2.48089636e-10	-2.4808967e-10
477.900	0.524	-0.559	1.51006308e-09	2.29723686e-10	-2.2972372e-10
479.054	0.595	-0.631	1.3551567e-09	2.02014978e-10	-2.02014978e-10
480.305	0.725	-0.656	1.203243e-09	1.79369006e-10	-1.7936904e-10
481.504	0.597	-0.474	1.50419502e-09	2.3356674e-10	-2.3356674e-10
482.899	0.637	-0.797	1.14095976e-09	1.7357255e-10	-1.7357255e-10
484.243	0.571	-0.708	1.29861334e-09	1.93586004e-10	-1.93586038e-10
485.393	0.510	-0.579	1.47962118e-09	2.29751022e-10	-2.29751022e-10
486.537	0.531	-0.634	1.42552718e-09	2.12505236e-10	-2.12505236e-10
487.651	0.629	-0.583	1.37107788e-09	2.04388382e-10	-2.04388416e-10
489.037	0.549	-0.757	1.02252042e-09	2.01858952e-10	-2.01858986e-10
490.140	0.636	-0.554	1.39563506e-09	2.08049162e-10	-2.08049162e-10
491.405	0.625	-0.629	1.32436766e-09	1.97425216e-10	-1.9742525e-10
492.684	0.583	-0.653	1.32315284e-09	2.01289316e-10	-2.01289316e-10
493.836	0.529	-0.569	1.51326282e-09	2.25584118e-10	-2.25584118e-10
495.199	0.509	-0.834	1.23669526e-09	1.84355786e-10	-1.84355786e-10
496.336	0.658	-0.628	1.2913965e-09	1.9251021e-10	-1.9251021e-10
497.680	0.647	-0.686	1.22775904e-09	1.86777164e-10	-1.86777164e-10
498.955	0.551	-0.628	1.4088036e-09	2.1001222e-10	-2.1001222e-10
500.165	0.858	-0.658	1.07977574e-09	1.6426471e-10	-1.6426471e-10
501.772	0.812	-0.750	1.06387802e-09	1.58593714e-10	-1.58593714e-10
503.334	0.608	-0.750	1.22420094e-09	1.82493232e-10	-1.82493232e-10
504.717	0.554	-0.775	1.2315514e-09	1.8735411e-10	-1.87354144e-10
505.969	0.653	-0.698	1.21208028e-09	1.84391996e-10	-1.8439203e-10
507.185	0.625	-0.564	1.3771989e-09	2.09511264e-10	-2.09511264e-10
508.645	0.711	-0.835	1.0350637e-09	1.60721502e-10	-1.60721536e-10
510.293	0.779	-0.938	9.2996494e-10	1.41474238e-10	-1.41474238e-10
511.899	0.522	-0.827	1.1839429e-09	1.80111532e-10	-1.80111532e-10
513.040	0.678	-0.619	1.24988318e-09	1.86321768e-10	-1.86321768e-10
514.823	0.781	-1.105	8.2067772e-10	1.30094506e-10	-1.3009454e-10
516.419	0.932	-0.815	9.2787734e-10	1.38319888e-10	-1.38319888e-10
518.169	0.712	-0.818	1.0594944e-09	1.57940234e-10	-1.57940234e-10
519.384	0.559	-0.503	1.53552636e-09	2.28902926e-10	-2.2890296e-10
520.764	1.049	-0.821	8.6165656e-10	1.33795372e-10	-1.33795372e-10
522.589	0.605	-0.776	1.18518492e-09	1.8030047e-10	-1.8030047e-10
523.945	0.871	-0.752	1.02388246e-09	1.52631508e-10	-1.52631542e-10
525.611	0.745	-0.794	9.8948126e-10	1.68313838e-10	-1.68313872e-10
527.076	0.576	-0.721	1.28090648e-09	1.90946414e-10	-1.90946414e-10
528.378	0.751	-0.726	1.12504742e-09	1.6771231e-10	-1.6771231e-10
529.909	0.625	-0.780	1.18202224e-09	1.76205646e-10	-1.76205646e-10
531.080	0.997	-0.546	1.07702242e-09	1.60553134e-10	-1.60553168e-10
532.914	1.036	-0.838	8.6001708e-10	1.33540814e-10	-1.33540814e-10
534.760	0.534	-0.810	1.23679216e-09	1.8437027e-10	-1.8437027e-10
536.202	0.881	-0.908	9.0020814e-10	1.39781548e-10	-1.39781548e-10
537.849	0.693	-0.766	1.03566958e-09	1.74897632e-10	-1.74897632e-10
539.590	0.907	-1.048	8.4966136e-10	1.26660166e-10	-1.26660166e-10
541.587	0.865	-1.090	8.331853e-10	1.24204006e-10	-1.2420404e-10
543.461	0.866	-1.009	8.6447108e-10	1.28867854e-10	-1.28867854e-10
544.738	0.117	-0.410	2.52086982e-09	4.8627004e-10	-4.8627004e-10
545.137	0.658	-0.283	1.51449294e-09	2.6707765e-10	-2.6707765e-10
547.105	0.972	-1.309	6.6782392e-10	1.08097288e-10	-1.08097288e-10
549.004	1.037	-0.928	7.1323194e-10	1.28577562e-10	-1.28577562e-10
550.902	0.706	-0.861	1.03422526e-09	1.5417334e-10	-1.5417334e-10
552.523	0.723	-0.915	9.9758176e-10	1.51760666e-10	-1.51760666e-10
553.883	0.680	-0.636	1.22386706e-09	1.90038308e-10	-1.90038308e-10
555.527	0.771	-0.964	9.5778782e-10	1.42778716e-10	-1.42778716e-10
557.078	0.851	-0.780	9.569028e-10	1.5488904e-10	-1.5488904e-10
558.612	0.675	-0.683	1.09465142e-09	1.88881934e-10	-1.88881934e-10
560.137	0.891	-0.850	9.2509444e-10	1.43645818e-10	-1.43645818e-10
561.720	0.764	-0.692	1.12254196e-09	1.70770678e-10	-1.70770678e-10
563.459	1.075	-0.975	7.905544e-10	1.17848998e-10	-1.17848998e-10
565.517	0.974	-0.983	8.0294842e-10	1.2467936e-10	-1.2467936e-10
567.317	0.791	-0.826	9.7165472e-10	1.5087551e-10	-1.50875544e-10
568.973	0.929	-0.866	8.8898508e-10	1.35240032e-10	-1.35240032e-10
570.775	0.652	-0.872	1.0626819e-09	1.58415418e-10	-1.58415418e-10
572.694	1.025	-1.267	7.0272594e-10	1.0690467e-10	-1.06904704e-10
575.048	1.087	-1.329	6.6696678e-10	1.03564544e-10	-1.03564578e-10
577.170	0.748	-1.035	9.3206478e-10	1.38944162e-10	-1.38944162e-10
579.319	26.476	-1.401	8.5815456e-10	1.33251576e-10	-1.33251576e-10
606.976	1.021	-1.182	7.3162288e-10	1.13604166e-10	-1.13604166e-10
609.078	1.010	-1.081	7.8284048e-10	1.19092378e-10	-1.19092378e-10
611.326	1.092	-1.238	6.7864306e-10	1.05377594e-10	-1.05377628e-10
613.575	0.989	-1.157	7.5548102e-10	1.12620546e-10	-1.1262058e-10
615.659	1.008	-1.095	7.5918668e-10	1.15493988e-10	-1.15493988e-10
617.703	1.279	-1.036	7.003167e-10	1.04397136e-10	-1.04397136e-10
620.111	1.055	-1.130	7.4194766e-10	1.10603156e-10	-1.10603156e-10
622.242	1.090	-1.075	7.4863954e-10	1.11600716e-10	-1.11600716e-10
624.192	0.766	-0.860	9.8177992e-10	1.49356764e-10	-1.49356764e-10
625.814	0.722	-0.856	8.8768356e-10	1.60026712e-10	-1.60026746e-10
627.661	1.004	-1.125	7.4967008e-10	1.14046234e-10	-1.14046234e-10
629.939	1.239	-1.273	6.3551474e-10	9.6679918e-11	-9.6679952e-11
632.482	1.201	-1.304	6.2745198e-10	9.7428802e-11	-9.7428836e-11
634.659	1.247	-0.977	7.2870942e-10	1.0862966e-10	-1.08629694e-10
637.031	0.936	-1.124	7.7472468e-10	1.17857702e-10	-1.17857702e-10
639.644	1.114	-1.677	5.5426018e-10	8.7861814e-11	-8.7861814e-11
642.119	1.094	-1.361	6.6009776e-10	9.8401678e-11	-9.8401678e-11
644.352	1.012	-1.139	7.5349508e-10	1.12324474e-10	-1.12324508e-10
646.704	1.254	-1.340	6.1538334e-10	9.3617402e-11	-9.3617402e-11
648.843	1.316	-0.884	7.3645292e-10	1.09783994e-10	-1.09783994e-10
651.244	1.221	-1.085	7.0291328e-10	1.04784192e-10	-1.04784192e-10
653.902	1.150	-1.437	6.2641362e-10	9.338032e-11	-9.338032e-11
656.193	1.154	-1.141	6.633876e-10	1.07379208e-10	-1.07379208e-10
658.392	1.117	-1.045	7.2695264e-10	1.1287898e-10	-1.1287898e-10
660.595	1.204	-1.087	6.7507986e-10	1.07014252e-10	-1.07014252e-10
662.544	0.928	-0.744	9.5425488e-10	1.45169392e-10	-1.45169392e-10
664.315	0.942	-0.843	8.9446962e-10	1.36074324e-10	-1.36074358e-10
666.368	1.086	-1.112	7.2646746e-10	1.10516456e-10	-1.10516456e-10
668.424	1.254	-0.970	6.95759e-10	1.10292294e-10	-1.10292328e-10
671.311	1.244	-1.633	5.2934838e-10	8.5682924e-11	-8.5682958e-11
673.918	1.336	-1.363	5.9635218e-10	9.07222e-11	-9.07222e-11
676.568	1.331	-1.314	5.994846e-10	9.5030782e-11	-9.5030782e-11
679.050	1.016	-1.151	7.6658576e-10	1.14275972e-10	-1.14275972e-10
681.516	1.756	-1.450	5.1814572e-10	7.724069e-11	-7.724069e-11
684.838	1.633	-1.566	5.1453254e-10	7.6702062e-11	-7.6702062e-11
688.114	1.313	-1.643	5.4815718e-10	8.1714512e-11	-8.1714512e-11
690.745	1.312	-1.317	6.1639144e-10	9.1886292e-11	-9.1886292e-11
693.081	1.151	-1.023	7.0052308e-10	1.13390136e-10	-1.13390136e-10
695.226	1.357	-0.995	6.5078244e-10	1.05338902e-10	-1.05338902e-10
698.145	1.602	-1.562	5.0934958e-10	7.9090222e-11	-7.9090222e-11
701.258	1.013	-1.512	6.1835154e-10	1.00089438e-10	-1.00089438e-10
703.177	0.944	-0.906	8.843621e-10	1.34536742e-10	-1.34536742e-10
705.206	0.876	-1.085	8.4737214e-10	1.26318874e-10	-1.26318874e-10
707.109	0.850	-1.027	8.8519034e-10	1.31956516e-10	-1.31956516e-10
708.781	1.132	-0.821	6.8370328e-10	1.34972044e-10	-1.34972044e-10
711.002	0.896	-1.089	7.989456e-10	1.2664949e-10	-1.26649524e-10
713.082	1.422	-1.184	5.9899194e-10	9.6955794e-11	-9.6955794e-11
716.038	1.452	-1.533	5.5655144e-10	8.2965882e-11	-8.2965882e-11
718.943	1.413	-1.453	5.5344724e-10	8.773292e-11	-8.773292e-11
722.099	1.456	-1.742	5.193976e-10	7.7427282e-11	-7.7427316e-11
724.931	1.195	-1.376	6.4628254e-10	9.6342196e-11	-9.6342196e-11
727.506	1.452	-1.380	5.7771576e-10	8.7887042e-11	-8.7887042e-11
730.247	1.257	-1.289	6.5249536e-10	9.7268356e-11	-9.7268356e-11
733.063	1.211	-1.559	5.2730022e-10	9.2988266e-11	-9.2988266e-11
735.671	1.045	-1.397	5.6718222e-10	1.06937548e-10	-1.06937548e-10
738.314	1.398	-1.597	5.4640924e-10	8.3124424e-11	-8.3124424e-11
741.284	1.078	-1.573	6.1717616e-10	9.3890116e-11	-9.3890116e-11
743.454	1.258	-1.092	7.0679404e-10	1.05362736e-10	-1.05362736e-10
745.663	0.901	-0.951	8.8336386e-10	1.34384864e-10	-1.34384864e-10
747.875	1.189	-1.311	6.5451054e-10	9.9569714e-11	-9.9569714e-11
750.466	1.290	-1.402	6.1711666e-10	9.1994378e-11	-9.1994378e-11
752.888	1.222	-1.132	7.0573664e-10	1.05205078e-10	-1.05205078e-10
755.378	1.292	-1.268	5.803205e-10	1.0013425e-10	-1.0013425e-10
758.110	1.541	-1.441	5.4028244e-10	8.3893368e-11	-8.3893368e-11
761.107	1.212	-1.455	6.134943e-10	9.333e-11	-9.333e-11
763.948	1.297	-1.630	5.5048788e-10	8.547804e-11	-8.547804e-11
766.804	1.421	-1.559	5.1538764e-10	8.5200872e-11	-8.5200906e-11
769.437	1.464	-1.211	5.5316708e-10	9.5448914e-11	-9.5448948e-11
772.642	1.577	-1.741	4.148187e-10	7.6466272e-11	-7.6466272e-11
775.602	1.884	-1.383	4.6630252e-10	7.5478028e-11	-7.5478062e-11
778.574	1.381	-1.088	6.366177e-10	9.8852042e-11	-9.8852042e-11
781.289	1.226	-1.334	6.234699e-10	9.484759e-11	-9.484759e-11
783.466	0.853	-0.951	8.9817324e-10	1.33891864e-10	-1.33891864e-10
785.920	1.509	-1.600	5.2102586e-10	7.7670008e-11	-7.7670008e-11
788.684	1.451	-1.255	5.9878624e-10	8.9261866e-11	-8.9261866e-11
791.403	1.266	-1.268	6.299129e-10	9.5827708e-11	-9.5827708e-11
794.190	1.474	-1.522	5.3261272e-10	8.1025604e-11	-8.1025604e-11
796.817	1.235	-1.153	6.6841382e-10	1.01684786e-10	-1.0168482e-10
800.181	2.011	-2.129	3.7955322e-10	5.8935838e-11	-5.8935838e-11
803.778	1.806	-1.585	4.5804052e-10	7.4140706e-11	-7.4140706e-11
806.897	1.454	-1.314	5.5479704e-10	9.1715884e-11	-9.1715884e-11
810.039	1.423	-1.687	5.099762e-10	8.0841868e-11	-8.0841868e-11
813.460	2.017	-1.999	3.9599188e-10	6.1488388e-11	-6.1488422e-11
816.711	1.064	-1.234	6.8377638e-10	1.0617469e-10	-1.0617469e-10
819.429	1.585	-1.653	4.5519744e-10	7.6871042e-11	-7.6871042e-11
822.181	1.301	-1.167	6.468619e-10	9.8406132e-11	-9.8406132e-11
824.809	1.629	-1.328	5.5064632e-10	8.3768996e-11	-8.3768996e-11
827.911	1.107	-1.473	6.4398108e-10	9.5999136e-11	-9.5999136e-11
830.669	1.550	-1.651	5.190457e-10	7.7374854e-11	-7.7374854e-11
833.548	1.426	-1.330	6.008378e-10	8.9567662e-11	-8.9567696e-11
836.501	1.728	-1.526	4.9793918e-10	7.422846e-11	-7.4228494e-11
839.703	1.612	-1.475	5.0907656e-10	7.9047858e-11	-7.9047858e-11
842.811	1.586	-1.495	5.25827e-10	7.8385708e-11	-7.8385708e-11
845.785	1.614	-1.389	5.3185248e-10	8.2584402e-11	-8.2584402e-11
849.234	1.376	-1.834	5.021018e-10	7.7964822e-11	-7.7964822e-11
852.307	1.567	-1.698	5.0897626e-10	7.5873754e-11	-7.5873754e-11
855.162	1.312	-1.288	5.9101758e-10	9.770359e-11	-9.7703624e-11
858.350	1.577	-1.877	4.811e-10	7.1718206e-11	-7.1718206e-11
861.321	1.598	-1.394	5.384274e-10	8.360532e-11	-8.360532e-11
864.183	1.301	-1.264	5.9872606e-10	9.897791e-11	-9.897791e-11
866.665	1.331	-1.181	6.6138194e-10	9.8593064e-11	-9.8593098e-11
869.937	1.577	-1.940	4.3675482e-10	7.2201788e-11	-7.2201788e-11
872.712	1.417	-1.199	6.353291e-10	9.4709346e-11	-9.470938e-11
875.681	1.819	-1.552	4.8539658e-10	7.3842662e-11	-7.3842662e-11
879.076	1.462	-1.575	5.3874836e-10	8.1959006e-11	-8.195904e-11
882.624	2.210	-2.086	3.749656e-10	5.8223504e-11	-5.8223504e-11
886.331	1.521	-1.496	5.2562878e-10	8.3323086e-11	-8.3323086e-11
889.235	1.200	-1.383	6.4319296e-10	9.5881632e-11	-9.5881632e-11
892.288	1.691	-1.853	2.4245961e-10	8.0537126e-11	-8.0537126e-11
895.283	1.267	-1.304	6.26807e-10	9.7328672e-11	-9.7328672e-11
898.850	1.634	-2.300	4.0362318e-10	6.267339e-11	-6.267339e-11
902.120	1.664	-1.636	4.5405572e-10	7.5061868e-11	-7.5061868e-11
905.155	1.994	-1.372	2.80847378e-10	6.2600698e-11	-6.2600732e-11
908.862	2.058	-1.712	4.3426398e-10	6.4736306e-11	-6.4736306e-11
912.936	1.828	-2.016	4.2569292e-10	6.4760072e-11	-6.4760072e-11
916.642	1.713	-1.878	4.4887242e-10	6.9699558e-11	-6.9699558e-11
920.221	1.450	-1.866	4.7880568e-10	7.4347494e-11	-7.4347494e-11
923.584	1.953	-1.913	4.0030274e-10	6.3456308e-11	-6.3456308e-11
927.253	1.586	-1.716	4.8348816e-10	7.355237e-11	-7.355237e-11
930.538	1.788	-1.699	4.6314052e-10	7.0456874e-11	-7.0456874e-11
934.007	1.689	-1.681	4.9299456e-10	7.3491374e-11	-7.3491374e-11
937.724	2.263	-2.028	3.7543616e-10	5.829657e-11	-5.829657e-11
942.542	1.875	-2.555	3.5808222e-10	5.676351e-11	-5.676351e-11
946.680	1.916	-2.263	3.6159374e-10	6.1063762e-11	-6.1063762e-11
950.501	2.164	-1.905	3.6522392e-10	6.301934e-11	-6.301934e-11
954.751	1.901	-2.086	3.9780102e-10	6.3059732e-11	-6.3059732e-11
958.275	1.397	-1.623	5.4192192e-10	8.2441772e-11	-8.2441772e-11
960.963	1.347	-1.291	5.9162992e-10	9.5764162e-11	-9.5764162e-11
963.856	1.638	-1.546	5.1378828e-10	7.8161886e-11	-7.8161886e-11
966.774	1.426	-1.280	6.0466926e-10	9.1987442e-11	-9.1987442e-11
970.507	2.031	-2.307	3.7723068e-10	5.7387546e-11	-5.7387546e-11
974.177	2.051	-1.639	4.0950382e-10	6.9154572e-11	-6.9154572e-11
978.165	2.707	-1.937	3.4160956e-10	5.4152242e-11	-5.4152242e-11
982.784	2.021	-1.913	3.5864458e-10	6.6111334e-11	-6.6111334e-11
986.411	1.355	-1.606	5.6126826e-10	8.3669002e-11	-8.3669002e-11
990.061	1.437	-2.296	4.3172214e-10	6.7036474e-11	-6.7036508e-11
993.309	2.420	-1.811	3.9275202e-10	5.8548068e-11	-5.8548068e-11
997.420	1.743	-1.691	4.766749e-10	7.2515846e-11	-7.2515846e-11
1001.627	1.857	-2.465	3.8149224e-10	5.853712e-11	-5.853712e-11
1005.529	1.604	-2.045	4.4855044e-10	6.823732e-11	-6.823732e-11
1009.111	2.081	-1.978	3.9095954e-10	6.1975234e-11	-6.1975234e-11
1012.837	1.828	-1.646	4.6383956e-10	7.202356e-11	-7.202356e-11
1016.470	1.748	-1.805	4.606116e-10	7.0072198e-11	-7.0072198e-11
1020.366	1.562	-2.147	4.5784638e-10	6.750581e-11	-6.750581e-11
1024.280	1.783	-2.352	3.775785e-10	6.1116734e-11	-6.1116734e-11
1027.787	1.722	-1.725	3.35525396e-10	5.9313102e-11	-5.9313102e-11
1031.012	1.719	-1.503	3.35392354e-10	6.1234034e-11	-6.1234034e-11
1034.608	2.184	-1.877	3.10065346e-10	5.4943422e-11	-5.4943422e-11
1038.939	1.885	-2.147	4.1051566e-10	6.1196124e-11	-6.1196124e-11
1042.922	2.154	-2.098	3.847967e-10	5.8538548e-11	-5.8538548e-11
1046.789	1.855	-1.712	4.6572146e-10	6.9425722e-11	-6.9425722e-11
1050.930	1.930	-2.287	3.8215354e-10	5.9339588e-11	-5.9339588e-11
1054.486	2.108	-1.626	4.4492332e-10	6.6325296e-11	-6.6325296e-11
1058.671	1.957	-2.076	4.1196032e-10	6.141148e-11	-6.141148e-11
1062.348	1.883	-1.720	4.4728564e-10	6.9453126e-11	-6.9453126e-11
1066.304	1.358	-2.073	3.15468694e-10	5.9381408e-11	-5.9381408e-11
1069.663	1.927	-2.001	4.1655168e-10	6.3369404e-11	-6.3369404e-11
1073.668	1.556	-2.077	3.2154021e-10	5.9185228e-11	-5.9185228e-11
1077.126	2.202	-1.902	3.9864898e-10	6.0645902e-11	-6.0645902e-11
10311.600	3.272	-2.425	1.36138278e-10	3.7917038e-11	-3.7917038e-11
10321.921	4.652	-7.049	4.2906062e-11	1.86529474e-11	-1.66076128e-11
10335.925	6.923	-9.352	4.1877086e-11	1.73605564e-11	-1.5892382e-11
10347.370	6.565	-4.521	6.278933e-11	2.00053042e-11	-2.00053008e-11
10357.727	3.537	-3.793	1.19825928e-10	2.94677014e-11	-2.9467698e-11
10377.222	16.043	-15.958	2.71040962e-11	1.0922177e-11	-1.01688458e-11
10400.564	5.751	-7.299	3.856365e-11	1.60062072e-11	-1.4167358e-11
10410.596	4.388	-4.280	9.8854388e-11	2.43103638e-11	-2.43103604e-11
10422.656	6.413	-7.673	3.37960408e-11	1.48167614e-11	-1.31156428e-11
4860.154	48.992	-36.257	5.0082986e-11	1.10688054e-11	-1.10688054e-11
4938.705	38.139	-29.559	6.041222e-11	1.36697306e-11	-1.36697306e-11
5018.149	43.944	-41.305	4.8019152e-11	1.0785089e-11	-1.0785089e-11
5104.661	50.203	-42.568	4.360024e-11	9.8951152e-12	-9.8951152e-12
5199.669	45.458	-44.805	4.504405e-11	1.01318776e-11	-1.01318776e-11
5305.938	49.511	-60.811	3.6807992e-11	8.303939e-12	-8.303939e-12
5383.869	39.278	-28.420	5.9892836e-11	1.34519164e-11	-1.34519164e-11
5463.207	52.710	-40.060	4.360806e-11	9.867378e-12	-9.867378e-12
5579.799	33.904	-63.881	2.9668774e-11	6.7132796e-12	-6.7132796e-12
5637.254	26.596	-23.550	3.4192746e-11	7.6577146e-12	-7.6577146e-12
5688.650	25.346	-24.800	5.5202604e-11	1.24002726e-11	-1.24002726e-11
5748.949	22.716	-34.952	5.9860672e-11	1.35272366e-11	-1.35272366e-11
5809.357	35.019	-37.693	4.756311e-11	1.07645598e-11	-1.07645598e-11
5886.275	35.828	-41.899	4.885307e-11	1.05158532e-11	-1.05158532e-11
5968.531	43.837	-46.427	3.8151162e-11	8.6213494e-12	-8.6213494e-12
6058.191	46.947	-45.824	3.7359914e-11	8.41704e-12	-8.41704e-12
6144.691	40.681	-39.553	4.3178708e-11	9.7574628e-12	-9.7574628e-12
6218.053	45.046	-32.681	4.251887e-11	9.5655056e-12	-9.5655056e-12
6305.069	25.728	-41.970	2.54207766e-11	5.7110684e-12	-5.7110684e-12
6357.231	26.219	-26.435	5.2544076e-11	1.18410814e-11	-1.18410814e-11
6430.525	53.218	-47.075	3.4536656e-11	7.780968e-12	-7.780968e-12
6540.348	48.703	-56.605	3.2798508e-11	7.4230092e-12	-7.4230092e-12
6622.254	29.479	-33.204	5.5716378e-11	1.25148594e-11	-1.25148594e-11
6700.579	48.939	-48.846	3.5465808e-11	8.0145208e-12	-8.0145208e-12
6788.013	31.707	-38.495	5.483265e-11	1.17223228e-11	-1.17223228e-11
10460.574	26.590	-26.064	4.7721278e-11	1.07244364e-11	-1.07244364e-11
10511.728	28.090	-24.563	4.7532272e-11	1.075403e-11	-1.075403e-11
10578.788	21.206	-38.969	4.3430478e-11	9.5684534e-12	-9.5684534e-12
10647.541	45.224	-47.547	2.8128421e-11	6.2270966e-12	-6.2270966e-12
10718.958	26.461	-26.193	4.7776562e-11	1.06831672e-11	-1.06831672e-11
10781.628	41.518	-36.209	3.2191336e-11	7.234384e-12	-7.234384e-12
10856.504	26.817	-33.358	4.398325e-11	9.613194e-12	-9.613194e-12
10924.556	26.462	-41.235	3.848086e-11	8.491585e-12	-8.491585e-12
10974.958	18.685	-23.939	5.9142796e-11	1.32468148e-11	-1.32468148e-11
11018.081	23.202	-24.437	5.2567638e-11	1.18135686e-11	-1.18135686e-11
11080.755	25.718	-39.473	3.8340644e-11	8.6019116e-12	-8.6019116e-12
11145.083	24.072	-38.611	4.1769068e-11	9.173013e-12	-9.173013e-12
11193.340	33.484	-24.184	4.3688232e-11	9.8016696e-12	-9.8016696e-12
11266.171	28.350	-39.347	3.6829004e-11	8.3324514e-12	-8.3324514e-12
11331.106	23.592	-36.584	4.3862244e-11	9.6020216e-12	-9.6020216e-12
11381.768	25.583	-27.070	4.7575044e-11	1.07095172e-11	-1.07095172e-11
11448.931	38.654	-41.580	3.259631e-11	7.2046e-12	-7.2046e-12
11506.761	18.434	-19.176	6.667145e-11	1.50082698e-11	-1.50082698e-11
11568.293	37.136	-43.098	3.1303273e-11	7.0348108e-12	-7.0348108e-12
11629.867	20.694	-24.438	5.550449e-11	1.24735698e-11	-1.24735698e-11
11692.025	36.263	-41.464	3.38016678e-11	7.4114322e-12	-7.4114322e-12
11758.115	20.319	-29.827	5.0088732e-11	1.1256482e-11	-1.1256482e-11
11811.429	32.196	-32.995	4.0360414e-11	8.8920676e-12	-8.8920676e-12
11881.472	29.850	-37.848	3.7090396e-11	8.3633778e-12	-8.3633778e-12
11951.927	32.107	-40.605	3.4278426e-11	7.742327e-12	-7.742327e-12
12011.070	23.111	-27.035	5.2746818e-11	1.15469644e-11	-1.15469644e-11
12067.065	24.784	-32.884	4.5695694e-11	1.00033882e-11	-1.00033882e-11
12122.928	29.097	-31.079	4.1494178e-11	9.3879304e-12	-9.3879304e-12
12169.035	13.077	-17.011	8.7812004e-11	1.91926294e-11	-1.91926294e-11
12215.064	32.238	-32.952	3.8390862e-11	8.6711866e-12	-8.6711866e-12
12276.130	18.811	-28.828	5.2787244e-11	1.18035862e-11	-1.18035862e-11
12341.924	40.774	-46.982	2.83728334e-11	6.3976848e-12	-6.3976848e-12
12418.290	22.076	-35.593	4.3078748e-11	9.7136674e-12	-9.7136674e-12
12495.832	64.869	-55.466	4.028847e-11	6.5407772e-12	-6.5407772e-12
15965.005	15.704	-19.399	3.7998298e-11	8.346269e-12	-8.346269e-12
15997.377	28.463	-16.668	2.81606394e-11	6.340269e-12	-6.340269e-12
16060.116	25.901	-34.275	2.4799634e-11	5.194248e-12	-5.194248e-12
16110.708	25.455	-24.692	2.53090696e-11	5.668973e-12	-5.668973e-12
16156.592	22.195	-20.429	3.0114786e-11	6.7569764e-12	-6.7569764e-12
16197.708	21.196	-18.921	3.35650822e-11	7.3364486e-12	-7.3364486e-12
16235.079	18.928	-16.175	3.8102168e-11	8.369083e-12	-8.369083e-12
16290.981	20.695	-36.974	2.2136159e-11	4.9582744e-12	-4.9582744e-12
16330.977	25.830	-19.302	2.82960512e-11	6.338025e-12	-6.338025e-12
16371.393	12.994	-14.586	5.057942e-11	1.08171986e-11	-1.08171986e-11
16415.128	14.391	-30.740	2.94017448e-11	6.415987e-12	-6.415987e-12
16450.230	19.407	-20.711	3.31686354e-11	7.2854418e-12	-7.2854418e-12
16487.810	21.943	-18.174	3.23134878e-11	7.2378894e-12	-7.2378894e-12
16533.193	24.200	-23.440	2.66636092e-11	5.982623e-12	-5.982623e-12
16571.932	25.578	-14.539	3.14828406e-11	7.0760732e-12	-7.0760732e-12
16618.443	24.199	-20.933	2.8239669e-11	6.3253974e-12	-6.3253974e-12
16674.323	41.031	-31.681	1.81396562e-11	3.997448e-12	-3.997448e-12
16732.151	15.799	-16.797	3.9382336e-11	8.8363756e-12	-8.8363756e-12
16775.525	20.064	-27.576	2.66668494e-11	5.9628894e-12	-5.9628894e-12
16834.939	35.870	-39.350	1.68290242e-11	3.7889974e-12	-3.7889974e-12
16897.844	25.618	-27.035	2.5430742e-11	5.5494426e-12	-5.5494426e-12
16955.393	25.737	-31.931	2.29947032e-11	5.0260398e-12	-5.0260398e-12
16997.676	18.557	-16.546	3.5794928e-11	8.0730008e-12	-8.0730008e-12
17039.420	24.452	-23.187	2.66815272e-11	5.9969302e-12	-5.9969302e-12
17093.453	23.073	-29.581	2.36046156e-11	5.3144958e-12	-5.3144958e-12
17137.081	19.562	-20.555	3.1300774e-11	7.0472616e-12	-7.0472616e-12
17188.578	15.704	-31.935	2.7342783e-11	5.9861794e-12	-5.9861794e-12
17228.976	17.931	-24.693	3.01129602e-11	6.7565684e-12	-6.7565684e-12
17271.222	25.831	-24.315	2.55096696e-11	5.7237096e-12	-5.7237096e-12
17325.537	24.170	-28.484	2.64564098e-11	5.6847014e-12	-5.6847014e-12
17372.924	21.914	-23.217	2.96573602e-11	6.482321e-12	-6.482321e-12
17424.794	22.699	-29.955	2.43636826e-11	5.4665778e-12	-5.4665778e-12
17472.810	19.814	-25.318	2.81101154e-11	6.3180194e-12	-6.3180194e-12
17512.931	14.796	-20.307	3.6061998e-11	8.0637052e-12	-8.0637052e-12
17553.544	24.329	-25.818	2.533918e-11	5.70503e-12	-5.70503e-12
17608.132	22.395	-30.259	2.5599059e-11	5.604424e-12	-5.604424e-12
17675.137	53.175	-44.611	1.31256728e-11	2.95012118e-12	-2.95012118e-12
17767.758	33.266	-39.446	1.86086182e-11	4.0740024e-12	-4.0740024e-12
17823.961	24.703	-22.936	2.70431342e-11	6.0677794e-12	-6.0677794e-12
17903.541	52.920	-54.878	1.79799106e-11	3.29770284e-12	-3.29770284e-12
18212.648	90.572	-67.160	2.4351616e-11	3.8254182e-12	-3.8254182e-12
21816.362	38.497	-36.723	2.1265453e-11	4.7744602e-12	-4.7744602e-12
21895.590	39.503	-40.731	2.08424998e-11	4.6842684e-12	-4.6842684e-12
21992.236	45.658	-57.143	1.57386884e-11	3.5336064e-12	-3.5336064e-12
22079.628	35.993	-41.734	2.07005804e-11	4.6523696e-12	-4.6523696e-12
22152.800	33.025	-37.180	1.4983103e-11	3.27929626e-12	-3.27929626e-12
22210.951	30.036	-25.125	1.60906802e-11	3.5251982e-12	-3.5251982e-12
22280.556	30.636	-39.569	1.41256162e-11	3.09468612e-12	-3.09468612e-12
22359.057	49.920	-47.866	1.642693e-11	3.6881296e-12	-3.6881296e-12
22458.228	53.550	-49.250	1.6102723e-11	3.615339e-12	-3.615339e-12
22551.131	35.866	-39.353	2.15042894e-11	4.8280816e-12	-4.8280816e-12
22647.763	62.093	-60.765	1.31794982e-11	2.95902374e-12	-2.95902374e-12
22746.704	38.373	-36.847	2.164032e-11	4.8536836e-12	-4.8536836e-12
22837.338	50.538	-52.262	1.5743768e-11	3.5491954e-12	-3.5491954e-12
22955.041	65.724	-67.164	1.1021032e-11	2.4718952e-12	-2.4718952e-12
23051.221	32.227	-30.456	1.35486362e-11	3.03902098e-12	-3.03902098e-12
23123.307	25.331	-39.859	1.29810164e-11	2.90565666e-12	-2.90565666e-12
23186.062	22.751	-37.424	1.47859472e-11	3.23935374e-12	-3.23935374e-12
23250.175	33.859	-41.361	1.12423278e-11	2.52433102e-12	-2.52433102e-12
23327.182	37.086	-43.149	1.11118936e-11	2.43201898e-12	-2.43201898e-12
23405.621	48.910	-41.353	9.3605536e-12	2.09308352e-12	-2.09308352e-12
23492.005	42.761	-37.473	1.06741946e-11	2.3967637e-12	-2.3967637e-12
23582.458	17.498	-47.693	1.38944944e-11	3.03502428e-12	-3.03502428e-12
23646.574	51.167	-46.618	8.689346e-12	1.94905952e-12	-1.94905952e-12
23733.457	44.518	-35.716	1.05208988e-11	2.36480438e-12	-2.36480438e-12
23811.452	44.250	-33.476	1.15021014e-11	2.51742256e-12	-2.51742256e-12
23887.538	38.369	-31.836	1.2130435e-11	2.72374442e-12	-2.72374442e-12
23982.129	61.614	-56.222	1.08370444e-11	1.98405062e-12	-1.98405062e-12
74279.605	5763.187	-4933.452	6.2036366e-13	1.1028427e-13	-1.1028427e-13
88127.327	8670.836	-3146.962	4.386323e-13	8.6779492e-14	-8.6779492e-14
126208.030	16769.221	-11491.122	1.85878476e-13	4.1682436e-14	-4.1682436e-14