Time	T_+ve	T_-ve	Flux	Fluxpos	Fluxneg
74.7598358685851	0.420076119299353	-0.561872886033541	1.27108366597598e-08	1.60924081653669e-09	-1.79443876257842e-09
75.3950508675862	0.395103129461205	-0.215138879701698	2.00801818934246e-08	2.58438287984704e-09	-2.91068394945272e-09
76.0918513590981	0.223237645044719	-0.301697362050689	2.22944134394012e-08	2.74387070457586e-09	-2.70516125285466e-09
76.4538107893796	0.229558267901908	-0.138721785236783	3.16554640514557e-08	3.87496362137126e-09	-3.83979672883408e-09
77.0669574676065	0.36008956342225	-0.383588410324961	1.59070085340743e-08	1.91383598049498e-09	-1.9015235774342e-09
77.8139052870672	0.427984683338437	-0.386858256038465	1.4233818923275e-08	1.73726921786991e-09	-1.72635062634149e-09
78.7774617874416	0.555052276973427	-0.535571817035972	1.06658784927777e-08	1.30250526733087e-09	-1.29359612015089e-09
79.803381935637	0.488114119592169	-0.470867871222026	1.23449079569772e-08	1.513969880113e-09	-1.49728965897896e-09
80.6870589201016	0.470741055873347	-0.395562864872446	1.36977466646859e-08	1.67213567300391e-09	-1.66118465459268e-09
81.9488609712662	0.682955058282417	-0.79106099529119	1.10881262842256e-08	1.17049204702863e-09	-1.15625759206059e-09
90.450	0.397	-0.352	9.18095108e-09	1.231749375e-09	-1.144474361e-09
91.203	0.366	-0.357	9.28952682e-09	1.286781016e-09	-1.180398818e-09
91.992	0.395	-0.423	8.35439099e-09	1.128458045e-09	-1.036494132e-09
92.802	0.366	-0.415	8.75403288e-09	1.159778676e-09	-1.087429561e-09
93.598	0.493	-0.430	7.5162172e-09	9.64911027e-10	-9.24841997e-10
94.521	0.513	-0.430	7.2510789e-09	9.25707906e-10	-8.97101139e-10
95.628	0.559	-0.594	5.87540613e-09	7.92623376e-10	-7.35592343e-10
96.671	0.607	-0.484	6.0359823e-09	8.4466546e-10	-7.84424245e-10
97.840	0.550	-0.562	6.20601181e-09	7.82900697e-10	-7.5924652e-10
98.831	0.479	-0.441	7.36418716e-09	9.41912018e-10	-9.23046992e-10
99.856	0.527	-0.546	6.25471522e-09	8.1260247e-10	-7.94004665e-10
101.074	0.674	-0.692	5.04769526e-09	6.52178443e-10	-6.25515647e-10
102.219	0.485	-0.471	7.3027228e-09	9.1245558e-10	-8.92843606e-10
103.247	0.688	-0.543	5.6669914e-09	7.07903023e-10	-6.92936882e-10
104.386	0.466	-0.450	7.5445278e-09	9.88432829e-10	-9.35226551e-10
105.331	0.467	-0.480	7.37146249e-09	9.54878061e-10	-9.02848332e-10
106.397	0.569	-0.599	5.91392549e-09	7.77226222e-10	-7.33284429e-10
107.629	0.665	-0.662	5.15991396e-09	6.70828492e-10	-6.46998168e-10
108.958	0.551	-0.664	5.68876797e-09	7.20050459e-10	-7.04036967e-10
110.227	0.828	-0.718	4.34645723e-09	5.68819258e-10	-5.58291739e-10
111.670	0.597	-0.615	5.56717359e-09	7.02902425e-10	-6.82074719e-10
112.931	0.690	-0.664	4.84159974e-09	6.46111079e-10	-6.07666202e-10
114.343	0.776	-0.722	4.41693368e-09	5.82362456e-10	-5.47723625e-10
115.701	0.587	-0.582	5.55536574e-09	7.25422766e-10	-7.05090319e-10
117.116	0.679	-0.828	4.39086816e-09	5.5748584e-10	-5.43581523e-10
118.312	0.728	-0.518	5.31291828e-09	6.69905397e-10	-6.57561693e-10
119.757	0.506	-0.717	5.46379401e-09	6.83735937e-10	-6.68874284e-10
120.868	0.654	-0.605	5.30173171e-09	6.79643255e-10	-6.48816471e-10
122.199	0.672	-0.677	4.84242929e-09	6.47492721e-10	-6.30272675e-10
123.781	0.496	-0.911	3.8683505e-09	4.95328188e-10	-4.78557864e-10
124.607	0.295	-0.329	4.12259169e-09	5.03655458e-10	-5.03655811e-10
125.205	0.307	-0.303	4.17598294e-09	5.17171828e-10	-5.17172534e-10
125.793	0.264	-0.281	4.68092826e-09	5.79706484e-10	-5.7970719e-10
126.374	0.259	-0.317	4.39700683e-09	5.55244996e-10	-5.55245349e-10
126.932	0.291	-0.298	4.32738464e-09	5.35922129e-10	-5.35922482e-10
127.543	0.245	-0.321	4.55056183e-09	5.55940053e-10	-5.55940759e-10
128.068	0.272	-0.280	4.66783549e-09	5.70267617e-10	-5.7026797e-10
128.627	0.279	-0.287	4.43385297e-09	5.67597878e-10	-5.67598231e-10
129.257	0.340	-0.352	3.71986458e-09	4.54454318e-10	-4.54454671e-10
129.921	0.231	-0.324	4.63791521e-09	5.66612302e-10	-5.66612655e-10
130.467	0.299	-0.315	4.10926947e-09	5.15927856e-10	-5.15928209e-10
131.130	0.303	-0.364	3.85874537e-09	4.71421263e-10	-4.71421616e-10
131.718	0.264	-0.284	4.69814054e-09	5.73969881e-10	-5.73970234e-10
132.259	0.300	-0.278	4.45239959e-09	5.43947584e-10	-5.4394829e-10
132.915	0.320	-0.356	3.73084994e-09	4.68416527e-10	-4.6841688e-10
133.563	0.389	-0.328	3.59058186e-09	4.38659686e-10	-4.38660039e-10
134.253	0.260	-0.301	3.08535061e-09	4.59937114e-10	-4.59937467e-10
134.775	0.263	-0.262	3.366797863e-09	4.96407662e-10	-4.96408015e-10
135.352	0.401	-0.314	3.5612758e-09	4.41043848e-10	-4.41044201e-10
136.107	0.272	-0.354	4.10877174e-09	5.01967059e-10	-5.01967412e-10
136.714	0.294	-0.334	4.05560994e-09	5.02264285e-10	-5.02264638e-10
137.294	0.296	-0.286	4.3780825e-09	5.42200587e-10	-5.4220094e-10
137.893	0.247	-0.304	4.66561512e-09	5.6999616e-10	-5.69996513e-10
138.382	0.270	-0.241	3.459844427e-09	5.10126654e-10	-5.10127007e-10
138.991	0.314	-0.339	3.90090063e-09	4.83104504e-10	-4.83104857e-10
139.619	0.313	-0.315	4.055617e-09	5.02264991e-10	-5.02265344e-10
140.244	0.331	-0.311	4.02553081e-09	4.94760564e-10	-4.94760917e-10
140.892	0.299	-0.317	4.18002126e-09	5.10671686e-10	-5.10672039e-10
141.450	0.340	-0.260	3.479512175e-09	4.77029374e-10	-4.77029727e-10
142.092	0.390	-0.302	3.68036388e-09	4.55792188e-10	-4.55792541e-10
142.798	0.261	-0.316	4.41861749e-09	5.47220953e-10	-5.47220953e-10
143.394	0.336	-0.336	3.78732641e-09	4.69038866e-10	-4.69039219e-10
144.039	0.332	-0.308	3.97683093e-09	4.92508071e-10	-4.92508424e-10
144.670	0.312	-0.298	4.173872e-09	5.16910255e-10	-5.16910608e-10
145.279	0.235	-0.297	3.236445906e-09	4.82461338e-10	-4.82461338e-10
145.780	0.272	-0.267	3.427931109e-09	4.93717802e-10	-4.93718155e-10
146.400	0.363	-0.347	3.500423895e-09	4.33507651e-10	-4.33508004e-10
147.108	0.363	-0.345	3.54515076e-09	4.33109467e-10	-4.3310982e-10
147.821	0.270	-0.351	4.04288782e-09	4.93917953e-10	-4.93918306e-10
148.415	0.312	-0.323	3.95228331e-09	4.82848579e-10	-4.82848932e-10
148.980	0.305	-0.253	3.018102345e-09	4.4991262e-10	-4.4991262e-10
149.595	0.294	-0.310	4.28647194e-09	5.16030932e-10	-5.16031285e-10
150.203	0.322	-0.315	3.90131364e-09	4.83155689e-10	-4.83156042e-10
150.789	0.245	-0.264	3.313512866e-09	4.93949723e-10	-4.93950076e-10
151.308	0.305	-0.274	2.915897549e-09	4.34676787e-10	-4.34676787e-10
151.881	0.245	-0.269	3.180158644e-09	4.93805346e-10	-4.93805346e-10
152.444	0.359	-0.317	3.49140298e-09	4.39875771e-10	-4.39876124e-10
153.123	0.302	-0.321	2.666732146e-09	4.05685956e-10	-4.05686309e-10
153.682	0.245	-0.257	3.384426683e-09	5.09015057e-10	-5.0901541e-10
154.277	0.333	-0.350	2.467893953e-09	3.67892364e-10	-3.67892364e-10
154.914	0.242	-0.304	3.040341698e-09	4.62522839e-10	-4.62522839e-10
155.398	0.311	-0.242	3.383224365e-09	4.94749268e-10	-4.94749621e-10
156.048	0.325	-0.338	3.78282566e-09	4.62146541e-10	-4.62146894e-10
156.654	0.326	-0.280	2.779219126e-09	4.1430198e-10	-4.1430198e-10
157.259	0.271	-0.279	3.020750904e-09	4.5954246e-10	-4.5954246e-10
157.816	0.242	-0.286	3.190954796e-09	4.75679855e-10	-4.75680208e-10
158.339	0.237	-0.281	3.473859233e-09	5.01408966e-10	-5.01408966e-10
158.841	0.277	-0.266	3.013486164e-09	4.67924798e-10	-4.67925151e-10
159.384	0.270	-0.266	3.053544957e-09	4.74145011e-10	-4.74145364e-10
159.901	0.285	-0.247	3.521856643e-09	4.98066056e-10	-4.98066409e-10
160.554	0.260	-0.368	2.644255577e-09	4.02266798e-10	-4.02266798e-10
161.086	0.312	-0.272	2.889371364e-09	4.30722481e-10	-4.30722481e-10
161.675	0.242	-0.278	3.245590018e-09	4.83824271e-10	-4.83824624e-10
162.198	0.270	-0.281	3.057140615e-09	4.55731825e-10	-4.55732178e-10
162.827	0.310	-0.359	2.444446987e-09	3.79566074e-10	-3.79566427e-10
163.422	0.342	-0.284	2.692364888e-09	4.01354293e-10	-4.01354646e-10
164.130	0.303	-0.366	2.576526173e-09	3.79888363e-10	-3.79888716e-10
164.778	0.404	-0.345	2.251119477e-09	3.35577332e-10	-3.355775085e-10
165.534	0.329	-0.352	3.68424688e-09	4.50102887e-10	-4.5010324e-10
166.093	0.297	-0.229	3.27288539e-09	4.82560884e-10	-4.82561237e-10
166.861	0.417	-0.471	1.899458406e-09	2.831547493e-10	-2.831548905e-10
167.613	0.304	-0.335	2.600499815e-09	3.95610277e-10	-3.95610277e-10
168.255	0.287	-0.339	2.611584721e-09	4.05518987e-10	-4.05518987e-10
168.800	0.290	-0.258	3.031101217e-09	4.6111684e-10	-4.61117193e-10
169.399	0.339	-0.309	3.529968936e-09	4.51966727e-10	-4.5196708e-10
170.108	0.360	-0.370	2.311926198e-09	3.446418778e-10	-3.446420543e-10
170.786	0.272	-0.318	2.855124363e-09	4.25617042e-10	-4.25617395e-10
171.348	0.382	-0.290	2.507636811e-09	3.73816763e-10	-3.73816763e-10
172.013	0.283	-0.283	2.890806662e-09	4.48875506e-10	-4.48875859e-10
172.530	0.272	-0.233	3.337617824e-09	4.9754291e-10	-4.97543263e-10
173.112	0.293	-0.310	2.796109117e-09	4.16819576e-10	-4.16819929e-10
173.817	0.340	-0.413	2.240817172e-09	3.340416055e-10	-3.34041782e-10
174.433	0.246	-0.275	3.522620182e-09	5.03231858e-10	-5.03232211e-10
174.969	0.220	-0.290	3.302729775e-09	4.92342161e-10	-4.92342514e-10
175.495	0.340	-0.305	2.493065324e-09	3.95202915e-10	-3.95202915e-10
176.159	0.327	-0.324	2.472658041e-09	3.9196767e-10	-3.91968023e-10
176.793	0.331	-0.306	2.607767026e-09	3.96715873e-10	-3.96715873e-10
177.366	0.319	-0.243	2.954441266e-09	4.49454779e-10	-4.49455132e-10
177.974	0.325	-0.289	2.747717406e-09	4.09606021e-10	-4.09606021e-10
178.565	0.289	-0.266	3.443447577e-09	4.82179644e-10	-4.82179997e-10
179.109	0.283	-0.254	3.044220109e-09	4.72697005e-10	-4.72697358e-10
179.716	0.291	-0.325	2.739772082e-09	4.08421353e-10	-4.08421706e-10
180.320	0.300	-0.312	2.755704384e-09	4.10796337e-10	-4.1079669e-10
180.996	0.349	-0.377	2.323465062e-09	3.463619762e-10	-3.463622233e-10
181.640	0.267	-0.295	2.954666127e-09	4.4948902e-10	-4.49489373e-10
182.275	0.246	-0.368	2.623334679e-09	4.15853062e-10	-4.15853415e-10
182.900	0.360	-0.379	2.215309392e-09	3.439863921e-10	-3.439866039e-10
183.508	0.258	-0.249	3.40009953e-09	5.01317892e-10	-5.01317892e-10
184.016	0.303	-0.250	3.002111798e-09	4.56706811e-10	-4.56707164e-10
184.560	0.295	-0.241	3.451786496e-09	4.97153551e-10	-4.97154257e-10
185.107	0.264	-0.252	3.414111512e-09	4.97999692e-10	-4.98000045e-10
185.631	0.269	-0.260	3.095469355e-09	4.80655037e-10	-4.80655037e-10
186.179	0.320	-0.280	2.812970162e-09	4.19333289e-10	-4.19333289e-10
186.854	0.266	-0.355	2.716281344e-09	4.04919593e-10	-4.04919946e-10
187.386	0.274	-0.265	3.081381125e-09	4.68765997e-10	-4.6876635e-10
187.994	0.230	-0.334	2.991087255e-09	4.45885243e-10	-4.45885596e-10
188.563	0.290	-0.340	2.680330412e-09	3.99560347e-10	-3.995607e-10
189.113	0.261	-0.260	3.38227303e-09	4.93355624e-10	-4.93355977e-10
189.711	0.277	-0.337	2.750252299e-09	4.09983731e-10	-4.09984084e-10
190.333	0.321	-0.345	2.536994056e-09	3.78192904e-10	-3.78193257e-10
191.034	0.311	-0.381	2.43916999e-09	3.63610121e-10	-3.63610474e-10
191.596	0.283	-0.251	3.115014259e-09	4.73882379e-10	-4.73882732e-10
192.142	0.266	-0.263	3.194797201e-09	4.76252774e-10	-4.76253127e-10
192.688	0.346	-0.280	2.695634727e-09	4.01841786e-10	-4.01842139e-10
193.386	0.366	-0.352	2.313164875e-09	3.518983576e-10	-3.518986753e-10
194.024	0.291	-0.272	3.002649417e-09	4.47608942e-10	-4.47609295e-10
194.640	0.349	-0.325	3.68966543e-09	4.56944027e-10	-4.56944733e-10
195.242	0.313	-0.253	2.983708143e-09	4.44785295e-10	-4.44785648e-10
195.854	0.295	-0.299	2.840804918e-09	4.23482451e-10	-4.23482804e-10
196.434	0.279	-0.285	2.902830195e-09	4.50742523e-10	-4.50742876e-10
197.107	0.389	-0.394	2.123948756e-09	3.231132197e-10	-3.231135021e-10
197.734	0.281	-0.238	3.249484667e-09	4.84404956e-10	-4.84405309e-10
198.276	0.263	-0.261	3.227337094e-09	4.81103347e-10	-4.811037e-10
198.863	0.284	-0.325	2.710271166e-09	4.24363539e-10	-4.24363892e-10
199.431	0.358	-0.284	2.588417331e-09	3.93772206e-10	-3.93772559e-10
200.086	0.315	-0.297	2.757944875e-09	4.11130628e-10	-4.11130981e-10
200.751	0.284	-0.350	2.664979854e-09	3.97272201e-10	-3.97272554e-10
201.319	0.340	-0.284	2.702947122e-09	4.0293185e-10	-4.02932203e-10
202.020	0.282	-0.360	2.628017224e-09	3.91761871e-10	-3.91762224e-10
202.639	0.250	-0.338	2.875006382e-09	4.2858083e-10	-4.28581536e-10
203.219	0.380	-0.330	2.341970734e-09	3.56280429e-10	-3.56281135e-10
203.999	0.395	-0.400	2.090419757e-09	3.180125109e-10	-3.180128286e-10
204.732	0.329	-0.339	2.491783228e-09	3.79071168e-10	-3.79071521e-10
205.349	0.315	-0.288	2.714164756e-09	4.21447053e-10	-4.21447406e-10
206.028	0.383	-0.364	2.309039717e-09	3.404496145e-10	-3.404500028e-10
206.722	0.344	-0.311	2.539181244e-09	3.86281899e-10	-3.86282252e-10
207.377	0.267	-0.311	2.875141581e-09	4.37391004e-10	-4.37391357e-10
208.056	0.385	-0.412	2.117755371e-09	3.156965485e-10	-3.156968662e-10
208.829	0.356	-0.387	2.269699279e-09	3.383470759e-10	-3.383474289e-10
209.510	0.373	-0.325	2.384255545e-09	3.62713148e-10	-3.62713854e-10
210.142	0.251	-0.259	3.454206664e-09	5.03848196e-10	-5.03848902e-10
210.687	0.309	-0.294	2.799913398e-09	4.17386847e-10	-4.173872e-10
211.474	0.422	-0.478	1.875862827e-09	2.796373514e-10	-2.796376691e-10
212.140	0.326	-0.244	2.966162631e-09	4.42169918e-10	-4.42170271e-10
212.985	0.364	-0.520	1.952260852e-09	2.878454133e-10	-2.87845731e-10
213.762	0.385	-0.412	2.086704785e-09	3.174473579e-10	-3.174477462e-10
214.505	0.276	-0.358	2.666212883e-09	3.97455761e-10	-3.97456467e-10
215.095	0.317	-0.314	2.633405769e-09	4.0061617e-10	-4.00616876e-10
215.754	0.360	-0.342	2.402921832e-09	3.5820675e-10	-3.58207103e-10
216.598	0.470	-0.483	1.744121109e-09	2.653305438e-10	-2.653308262e-10
217.458	0.438	-0.390	2.010429251e-09	3.058436478e-10	-3.058439655e-10
218.260	0.287	-0.364	2.593442286e-09	3.86607718e-10	-3.86608424e-10
218.945	0.395	-0.398	2.128185462e-09	3.172514429e-10	-3.172517959e-10
219.834	0.451	-0.494	1.787461743e-09	2.664592966e-10	-2.66459579e-10
220.582	0.368	-0.297	2.499217408e-09	3.8020218e-10	-3.80202886e-10
221.322	0.331	-0.372	2.402546946e-09	3.58150976e-10	-3.58151329e-10
221.920	0.315	-0.267	2.902224447e-09	4.32638565e-10	-4.32638918e-10
222.521	0.335	-0.286	2.719338324e-09	4.05375316e-10	-4.05376022e-10
223.233	0.341	-0.377	2.349140517e-09	3.501894846e-10	-3.501899435e-10
223.986	0.360	-0.412	2.087712953e-09	3.309459367e-10	-3.30946325e-10
224.799	0.368	-0.452	2.058625753e-09	3.068820679e-10	-3.068824209e-10
225.605	0.444	-0.439	1.913327423e-09	2.852221997e-10	-2.852225527e-10
226.443	0.338	-0.394	2.309113847e-09	3.44222655e-10	-3.442231139e-10
227.166	0.324	-0.386	2.378515059e-09	3.54568379e-10	-3.54568732e-10
227.870	0.293	-0.380	2.510651078e-09	3.74266132e-10	-3.74266485e-10
228.503	0.368	-0.340	2.437545484e-09	3.59396713e-10	-3.59397066e-10
229.412	0.473	-0.541	1.639836084e-09	2.494658766e-10	-2.494662296e-10
230.307	0.288	-0.421	2.342625196e-09	3.56380328e-10	-3.56380681e-10
231.024	0.370	-0.429	2.081844681e-09	3.167079641e-10	-3.167084583e-10
231.843	0.435	-0.449	1.909638573e-09	2.846723316e-10	-2.846727552e-10
232.691	0.446	-0.413	1.964989679e-09	2.929236007e-10	-2.929240243e-10
233.491	0.383	-0.353	2.257899195e-09	3.434908507e-10	-3.434913449e-10
234.333	0.525	-0.459	1.690394862e-09	2.571572877e-10	-2.57157676e-10
235.254	0.349	-0.396	2.230952587e-09	3.393915676e-10	-3.393920265e-10
236.086	0.512	-0.483	1.620971411e-09	2.569577368e-10	-2.569580545e-10
237.067	0.463	-0.469	1.783881617e-09	2.713793047e-10	-2.713796577e-10
238.000	0.359	-0.470	2.005906262e-09	3.051555802e-10	-3.051559685e-10
238.771	0.330	-0.411	2.275997858e-09	3.392859853e-10	-3.392864442e-10
239.471	0.521	-0.370	1.89446628e-09	2.824105547e-10	-2.824109077e-10
240.370	0.332	-0.378	2.378671791e-09	3.54591677e-10	-3.5459203e-10
241.186	0.516	-0.484	1.637758326e-09	2.543060361e-10	-2.543063185e-10
242.304	0.401	-0.602	1.657138026e-09	2.520979505e-10	-2.520982329e-10
243.116	0.419	-0.410	2.036363102e-09	3.035633031e-10	-3.035636914e-10
244.034	0.504	-0.500	1.55560746e-09	2.5716403e-10	-2.571643124e-10
244.924	0.320	-0.386	2.390309142e-09	3.56326672e-10	-3.56327025e-10
245.765	0.571	-0.521	1.545512366e-09	2.303915569e-10	-2.303918746e-10
246.689	0.314	-0.352	2.537225624e-09	3.78227498e-10	-3.78228204e-10
247.346	0.306	-0.344	2.599850295e-09	3.87563289e-10	-3.87563642e-10
248.212	0.447	-0.560	1.67658056e-09	2.499300363e-10	-2.49930354e-10
249.160	0.488	-0.501	1.706750764e-09	2.54427574e-10	-2.54427927e-10
250.227	0.310	-0.579	1.89794333e-09	2.829289352e-10	-2.829292882e-10
250.958	0.474	-0.421	1.928460886e-09	2.843362756e-10	-2.843366286e-10
251.989	0.518	-0.557	1.571092511e-09	2.342048041e-10	-2.342050865e-10
253.000	0.458	-0.493	1.773583548e-09	2.643903989e-10	-2.643907519e-10
253.918	0.457	-0.459	1.842484912e-09	2.746616399e-10	-2.746620282e-10
254.935	0.539	-0.560	1.535460338e-09	2.288931072e-10	-2.288933896e-10
255.875	0.417	-0.401	2.062789035e-09	3.075026772e-10	-3.075030655e-10
256.715	0.373	-0.422	2.090708158e-09	3.180563888e-10	-3.180567771e-10
257.666	0.638	-0.578	1.366326389e-09	2.078572371e-10	-2.078574489e-10
258.846	0.407	-0.542	1.780250659e-09	2.653843057e-10	-2.653845881e-10
259.769	0.461	-0.516	1.728369543e-09	2.576503228e-10	-2.576506405e-10
260.709	0.499	-0.479	1.673222471e-09	2.598128008e-10	-2.598130832e-10
261.861	0.477	-0.652	1.494303009e-09	2.227576848e-10	-2.227579319e-10
262.886	0.703	-0.548	1.349797517e-09	2.012160716e-10	-2.012162834e-10
264.199	0.586	-0.610	1.412094251e-09	2.105027603e-10	-2.105030074e-10
265.449	0.629	-0.664	1.305315634e-09	1.945851078e-10	-1.945853549e-10
266.706	0.585	-0.628	1.391389389e-09	2.074162342e-10	-2.074164813e-10
267.833	0.466	-0.541	1.676595739e-09	2.499323308e-10	-2.499326838e-10
269.015	0.710	-0.717	1.147496747e-09	1.781797505e-10	-1.781799623e-10
270.228	0.572	-0.503	1.571121457e-09	2.34209146e-10	-2.342094284e-10
271.344	0.600	-0.544	1.453549512e-09	2.211263659e-10	-2.21126613e-10
272.482	0.443	-0.539	1.719092703e-09	2.5626741e-10	-2.562676924e-10
273.528	0.590	-0.602	1.394914447e-09	2.122062677e-10	-2.122065148e-10
274.758	0.468	-0.640	1.477123205e-09	2.29363162e-10	-2.293633738e-10
275.647	0.469	-0.421	1.897777773e-09	2.829042605e-10	-2.829045782e-10
276.772	0.557	-0.656	1.391342087e-09	2.074092095e-10	-2.074094566e-10
278.270	0.727	-0.941	1.011593512e-09	1.507995879e-10	-1.507997644e-10
279.634	0.467	-0.637	1.530478802e-09	2.281505011e-10	-2.281507835e-10
280.766	0.530	-0.665	1.390701745e-09	2.115654315e-10	-2.115656786e-10
281.898	0.787	-0.601	1.198163896e-09	1.822749035e-10	-1.822751153e-10
283.185	0.575	-0.501	1.568424537e-09	2.338071143e-10	-2.338073614e-10
284.308	0.454	-0.547	1.685626891e-09	2.512786022e-10	-2.512788493e-10
285.291	0.557	-0.528	1.532401593e-09	2.331220119e-10	-2.331222943e-10
286.455	0.453	-0.608	1.603841027e-09	2.412163725e-10	-2.412166549e-10
287.470	0.573	-0.562	1.487632721e-09	2.217633544e-10	-2.217636015e-10
288.612	0.694	-0.569	1.336759462e-09	1.992724889e-10	-1.99272736e-10
289.865	0.742	-0.558	1.298357298e-09	1.935478173e-10	-1.935480644e-10
291.036	0.420	-0.429	1.959701386e-09	2.98126503e-10	-2.98126856e-10
292.101	0.465	-0.645	1.521010636e-09	2.267390306e-10	-2.26739313e-10
293.328	0.932	-0.762	9.96947542e-10	1.486162829e-10	-1.486164594e-10
294.793	0.625	-0.534	1.435849386e-09	2.184336466e-10	-2.184338937e-10
295.991	0.510	-0.574	1.534660793e-09	2.334656927e-10	-2.334659398e-10
297.204	0.705	-0.703	1.18159337e-09	1.797540599e-10	-1.797542364e-10
298.429	0.545	-0.521	1.53640779e-09	2.385686607e-10	-2.385689078e-10
299.503	0.627	-0.529	1.437860427e-09	2.187395564e-10	-2.187398035e-10
300.726	0.612	-0.596	1.397571831e-09	2.083378819e-10	-2.08338129e-10
301.985	0.586	-0.647	1.36934348e-09	2.041298042e-10	-2.041300513e-10
303.134	0.464	-0.563	1.644578992e-09	2.451595943e-10	-2.451598767e-10
304.491	0.790	-0.893	1.003108098e-09	1.495346477e-10	-1.495348242e-10
306.058	0.694	-0.777	1.13020363e-09	1.719362042e-10	-1.719363807e-10
307.361	0.699	-0.609	1.232744835e-09	1.954157168e-10	-1.954158933e-10
308.658	0.647	-0.598	1.335275803e-09	2.031335676e-10	-2.031338147e-10
310.146	0.835	-0.841	1.00744435e-09	1.501810613e-10	-1.501812378e-10
311.828	0.893	-0.847	9.70367348e-10	1.446539285e-10	-1.44654105e-10
313.643	0.927	-0.922	8.7204061e-10	1.382366003e-10	-1.382367415e-10
315.332	0.882	-0.762	9.96084104e-10	1.546688915e-10	-1.546690327e-10
316.840	0.691	-0.626	1.26310813e-09	1.921547734e-10	-1.921549499e-10
318.057	0.592	-0.527	1.508801425e-09	2.249190332e-10	-2.249192803e-10
319.229	0.513	-0.580	1.522313206e-09	2.315872385e-10	-2.315874856e-10
320.207	0.568	-0.465	1.633424898e-09	2.434968231e-10	-2.434971055e-10
321.421	0.582	-0.645	1.354638206e-09	2.060791055e-10	-2.060793526e-10
322.774	0.724	-0.771	1.129786031e-09	1.684187004e-10	-1.684188769e-10
324.090	0.471	-0.593	1.586990219e-09	2.365747049e-10	-2.365750226e-10
325.453	0.651	-0.892	1.094601815e-09	1.631737205e-10	-1.631739323e-10
326.875	0.778	-0.771	1.07303881e-09	1.632398374e-10	-1.632400492e-10
328.608	1.054	-0.955	8.40425577e-10	1.252833712e-10	-1.252835124e-10
330.474	0.830	-0.812	1.012491191e-09	1.540287966e-10	-1.540289731e-10
331.979	0.681	-0.675	1.245194792e-09	1.856228614e-10	-1.856230732e-10
333.311	0.647	-0.651	1.280174974e-09	1.947511237e-10	-1.947513708e-10
334.563	0.866	-0.604	1.131390416e-09	1.721167637e-10	-1.721169755e-10
336.086	0.673	-0.657	1.249359133e-09	1.900631778e-10	-1.900634249e-10
337.729	0.763	-0.970	9.59437056e-10	1.459577693e-10	-1.459579458e-10
339.540	0.808	-1.048	8.95953889e-10	1.363001482e-10	-1.363003247e-10
341.078	0.760	-0.731	1.132203375e-09	1.687790428e-10	-1.687792899e-10
342.524	0.628	-0.685	1.246819651e-09	1.936023205e-10	-1.936025323e-10
344.043	0.843	-0.892	9.7312216e-10	1.450646087e-10	-1.450647852e-10
345.660	0.687	-0.774	1.155623866e-09	1.722703893e-10	-1.722705658e-10
347.029	0.736	-0.682	1.190460024e-09	1.774634076e-10	-1.774636547e-10
348.592	0.703	-0.827	1.103188187e-09	1.644536985e-10	-1.644539103e-10
350.117	0.611	-0.823	1.177074264e-09	1.754680045e-10	-1.75468181e-10
351.319	0.631	-0.590	1.362121453e-09	2.072175305e-10	-2.072177423e-10
352.774	0.879	-0.825	9.75369005e-10	1.48381432e-10	-1.483816085e-10
354.344	0.823	-0.691	1.114843541e-09	1.661911645e-10	-1.66191341e-10
355.887	0.588	-0.720	1.290759326e-09	1.924152168e-10	-1.924153933e-10
357.145	0.682	-0.670	1.248328726e-09	1.860899863e-10	-1.860901628e-10
358.406	0.708	-0.578	1.312192427e-09	1.956102551e-10	-1.956104316e-10
359.983	0.700	-0.870	1.059393595e-09	1.611640209e-10	-1.611641621e-10
361.492	0.879	-0.809	9.69494026e-10	1.50540027e-10	-1.505401682e-10
363.082	0.809	-0.710	1.110887117e-09	1.656014074e-10	-1.656015839e-10
364.908	0.828	-1.017	9.01044502e-10	1.370745949e-10	-1.370747008e-10
366.546	0.917	-0.811	9.77022104e-10	1.456459644e-10	-1.456461056e-10
368.194	0.647	-0.730	1.20718234e-09	1.836468733e-10	-1.836470498e-10
369.847	0.979	-1.006	8.50216385e-10	1.267428497e-10	-1.267430262e-10
371.622	0.878	-0.797	9.78012269e-10	1.518627533e-10	-1.518628945e-10
373.327	0.776	-0.827	1.053215036e-09	1.57004163e-10	-1.570043395e-10
374.732	0.851	-0.629	1.140568416e-09	1.700260153e-10	-1.700262271e-10
376.447	0.633	-0.863	1.111338251e-09	1.690662436e-10	-1.690664554e-10
378.015	0.653	-0.936	1.046615701e-09	1.592201205e-10	-1.592203323e-10
379.530	0.765	-0.861	1.038232304e-09	1.547706614e-10	-1.547708732e-10
381.148	0.875	-0.854	9.46698345e-10	1.470003901e-10	-1.470005666e-10
382.677	0.806	-0.653	1.139630848e-09	1.733703726e-10	-1.733705491e-10
384.312	0.635	-0.829	1.152871878e-09	1.718601327e-10	-1.718603092e-10
385.872	0.820	-0.925	9.526058e-10	1.449185373e-10	-1.449186785e-10
387.685	1.085	-0.993	8.12341956e-10	1.210968618e-10	-1.21097003e-10
389.764	0.683	-0.994	9.75789075e-10	1.51517484e-10	-1.515176605e-10
391.148	0.830	-0.700	1.103351273e-09	1.644780202e-10	-1.644781967e-10
392.916	0.894	-0.939	8.93494891e-10	1.387390958e-10	-1.38739237e-10
394.828	0.931	-1.018	8.40454523e-10	1.305031822e-10	-1.305033234e-10
396.692	0.876	-0.933	9.33090548e-10	1.390970731e-10	-1.390972143e-10
398.602	0.802	-1.034	8.64012331e-10	1.39853305e-10	-1.398534462e-10
400.213	0.803	-0.809	1.047389477e-09	1.561357124e-10	-1.561358889e-10
402.016	0.970	-1.000	8.57169073e-10	1.27779293e-10	-1.277794695e-10
404.014	1.201	-1.029	7.57264778e-10	1.128864348e-10	-1.12886576e-10
406.289	1.171	-1.074	7.51870938e-10	1.120824067e-10	-1.120825126e-10
408.425	0.821	-0.965	9.45072074e-10	1.408831472e-10	-1.408833237e-10
410.262	1.057	-1.016	7.89886567e-10	1.226511561e-10	-1.22651262e-10
412.210	0.989	-0.891	8.97701239e-10	1.338214881e-10	-1.338216646e-10
414.093	0.782	-0.894	1.007322565e-09	1.501629171e-10	-1.501630936e-10
415.586	0.800	-0.711	1.142502856e-09	1.68453012e-10	-1.684532238e-10
417.209	0.888	-0.823	9.86392136e-10	1.470427501e-10	-1.470429266e-10
419.208	0.864	-1.110	8.41963951e-10	1.28086756e-10	-1.280868972e-10
421.002	0.809	-0.930	9.71236787e-10	1.447835854e-10	-1.447837266e-10
422.956	0.982	-1.146	7.69514231e-10	1.194877819e-10	-1.194879231e-10
424.835	0.816	-0.897	9.70635275e-10	1.476613473e-10	-1.476614885e-10
426.661	1.168	-1.010	7.6365902e-10	1.161743474e-10	-1.161744886e-10
428.907	1.000	-1.078	8.12541048e-10	1.211265491e-10	-1.211267256e-10
430.771	0.880	-0.864	9.68419141e-10	1.443635154e-10	-1.443636919e-10
432.911	0.874	-1.261	7.55033818e-10	1.196885683e-10	-1.196887095e-10
434.840	0.878	-1.054	8.73595575e-10	1.302280187e-10	-1.302281599e-10
436.525	0.769	-0.807	1.054637273e-09	1.604404062e-10	-1.604405827e-10
438.578	0.781	-1.284	8.04838941e-10	1.224389325e-10	-1.224390737e-10
440.405	0.718	-1.045	9.57340589e-10	1.427120402e-10	-1.427121814e-10
441.755	0.613	-0.633	1.334869147e-09	2.030716867e-10	-2.030718985e-10
443.025	0.755	-0.657	1.158813221e-09	1.799369492e-10	-1.79937161e-10
444.893	0.991	-1.112	7.90653636e-10	1.202810082e-10	-1.202811494e-10
446.876	0.705	-0.992	9.94669986e-10	1.482767675e-10	-1.48276944e-10
448.375	0.913	-0.794	9.74559576e-10	1.482583056e-10	-1.482584468e-10
449.967	0.722	-0.680	1.204216434e-09	1.795141258e-10	-1.795143023e-10
451.551	0.956	-0.862	9.1447827e-10	1.391182531e-10	-1.391183943e-10
453.501	0.940	-0.994	8.72960881e-10	1.301334147e-10	-1.301335559e-10
455.363	1.249	-0.921	7.77771254e-10	1.159433795e-10	-1.159435207e-10
457.677	1.031	-1.065	7.93315256e-10	1.206858992e-10	-1.206860404e-10
459.849	1.146	-1.142	7.37831422e-10	1.099894697e-10	-1.099896109e-10
462.137	1.125	-1.141	7.44774579e-10	1.110245363e-10	-1.110246422e-10
464.106	1.042	-0.844	8.95144107e-10	1.334402834e-10	-1.334404246e-10
466.522	0.943	-1.374	7.0679072e-10	1.097482648e-10	-1.097483707e-10
468.585	1.031	-1.120	7.8485314e-10	1.169991319e-10	-1.169992378e-10
470.528	1.116	-0.912	8.19791668e-10	1.247136998e-10	-1.24713841e-10
472.946	1.018	-1.302	7.27671023e-10	1.084748879e-10	-1.084749938e-10
474.840	1.194	-0.877	8.15195255e-10	1.215222268e-10	-1.215223327e-10
476.912	1.021	-0.878	8.89303369e-10	1.325696442e-10	-1.325697854e-10
479.094	0.861	-1.162	8.21959794e-10	1.25043543e-10	-1.250436489e-10
480.821	0.982	-0.865	9.00360388e-10	1.369705305e-10	-1.369706717e-10
483.192	1.057	-1.389	6.79684556e-10	1.033994186e-10	-1.033995598e-10
485.388	0.982	-1.139	7.84039475e-10	1.192747817e-10	-1.192749229e-10
487.386	0.928	-1.017	8.68097953e-10	1.294084939e-10	-1.294086351e-10
489.307	1.238	-0.993	7.56625142e-10	1.127911248e-10	-1.127912307e-10
491.293	0.740	-0.748	1.134950068e-09	1.691884875e-10	-1.69188664e-10
493.213	1.102	-1.180	7.0604589e-10	1.119229566e-10	-1.119230625e-10
495.333	0.970	-1.018	8.49420017e-10	1.266241711e-10	-1.266243123e-10
497.100	0.990	-0.798	9.44130976e-10	1.40742865e-10	-1.407430415e-10
499.419	1.182	-1.329	6.5231929e-10	1.012901024e-10	-1.012902436e-10
501.537	0.990	-0.937	8.76336973e-10	1.306367221e-10	-1.306368986e-10
504.093	0.911	-1.566	6.81798673e-10	1.016366072e-10	-1.016367484e-10
506.114	1.205	-1.110	7.29492856e-10	1.087464861e-10	-1.087466273e-10
508.150	0.691	-0.832	1.108717932e-09	1.652780241e-10	-1.652782712e-10
509.943	1.150	-1.101	7.38920427e-10	1.124108732e-10	-1.124110144e-10
512.377	1.103	-1.284	7.072002e-10	1.054232735e-10	-1.054234147e-10
514.455	0.921	-0.975	8.76861178e-10	1.333956289e-10	-1.333958054e-10
516.513	1.094	-1.137	7.33979133e-10	1.139699683e-10	-1.139701095e-10
518.543	1.379	-0.936	7.18473608e-10	1.093003078e-10	-1.093004137e-10
520.705	0.998	-0.783	9.48075398e-10	1.413308571e-10	-1.413309983e-10
522.945	0.948	-1.242	7.59317826e-10	1.155138844e-10	-1.155140256e-10
525.155	1.133	-1.262	7.05080082e-10	1.051071973e-10	-1.051073385e-10
527.264	0.893	-0.977	8.89357731e-10	1.352967104e-10	-1.352968516e-10
529.251	0.999	-1.093	8.24931701e-10	1.216296447e-10	-1.216297859e-10
531.274	1.041	-1.024	8.05068391e-10	1.224739148e-10	-1.22474056e-10
533.272	0.805	-0.956	9.58600799e-10	1.428999068e-10	-1.429000833e-10
535.060	1.086	-0.983	8.15997271e-10	1.216417526e-10	-1.216419291e-10
536.992	0.890	-0.846	9.57657583e-10	1.456870183e-10	-1.456871948e-10
538.777	0.741	-0.894	1.032661258e-09	1.539401583e-10	-1.539403348e-10
540.698	1.000	-1.181	7.62352567e-10	1.159756084e-10	-1.159757143e-10
542.854	1.332	-1.155	6.48057874e-10	1.027306954e-10	-1.02730766e-10
545.338	0.987	-1.152	7.89462261e-10	1.176861758e-10	-1.17686317e-10
547.240	0.928	-0.915	9.02137743e-10	1.372408932e-10	-1.372410697e-10
549.096	1.016	-0.929	8.5510014e-10	1.300851243e-10	-1.300852655e-10
551.116	0.909	-1.004	8.82702975e-10	1.315857273e-10	-1.315858685e-10
553.101	0.888	-1.076	8.59495343e-10	1.281261155e-10	-1.281262567e-10
555.410	1.107	-1.421	6.57686655e-10	1.00052908e-10	-1.000530139e-10
557.475	0.892	-0.958	8.98610214e-10	1.367042626e-10	-1.367044038e-10
559.155	0.831	-0.788	1.042741173e-09	1.554428087e-10	-1.554429852e-10
561.159	1.361	-1.172	6.56293011e-10	9.98408962e-11	-9.98410021e-11
563.535	1.185	-1.015	7.55494836e-10	1.149323522e-10	-1.149324581e-10
566.060	1.044	-1.340	6.9742916e-10	1.060988449e-10	-1.060989508e-10
568.265	1.147	-1.161	7.3680278e-10	1.108145366e-10	-1.108146778e-10
570.486	0.928	-1.074	8.30717018e-10	1.263757297e-10	-1.263758709e-10
572.337	1.192	-0.923	7.97971326e-10	1.189546107e-10	-1.189547519e-10
574.730	1.005	-1.201	7.65073491e-10	1.140505229e-10	-1.140506641e-10
577.082	1.445	-1.347	6.04636756e-10	9.01339963e-11	-9.01340669e-11
580.058	1.089	-1.532	6.34334293e-10	9.6500316e-11	-9.65004219e-11
582.607	1.368	-1.459	5.97047256e-10	8.90026313e-11	-8.90027372e-11
585.426	1.235	-1.451	6.18841123e-10	9.41434056e-11	-9.41435115e-11
587.548	1.078	-0.888	8.4565033e-10	1.286475318e-10	-1.286476377e-10
589.651	0.880	-1.024	8.5993271e-10	1.335276862e-10	-1.335277921e-10
592.122	1.251	-1.592	5.8476215e-10	8.89590005e-11	-8.89591064e-11
594.814	0.963	-1.441	7.02518008e-10	1.047252866e-10	-1.047254278e-10
596.870	1.317	-1.093	7.00477315e-10	1.044210712e-10	-1.044212124e-10
599.202	0.911	-1.014	8.63974207e-10	1.314351022e-10	-1.314352787e-10
601.309	0.992	-1.196	7.60021708e-10	1.156209846e-10	-1.156211611e-10
603.400	1.139	-1.099	7.54481726e-10	1.124715892e-10	-1.124717304e-10
605.427	0.930	-0.888	9.28607448e-10	1.384287382e-10	-1.384289147e-10
607.607	0.992	-1.249	7.41845032e-10	1.128557944e-10	-1.128559356e-10
609.958	1.150	-1.359	6.73075337e-10	1.003362258e-10	-1.00336367e-10
612.233	1.040	-1.125	7.79823596e-10	1.162493246e-10	-1.162495011e-10
614.267	1.193	-0.994	7.48886676e-10	1.162848011e-10	-1.162849776e-10
616.525	0.812	-1.065	8.72369959e-10	1.354589139e-10	-1.354590904e-10
618.304	0.951	-0.967	8.67050249e-10	1.319030743e-10	-1.319032155e-10
620.437	1.045	-1.183	7.57978897e-10	1.129928996e-10	-1.129930408e-10
622.702	1.061	-1.220	7.40247707e-10	1.103497062e-10	-1.103498474e-10
624.928	1.029	-1.165	7.58030435e-10	1.1531804e-10	-1.153181812e-10
627.472	1.146	-1.516	6.34163794e-10	9.45356239e-11	-9.45357298e-11
629.904	1.230	-1.286	6.70945335e-10	1.000187023e-10	-1.000188082e-10
632.262	1.317	-1.128	6.9047153e-10	1.02929505e-10	-1.029296109e-10
634.848	1.436	-1.270	6.23740763e-10	9.29818944e-11	-9.2981965e-11
637.372	0.955	-1.088	8.265142e-10	1.232095668e-10	-1.232096727e-10
639.116	1.058	-0.789	9.14112209e-10	1.36267884e-10	-1.362680605e-10
641.509	1.333	-1.336	6.32559056e-10	9.42963958e-11	-9.42965017e-11
644.401	1.418	-1.558	5.58593554e-10	8.4978043e-11	-8.49781136e-11
647.016	1.313	-1.198	6.62306366e-10	1.007556604e-10	-1.007558016e-10
649.494	0.984	-1.165	7.85455711e-10	1.170889351e-10	-1.170890763e-10
651.701	1.046	-1.223	7.2171556e-10	1.120657451e-10	-1.120658863e-10
654.207	1.135	-1.461	6.50318839e-10	9.69438958e-11	-9.69440017e-11
656.636	1.220	-1.294	6.71494956e-10	1.001006336e-10	-1.001007395e-10
658.926	1.295	-1.070	7.03122697e-10	1.069650363e-10	-1.069651422e-10
661.723	1.175	-1.502	6.30417758e-10	9.39772132e-11	-9.39772838e-11
664.047	1.130	-1.149	7.40644832e-10	1.104089043e-10	-1.104090102e-10
666.526	1.348	-1.349	6.16396245e-10	9.37714495e-11	-9.37715554e-11
669.120	1.081	-1.246	7.2545383e-10	1.08144374e-10	-1.081444799e-10
671.207	1.238	-1.005	7.41173979e-10	1.127537068e-10	-1.12753848e-10
673.836	1.042	-1.391	6.77686223e-10	1.061094349e-10	-1.061095408e-10
676.279	1.381	-1.400	6.07128583e-10	9.05054935e-11	-9.05055994e-11
678.808	1.045	-1.149	7.34826333e-10	1.164852698e-10	-1.16485411e-10
681.047	1.100	-1.193	7.2521026e-10	1.103251374e-10	-1.103253139e-10
683.511	1.531	-1.364	5.83358269e-10	8.69619736e-11	-8.69620795e-11
686.392	1.334	-1.351	6.19476523e-10	9.4240057e-11	-9.42401629e-11
688.910	1.179	-1.184	7.03898591e-10	1.070830442e-10	-1.070831854e-10
690.929	0.873	-0.840	9.85414679e-10	1.468971023e-10	-1.468972788e-10
693.219	1.565	-1.417	5.57661987e-10	8.48363135e-11	-8.48364194e-11
696.016	1.264	-1.232	6.45757373e-10	1.023659758e-10	-1.02366117e-10
699.034	1.523	-1.754	5.07405377e-10	7.71908277e-11	-7.71908983e-11
701.999	1.560	-1.442	5.45530083e-10	8.47082451e-11	-8.4708351e-11
705.251	1.252	-1.692	5.73381783e-10	8.54747846e-11	-8.54748905e-11
708.015	1.495	-1.512	5.61506863e-10	8.37045955e-11	-8.37047014e-11
710.890	1.215	-1.380	6.50422621e-10	9.69593572e-11	-9.69594631e-11
713.721	1.421	-1.616	5.47547831e-10	8.32976218e-11	-8.32977277e-11
716.208	1.286	-1.066	7.07013463e-10	1.075569467e-10	-1.075570526e-10
719.173	1.689	-1.678	5.01311538e-10	7.4731159e-11	-7.47312649e-11
722.134	1.150	-1.272	6.86734672e-10	1.044719385e-10	-1.044720797e-10
724.580	1.180	-1.296	6.50857517e-10	1.031744517e-10	-1.031745576e-10
727.099	1.383	-1.339	6.20233355e-10	9.24589955e-11	-9.24591014e-11
729.743	1.225	-1.261	6.79277194e-10	1.012607328e-10	-1.012608387e-10
732.533	1.360	-1.565	5.59776457e-10	8.69203549e-11	-8.69204608e-11
735.095	1.694	-1.203	5.6524478e-10	8.77694258e-11	-8.77695317e-11
738.383	1.519	-1.594	5.34021224e-10	8.12398789e-11	-8.12399495e-11
741.791	1.599	-1.888	4.47580349e-10	7.39914122e-11	-7.39914828e-11
745.036	1.688	-1.647	4.9860897e-10	7.58526753e-11	-7.58527459e-11
748.594	1.558	-1.870	4.77469565e-10	7.41399899e-11	-7.41400605e-11
751.270	1.211	-1.118	7.2475842e-10	1.080406979e-10	-1.080408038e-10
753.894	1.412	-1.413	5.88460884e-10	8.95216825e-11	-8.95217531e-11
756.462	1.171	-1.156	7.14475177e-10	1.086920888e-10	-1.086921947e-10
758.787	1.508	-1.154	6.34268282e-10	9.45511912e-11	-9.45512971e-11
761.542	1.045	-1.247	7.36688055e-10	1.098190413e-10	-1.098191825e-10
763.750	1.475	-1.164	6.39850977e-10	9.5383424e-11	-9.53835299e-11
766.174	1.206	-0.949	7.83711891e-10	1.168289506e-10	-1.168290918e-10
768.703	1.432	-1.324	6.12694334e-10	9.13351847e-11	-9.13352906e-11
771.409	0.978	-1.274	7.3834892e-10	1.123239293e-10	-1.123240352e-10
773.489	0.962	-1.101	8.1815163e-10	1.21962912e-10	-1.219630885e-10
776.315	1.961	-1.864	4.41456858e-10	6.58085545e-11	-6.58086604e-11
779.527	0.964	-1.251	7.62369864e-10	1.136475028e-10	-1.13647644e-10
782.056	1.292	-1.565	5.73171395e-10	8.90002662e-11	-8.90003721e-11
784.980	1.544	-1.632	5.23685384e-10	7.9667511e-11	-7.96676169e-11
788.294	1.311	-1.769	5.23346504e-10	8.29613187e-11	-8.29613893e-11
790.744	1.134	-1.140	7.4246137e-10	1.106796906e-10	-1.106798318e-10
793.801	1.483	-1.923	4.95752847e-10	7.39025268e-11	-7.39026327e-11
797.122	1.442	-1.838	5.14625639e-10	7.67159368e-11	-7.67160074e-11
799.821	1.214	-1.257	6.52306582e-10	1.034041488e-10	-1.0340429e-10
802.380	1.240	-1.345	6.53141074e-10	9.73646012e-11	-9.73647424e-11
805.307	1.699	-1.686	4.98690866e-10	7.43404939e-11	-7.43405645e-11
808.681	1.915	-1.675	4.70335435e-10	7.01135307e-11	-7.01136013e-11
811.699	1.105	-1.103	7.53281173e-10	1.145955196e-10	-1.145956608e-10
814.314	1.140	-1.509	6.2782109e-10	9.55094803e-11	-9.55096215e-11
816.865	0.930	-1.411	7.10353902e-10	1.080650902e-10	-1.080652667e-10
818.955	1.147	-1.160	7.31689928e-10	1.090739642e-10	-1.090741407e-10
821.383	1.264	-1.280	6.63635764e-10	9.89290266e-11	-9.89291678e-11
823.735	0.978	-1.089	8.16694446e-10	1.217457111e-10	-1.217458523e-10
825.865	0.943	-1.151	7.94127509e-10	1.208094492e-10	-1.208095904e-10
828.206	1.095	-1.398	6.56917821e-10	1.020041861e-10	-1.02004292e-10
830.536	1.214	-1.236	6.78740281e-10	1.032557829e-10	-1.032558888e-10
832.812	1.518	-1.062	6.54449292e-10	9.75595984e-11	-9.75597043e-11
835.812	1.167	-1.482	6.08449509e-10	9.64518844e-11	-9.64519903e-11
838.126	1.032	-1.147	7.62966434e-10	1.160689769e-10	-1.160691181e-10
840.566	1.337	-1.408	6.14934119e-10	9.16690521e-11	-9.16691933e-11
843.223	1.330	-1.319	6.27621998e-10	9.54791929e-11	-9.54792988e-11
846.077	1.681	-1.525	5.26547861e-10	7.84931506e-11	-7.84932565e-11
849.043	1.217	-1.285	6.64663347e-10	1.011142378e-10	-1.011143437e-10
851.408	1.012	-1.148	7.81513407e-10	1.165012254e-10	-1.165013666e-10
853.806	1.270	-1.386	6.25896181e-10	9.52166315e-11	-9.52167374e-11
856.388	1.058	-1.312	6.9079982e-10	1.072652628e-10	-1.072653687e-10
858.811	1.425	-1.365	5.9595578e-10	9.06618725e-11	-9.06619784e-11
861.431	1.187	-1.196	6.98003844e-10	1.06186283e-10	-1.061864242e-10
863.687	0.836	-1.069	8.72678481e-10	1.327593111e-10	-1.327594876e-10
865.674	1.525	-1.151	6.2143532e-10	9.45380596e-11	-9.45381655e-11
868.281	0.920	-1.081	8.30790089e-10	1.263868845e-10	-1.263870257e-10
870.415	1.141	-1.214	7.05929753e-10	1.073920604e-10	-1.073922016e-10
872.681	1.110	-1.125	7.55558023e-10	1.12632063e-10	-1.126322042e-10
874.689	1.043	-0.898	8.69826594e-10	1.296662192e-10	-1.296663604e-10
876.839	1.236	-1.107	7.0969591e-10	1.079650147e-10	-1.079651559e-10
879.145	1.034	-1.070	8.02180851e-10	1.195821388e-10	-1.1958228e-10
881.056	0.967	-0.877	9.02176926e-10	1.372468236e-10	-1.372470001e-10
883.322	1.006	-1.299	7.21330084e-10	1.097348861e-10	-1.09734992e-10
885.600	1.141	-1.271	6.89406176e-10	1.048783474e-10	-1.048784533e-10
887.971	1.010	-1.229	7.42528087e-10	1.129597176e-10	-1.129598588e-10
890.329	1.341	-1.348	6.18685803e-10	9.41197899e-11	-9.41198958e-11
892.753	1.382	-1.083	6.74450978e-10	1.026032271e-10	-1.026033683e-10
895.244	0.976	-1.109	7.97553021e-10	1.213305478e-10	-1.213307243e-10
897.649	1.064	-1.428	6.77410883e-10	1.009824982e-10	-1.009826394e-10
899.860	0.942	-1.147	8.1416626e-10	1.224499461e-10	-1.224500873e-10
902.000	1.142	-1.199	7.21164527e-10	1.075049498e-10	-1.075050557e-10
904.353	1.238	-1.210	6.89798006e-10	1.028291118e-10	-1.028292177e-10
906.860	1.140	-1.269	7.01007874e-10	1.045001785e-10	-1.045003197e-10
908.794	0.706	-0.794	1.091949373e-09	1.695545132e-10	-1.69554725e-10
910.680	1.289	-1.180	6.83839366e-10	1.019408226e-10	-1.019409638e-10
913.217	1.213	-1.248	6.75904985e-10	1.028244522e-10	-1.028245581e-10
915.565	1.019	-1.135	7.71688711e-10	1.173958686e-10	-1.173959745e-10
917.989	1.205	-1.405	6.27267233e-10	9.74001483e-11	-9.74002542e-11
920.151	1.000	-0.957	7.97495129e-10	1.318372751e-10	-1.31837381e-10
922.352	1.263	-1.201	6.74735496e-10	1.026465049e-10	-1.026466108e-10
925.013	1.317	-1.398	6.21772082e-10	9.26883749e-11	-9.26884808e-11
927.340	0.896	-1.010	8.85916334e-10	1.32064713e-10	-1.320648542e-10
929.563	1.247	-1.327	6.55716209e-10	9.77484534e-11	-9.77485593e-11
932.470	1.426	-1.659	5.30671254e-10	8.24010018e-11	-8.24010724e-11
935.299	1.781	-1.404	5.22059819e-10	7.94201639e-11	-7.94202698e-11
937.837	0.872	-0.757	1.035777189e-09	1.544046357e-10	-1.544048122e-10
939.966	0.704	-1.257	8.60972648e-10	1.283463169e-10	-1.283464581e-10
941.680	1.158	-1.009	7.67215848e-10	1.167154258e-10	-1.167155317e-10
944.066	1.249	-1.229	6.81108911e-10	1.015337783e-10	-1.015338842e-10
946.509	1.299	-1.193	6.46679762e-10	1.025121884e-10	-1.025122943e-10
949.060	1.273	-1.252	6.68803331e-10	9.96993785e-11	-9.96995197e-11
951.551	1.086	-1.218	6.99667533e-10	1.10911894e-10	-1.109119999e-10
953.682	1.056	-1.045	8.03582614e-10	1.197911148e-10	-1.19791256e-10
955.695	1.137	-0.957	8.06303185e-10	1.201966765e-10	-1.201968177e-10
958.050	1.280	-1.218	6.75829796e-10	1.007468707e-10	-1.007469766e-10
960.544	0.853	-1.214	8.04250843e-10	1.223495176e-10	-1.223496235e-10
962.571	1.212	-1.174	6.96903543e-10	1.060188904e-10	-1.060189963e-10
965.710	1.429	-1.927	4.95511042e-10	7.5381385e-11	-7.53814556e-11
968.366	0.925	-1.228	7.90976631e-10	1.203301458e-10	-1.20330287e-10
970.153	1.100	-0.862	8.82481644e-10	1.315527218e-10	-1.315528983e-10
972.646	1.157	-1.392	6.69006659e-10	1.017749832e-10	-1.017751244e-10
975.296	1.136	-1.493	6.48642442e-10	9.86770199e-11	-9.86771611e-11
977.610	1.373	-1.178	6.68496221e-10	1.016973585e-10	-1.016974997e-10
980.117	1.080	-1.134	7.70520281e-10	1.172180978e-10	-1.172182743e-10
982.161	0.956	-0.964	8.74733647e-10	1.358259633e-10	-1.358261398e-10
984.379	1.455	-1.262	6.37331969e-10	9.50079026e-11	-9.50080438e-11
986.913	1.034	-1.080	8.06842216e-10	1.227437127e-10	-1.227438539e-10
989.188	1.080	-1.241	7.330398e-10	1.092751742e-10	-1.092753154e-10
991.918	1.279	-1.649	5.59223659e-10	8.68345053e-11	-8.68346112e-11
994.972	1.726	-1.775	4.8227919e-10	7.18939568e-11	-7.18940627e-11
997.689	1.004	-0.990	8.33909903e-10	1.26861493e-10	-1.268616342e-10
1000.051	1.619	-1.358	5.67275236e-10	8.45644682e-11	-8.45645741e-11
1003.227	1.129	-1.558	6.19003503e-10	9.41680803e-11	-9.41681862e-11
1005.587	1.097	-1.232	7.24985752e-10	1.080745859e-10	-1.080747271e-10
1007.859	0.991	-1.174	7.68028807e-10	1.16839117e-10	-1.168392582e-10
1010.218	1.562	-1.368	5.67491978e-10	8.63316921e-11	-8.6331798e-11
1013.035	1.394	-1.255	6.37294198e-10	9.50022899e-11	-9.50023958e-11
1015.801	1.176	-1.371	6.52666289e-10	9.92891572e-11	-9.92892631e-11
1018.332	1.283	-1.355	6.30214077e-10	9.58735645e-11	-9.58736704e-11
1020.741	0.850	-1.125	8.41971717e-10	1.280879209e-10	-1.280880621e-10
1022.877	1.464	-1.287	6.13759688e-10	9.14939288e-11	-9.14940347e-11
1025.741	1.094	-1.400	6.76797369e-10	1.008910712e-10	-1.008911771e-10
1028.146	1.522	-1.311	5.96027086e-10	8.88505589e-11	-8.88506295e-11
1030.726	1.258	-1.059	7.28776972e-10	1.086397742e-10	-1.086398801e-10
1033.215	1.545	-1.231	5.99095715e-10	9.11395521e-11	-9.1139658e-11
1036.200	1.426	-1.441	5.89013682e-10	8.78050435e-11	-8.78051494e-11
1039.158	1.204	-1.532	6.07665496e-10	9.24432517e-11	-9.24433576e-11
1041.537	1.172	-1.175	7.08575488e-10	1.07794551e-10	-1.077946569e-10
1044.042	1.049	-1.333	6.98066325e-10	1.061957787e-10	-1.061958846e-10
1046.435	1.325	-1.344	6.32688607e-10	9.43157402e-11	-9.43158461e-11
1049.327	1.446	-1.568	5.4332348e-10	8.4365588e-11	-8.43656939e-11
1051.820	1.143	-1.047	7.70954824e-10	1.149272337e-10	-1.149273749e-10
1054.588	1.641	-1.625	5.16965676e-10	7.70647714e-11	-7.70648773e-11
1057.625	1.407	-1.395	5.93548673e-10	9.02956703e-11	-9.02958115e-11
1060.414	1.550	-1.382	5.75943151e-10	8.58566247e-11	-8.58567659e-11
1063.276	1.423	-1.312	5.98876149e-10	9.29916372e-11	-9.29917784e-11
1066.195	1.400	-1.496	5.65353151e-10	8.77862992e-11	-8.77864051e-11
1068.871	1.270	-1.276	6.63203692e-10	9.88646747e-11	-9.88648159e-11
1071.526	1.255	-1.385	6.39514568e-10	9.5333298e-11	-9.53334039e-11
1074.120	1.401	-1.339	6.16306936e-10	9.18736862e-11	-9.18737921e-11
1077.260	1.577	-1.739	4.93843823e-10	7.6682543e-11	-7.66826489e-11
1080.495	1.436	-1.658	5.45813189e-10	8.1365088e-11	-8.13652292e-11
1083.344	1.408	-1.412	5.98845085e-10	8.92706289e-11	-8.92707348e-11
1086.251	1.596	-1.499	5.45477486e-10	8.13150679e-11	-8.13151738e-11
1089.130	1.181	-1.283	6.85288784e-10	1.021568939e-10	-1.021570351e-10
1092.095	1.422	-1.784	5.10811474e-10	7.93171938e-11	-7.93172997e-11
1095.419	1.751	-1.902	4.62222436e-10	6.89040821e-11	-6.89041527e-11
1098.581	1.643	-1.412	5.52585141e-10	8.23745974e-11	-8.2374668e-11
1101.774	1.544	-1.550	5.45590093e-10	8.13318354e-11	-8.13319413e-11
1104.605	1.259	-1.287	6.53017171e-10	9.93425308e-11	-9.93426367e-11
1107.152	0.993	-1.288	7.17784905e-10	1.114554081e-10	-1.114555493e-10
1110.031	1.508	-1.886	4.97296869e-10	7.41326828e-11	-7.41327534e-11
1113.555	1.279	-2.016	5.04600439e-10	7.67641213e-11	-7.67641919e-11
1116.615	1.902	-1.780	4.51439345e-10	6.86768207e-11	-6.86768913e-11
1119.918	1.734	-1.401	5.30320725e-10	8.06769145e-11	-8.06769851e-11
1122.978	0.969	-1.326	7.24366943e-10	1.101968572e-10	-1.101969631e-10
1125.946	1.501	-1.998	4.82328963e-10	7.19014051e-11	-7.19014757e-11
1128.823	1.120	-1.376	6.91440515e-10	1.019473884e-10	-1.019475296e-10
1131.852	1.644	-1.909	4.68049407e-10	7.120363e-11	-7.12037359e-11
1134.548	1.250	-1.052	6.89136484e-10	1.115470469e-10	-1.115471528e-10
1136.965	1.091	-1.167	7.47843914e-10	1.114820949e-10	-1.114822361e-10
1139.658	1.287	-1.602	5.75524846e-10	8.75537781e-11	-8.7553884e-11
1142.398	1.256	-1.453	6.13696148e-10	9.33606987e-11	-9.33608046e-11
1145.276	1.401	-1.621	5.50121201e-10	8.36890988e-11	-8.36892047e-11
1148.039	1.500	-1.361	5.81261802e-10	8.84265353e-11	-8.84266412e-11
1151.039	1.113	-1.500	6.4601118e-10	9.63017182e-11	-9.63018594e-11
1153.482	1.224	-1.331	6.60868244e-10	9.85164755e-11	-9.85166167e-11
1156.233	1.332	-1.527	5.90540407e-10	8.80326226e-11	-8.80327638e-11
1158.967	1.356	-1.401	6.03050374e-10	9.174117e-11	-9.17413112e-11
1161.577	1.516	-1.254	6.09582639e-10	9.08713074e-11	-9.08714133e-11
1164.521	1.650	-1.428	5.48631894e-10	8.17852992e-11	-8.17854051e-11
1167.400	1.431	-1.229	6.34867676e-10	9.46405708e-11	-9.4640712e-11
1170.478	1.623	-1.647	5.08562158e-10	7.73667982e-11	-7.73669041e-11
1173.271	1.354	-1.170	6.58670113e-10	1.002025094e-10	-1.002026506e-10
1176.542	1.345	-1.917	5.02098728e-10	7.79643213e-11	-7.79644272e-11
1179.484	1.403	-1.597	5.54365673e-10	8.43348417e-11	-8.43349829e-11
1182.410	1.586	-1.524	5.42895291e-10	8.09300861e-11	-8.0930192e-11
1186.250	1.942	-2.254	3.8423344e-10	6.09090204e-11	-6.0909091e-11
1189.944	2.120	-1.753	4.35918288e-10	6.49828875e-11	-6.49829934e-11
1194.102	1.528	-2.038	4.73578446e-10	7.05969289e-11	-7.05970348e-11
1197.039	1.545	-1.408	5.63097481e-10	8.5663216e-11	-8.56633219e-11
1200.304	1.635	-1.720	5.03212796e-10	7.5014618e-11	-7.50146886e-11
1203.479	1.994	-1.540	4.77934819e-10	7.12464136e-11	-7.12464842e-11
1207.173	1.793	-1.701	4.83297948e-10	7.2045888e-11	-7.20459939e-11
1210.667	1.778	-1.701	4.78197098e-10	7.27474402e-11	-7.27475461e-11
1214.188	1.811	-1.744	4.53546755e-10	7.18966396e-11	-7.18967102e-11
1217.816	1.674	-1.816	4.83755789e-10	7.21140876e-11	-7.21141935e-11
1221.536	2.087	-2.046	3.9008971e-10	6.18373398e-11	-6.18374457e-11
1225.665	2.347	-2.042	3.79018924e-10	5.76596201e-11	-5.76596907e-11
1229.805	1.620	-1.792	4.87507826e-10	7.41638527e-11	-7.41639586e-11
1233.393	1.575	-1.969	4.69428225e-10	7.14134532e-11	-7.14135238e-11
1236.481	1.770	-1.512	5.14697651e-10	7.67266327e-11	-7.67267739e-11
1239.918	1.445	-1.667	5.42952477e-10	8.09386287e-11	-8.09387699e-11
1243.216	1.874	-1.853	4.39592665e-10	6.82586216e-11	-6.82586922e-11
1246.970	2.068	-1.880	4.1482795e-10	6.44132161e-11	-6.44132867e-11
1250.802	1.892	-1.764	4.54905805e-10	6.92041674e-11	-6.9204238e-11
1254.337	1.725	-1.643	4.93832527e-10	7.51259895e-11	-7.51261307e-11
1257.523	1.603	-1.461	5.42876935e-10	8.25870681e-11	-8.25872093e-11
1260.752	1.752	-1.626	4.99821172e-10	7.45090161e-11	-7.4509122e-11
1264.126	1.421	-1.622	5.46690394e-10	8.31671883e-11	-8.31672942e-11
1267.474	1.840	-1.928	4.4131354e-10	6.7136364e-11	-6.71364346e-11
1271.246	2.344	-1.932	3.7704283e-10	5.97691481e-11	-5.97692187e-11
1275.481	1.325	-1.891	5.24887702e-10	7.82456623e-11	-7.82457682e-11
1278.584	1.963	-1.777	3.90162075e-10	7.03362384e-11	-7.0336309e-11
1282.439	1.635	-1.893	4.42464673e-10	7.31456948e-11	-7.31457654e-11
1285.884	1.738	-1.810	4.75928014e-10	7.09472108e-11	-7.09472814e-11
1289.388	1.684	-1.766	4.82108338e-10	7.33424217e-11	-7.33424923e-11
1292.539	1.748	-1.467	5.25253057e-10	7.83002008e-11	-7.83003067e-11
1296.040	1.533	-1.753	5.13881162e-10	7.66049183e-11	-7.66050242e-11
1299.454	1.542	-1.881	4.93245841e-10	7.3528841e-11	-7.35289116e-11
1302.687	1.666	-1.692	4.9532254e-10	7.53527214e-11	-7.5352792e-11
1306.507	1.900	-2.154	4.16408331e-10	6.20745205e-11	-6.20745911e-11
1310.209	1.328	-1.802	5.39506844e-10	8.04249784e-11	-8.04250843e-11
1313.244	1.895	-1.707	4.47430324e-10	7.09270192e-11	-7.09270898e-11
1317.421	1.619	-2.281	4.26404938e-10	6.4868339e-11	-6.48684096e-11
1321.129	2.216	-2.089	3.86296725e-10	5.8766734e-11	-5.87668046e-11
1324.794	1.811	-1.448	3.454111707e-10	6.30632029e-11	-6.30632735e-11
1328.705	1.836	-2.101	4.28908767e-10	6.39380075e-11	-6.39380781e-11
1332.532	2.002	-1.990	4.22918357e-10	6.30449881e-11	-6.3045094e-11
1336.063	1.574	-1.529	5.44165032e-10	8.11194e-11	-8.11195059e-11
1339.478	2.102	-1.841	4.21796876e-10	6.41673516e-11	-6.41674575e-11
1343.178	1.611	-1.599	5.26053308e-10	7.84194442e-11	-7.84195501e-11
1346.852	2.152	-2.063	4.00592166e-10	5.97167982e-11	-5.97169041e-11
1350.857	1.808	-1.853	4.54171565e-10	6.90924782e-11	-6.90925488e-11
1354.147	1.818	-1.482	5.11600076e-10	7.62648734e-11	-7.62649793e-11
1357.706	2.368	-1.740	4.11007431e-10	6.12694334e-11	-6.1269504e-11
1362.087	1.504	-2.013	3.12772473e-10	5.88738695e-11	-5.88739048e-11
1365.717	2.085	-2.126	3.94878861e-10	6.00723751e-11	-6.00724457e-11
1369.279	1.681	-1.477	5.18509345e-10	8.05125224e-11	-8.0512593e-11
1373.195	1.997	-2.235	3.98869879e-10	5.94600613e-11	-5.94601319e-11
1376.887	1.677	-1.694	4.78049897e-10	7.57808398e-11	-7.57809104e-11
1380.442	1.739	-1.878	3.111515676e-10	5.680829e-11	-5.68083253e-11
1384.063	2.489	-1.882	3.80413627e-10	5.78717731e-11	-5.78718437e-11
1388.594	2.216	-2.042	3.96619151e-10	5.91245701e-11	-5.91246407e-11
1393.038	2.213	-2.228	3.802516e-10	5.66845988e-11	-5.66846694e-11
1397.041	1.515	-1.790	3.518948629e-10	6.32022143e-11	-6.32022849e-11
4884.001	17.185	-17.918	6.57880099e-11	1.487163937e-11	-1.487163937e-11
4919.726	21.576	-18.541	5.80725242e-11	1.304593749e-11	-1.304593749e-11
4962.027	19.393	-20.725	6.4624416e-11	1.38755122e-11	-1.38755122e-11
5003.793	17.744	-22.374	6.20784741e-11	1.364713885e-11	-1.364713885e-11
5037.828	13.797	-16.291	8.32102543e-11	1.831986339e-11	-1.831986339e-11
5063.780	15.426	-12.155	8.54252587e-11	1.922057113e-11	-1.922057113e-11
5096.998	17.310	-17.792	6.74610887e-11	1.517865759e-11	-1.517865759e-11
5136.097	25.850	-21.789	4.98371401e-11	1.119587155e-11	-1.119587155e-11
5183.128	18.936	-21.181	6.21153979e-11	1.359474306e-11	-1.359474306e-11
5223.364	16.311	-21.299	6.95305512e-11	1.492891009e-11	-1.492891009e-11
5262.603	17.189	-22.928	5.93791537e-11	1.338105098e-11	-1.338105098e-11
5296.961	15.426	-17.169	7.27717619e-11	1.629746991e-11	-1.629746991e-11
5345.062	24.994	-32.675	5.01972354e-11	1.02862435e-11	-1.02862435e-11
5390.779	21.901	-20.724	6.18095234e-11	1.327113384e-11	-1.327113384e-11
5433.355	19.442	-20.675	5.92299759e-11	1.332667133e-11	-1.332667133e-11
5480.981	21.963	-28.184	4.72320354e-11	1.062714619e-11	-1.062714619e-11
5526.147	26.944	-23.203	4.96518504e-11	1.089913269e-11	-1.089913269e-11
5583.152	27.607	-30.061	4.18576104e-11	9.43258713e-12	-9.43258713e-12
5640.831	22.582	-30.071	4.53154219e-11	1.018007522e-11	-1.018007522e-11
5685.514	15.509	-22.101	6.98555936e-11	1.493526056e-11	-1.493526056e-11
5722.570	28.599	-21.547	4.71810269e-11	1.064881333e-11	-1.064881333e-11
5779.733	21.583	-28.564	4.7652529e-11	1.067193483e-11	-1.067193483e-11
5832.759	23.718	-31.443	4.29905992e-11	9.67283187e-12	-9.67283187e-12
5889.156	35.018	-32.679	3.498463333e-11	7.93321257e-12	-7.93321257e-12
5935.930	15.825	-11.756	9.07824926e-11	1.983958487e-11	-1.983958487e-11
5976.753	20.134	-24.998	5.56631227e-11	1.216460945e-11	-1.216460945e-11
6030.343	24.212	-33.456	4.12723364e-11	9.34437949e-12	-9.34437949e-12
6086.358	23.358	-31.803	4.5679259e-11	1.005690646e-11	-1.005690646e-11
6135.304	24.559	-25.588	4.94859404e-11	1.089499906e-11	-1.089499906e-11
6187.588	19.914	-27.725	5.80274461e-11	1.214857266e-11	-1.214857266e-11
6230.546	19.580	-23.044	6.44441036e-11	1.351020309e-11	-1.351020309e-11
6280.445	24.843	-30.318	4.33393632e-11	9.73614595e-12	-9.73614595e-12
6336.477	31.494	-31.189	3.77354882e-11	8.49044072e-12	-8.49044072e-12
6395.531	25.094	-27.560	4.52752505e-11	1.017104901e-11	-1.017104901e-11
6442.542	28.229	-21.917	4.74580966e-11	1.066142249e-11	-1.066142249e-11
6487.311	21.070	-16.540	6.3392446e-11	1.424105782e-11	-1.424105782e-11
6535.577	17.936	-27.196	5.2804564e-11	1.188096336e-11	-1.188096336e-11
6589.028	37.197	-35.515	3.60005638e-11	7.72967983e-12	-7.72967983e-12
6661.726	24.675	-35.501	4.16511407e-11	9.14289062e-12	-9.14289062e-12
6718.604	20.450	-32.203	4.53554874e-11	1.018907319e-11	-1.018907319e-11
6777.624	39.138	-38.569	4.59910286e-11	8.41412565e-12	-8.41412565e-12
12371.550	28.487	-26.674	2.523767146e-11	5.53610606e-12	-5.53610606e-12
12439.118	51.183	-39.081	1.458819096e-11	3.279930917e-12	-3.279930917e-12
12514.238	26.209	-23.937	2.623068517e-11	5.88679391e-12	-5.88679391e-12
12570.271	35.367	-29.824	2.092106391e-11	4.71240527e-12	-4.71240527e-12
12631.837	21.439	-26.200	2.918963707e-11	6.36970144e-12	-6.36970144e-12
12681.223	34.737	-27.947	2.096669975e-11	4.70542999e-12	-4.70542999e-12
12756.285	29.879	-40.326	2.067636431e-11	4.43021001e-12	-4.43021001e-12
12820.582	40.798	-34.417	2.961491735e-11	5.10076528e-12	-5.10076528e-12
35139.875	39.500	-43.241	9.61636599e-12	2.158243765e-12	-2.158243765e-12
35222.526	44.606	-43.151	9.46250388e-12	2.069733957e-12	-2.069733957e-12
35340.832	49.158	-73.701	6.37714268e-12	1.440133041e-12	-1.440133041e-12
35445.013	40.256	-55.022	8.29146521e-12	1.854027659e-12	-1.854027659e-12
35531.646	38.871	-46.378	9.23631207e-12	2.072945904e-12	-2.072945904e-12
35610.856	37.388	-40.339	1.112127206e-11	2.384384743e-12	-2.384384743e-12
35709.167	71.960	-60.922	7.70444033e-12	1.51526309e-12	-1.51526309e-12
51695.371	107.340	-113.303	3.5542158e-12	8.07644232e-13	-8.07644232e-13
51889.816	83.393	-87.105	4.5800338e-12	1.038154997e-12	-1.038154997e-12
52057.676	96.060	-84.467	4.32299685e-12	9.798927e-13	-9.798927e-13
52272.803	84.025	-119.068	2.864705842e-12	7.54492316e-13	-7.54492316e-13
52438.296	71.479	-81.467	5.1404566e-12	1.157976964e-12	-1.157976964e-12
52592.570	107.761	-82.795	3.037871051e-12	8.05480695e-13	-8.05480695e-13
52854.070	147.130	-153.740	4.96361772e-12	8.13090669e-13	-8.13090669e-13
56828.726	122.649	-108.025	3.023884485e-12	7.89130441e-13	-7.89130441e-13
57042.373	79.500	-90.998	5.33302869e-12	1.194401269e-12	-1.194401269e-12
57243.941	113.620	-122.068	3.78668395e-12	8.59023735e-13	-8.59023735e-13
57491.164	109.607	-133.603	3.68103458e-12	8.2903815e-13	-8.2903815e-13
57732.518	111.463	-131.747	2.774594826e-12	7.24850906e-13	-7.24850906e-13
57942.991	114.113	-99.009	3.143448409e-12	8.23863523e-13	-8.23863523e-13
58165.520	84.647	-108.416	4.65483803e-12	1.050881353e-12	-1.050881353e-12
58421.229	174.933	-171.062	2.703628412e-12	5.99053355e-13	-5.99053355e-13
67808.391	135.555	-140.251	2.382009406e-12	6.29235914e-13	-6.29235914e-13
68074.509	152.766	-130.562	2.363231924e-12	6.19301435e-13	-6.19301435e-13
68383.773	134.353	-156.497	2.309121613e-12	6.08150165e-13	-6.08150165e-13
68655.245	78.511	-137.119	3.11886443e-12	8.18135039e-13	-8.18135039e-13
68846.804	122.640	-113.049	2.847076669e-12	7.44612905e-13	-7.44612905e-13
69112.878	195.054	-143.434	1.998034715e-12	5.22557902e-13	-5.22557902e-13
69433.680	142.515	-125.748	3.54637567e-12	7.83217691e-13	-7.83217691e-13
73625.296	120.461	-122.751	2.468387447e-12	6.48264026e-13	-6.48264026e-13
73883.536	97.910	-137.780	2.545293792e-12	6.6541912e-13	-6.6541912e-13
74137.780	114.458	-156.334	2.206084443e-12	5.83377331e-13	-5.83377331e-13
74399.379	101.084	-147.141	2.385415856e-12	6.30799704e-13	-6.30799704e-13
74627.895	80.676	-127.432	2.848213329e-12	7.49730699e-13	-7.49730699e-13
75905.145	3631.189	-1196.573	1.797935959e-12	3.012991611e-13	-3.012991611e-13
122832.511	2887.619	-1776.590	1.064128031e-12	1.951531907e-13	-1.951531907e-13
131302.838	597.591	-530.694	8.80695464e-13	1.927302693e-13	-1.927302693e-13
137291.723	581.372	-802.658	8.6264375e-13	1.657968282e-13	-1.657968282e-13
371742.220	115959.743	-49777.690	8.42796325e-14	2.078856889e-14	-2.078856889e-14
767183.168	253675.859	-182347.472	1.924849696e-14	7.60139963e-15	-6.35514725e-15