Time	T_+ve	T_-ve	Flux	Fluxpos	Fluxneg
137.401689696773	0.37603232109538	-0.789392715063599	3.2401270789972e-08	3.9509157574313e-09	-3.94764466767563e-09
138.142661028694	0.40898295572714	-0.36493901082585	6.698518747426e-08	6.64165397041291e-09	-6.63520272571134e-09
138.984074517106	0.435771497973235	-0.432430532684748	6.0023505614823e-08	5.95001235573926e-09	-5.94356033668478e-09
139.827463302938	0.542454702631005	-0.407617287859011	5.51125309704099e-08	5.45856126729992e-09	-5.45697472008013e-09
140.920116485323	0.558216527838141	-0.550198479753846	4.6879162795608e-08	4.64403566881093e-09	-4.6417601877238e-09
142.08668733045	0.471444679159021	-0.608354317288985	4.84470079635966e-08	4.79889461279718e-09	-4.79702353300427e-09
143.150183341301	0.587529654808236	-0.592051331691778	4.52019682550211e-08	4.4792900360397e-09	-4.47624065163872e-09
144.403822351354	0.816834639650835	-0.666109355245169	4.95987682968148e-08	4.245727472288e-09	-4.30711611120329e-09
150.682	0.253	-0.270	2.645305286e-08	3.260213718e-09	-3.244540956e-09
151.193	0.244	-0.257	2.962307372e-08	3.54890124e-09	-3.50428454e-09
151.676	0.277	-0.239	2.721569568e-08	3.335849664e-09	-3.313274894e-09
152.280	0.322	-0.327	2.044164886e-08	2.66523627e-09	-2.613344228e-09
152.885	0.322	-0.283	2.188977996e-08	2.883470234e-09	-2.839680474e-09
153.510	0.368	-0.303	2.032316462e-08	2.534151056e-09	-2.512109126e-09
154.248	0.402	-0.370	1.719131448e-08	2.21090367e-09	-2.198152186e-09
154.984	0.287	-0.334	2.151707568e-08	2.776583222e-09	-2.760359282e-09
155.581	0.293	-0.310	2.26012736e-08	2.81888622e-09	-2.794055876e-09
156.324	0.413	-0.450	1.579759534e-08	2.000384814e-09	-1.952188052e-09
157.170	0.465	-0.433	1.490687716e-08	1.935119872e-09	-1.884065496e-09
157.976	0.395	-0.340	1.774131262e-08	2.351642284e-09	-2.32088496e-09
158.835	0.417	-0.465	1.53126452e-08	1.925073416e-09	-1.913890696e-09
159.853	0.626	-0.600	1.08289177e-08	1.407683354e-09	-1.384584394e-09
160.870	0.405	-0.392	1.686445174e-08	2.141176366e-09	-2.107646544e-09
161.726	0.445	-0.450	1.473867618e-08	1.879045382e-09	-1.863052224e-09
162.496	0.248	-0.325	1.358065224e-08	1.753504818e-09	-1.722978276e-09
163.024	0.262	-0.281	1.158007678e-08	1.478944822e-09	-1.452427036e-09
163.526	0.265	-0.240	1.281499922e-08	1.62734699e-09	-1.583645114e-09
164.071	0.234	-0.280	1.234291336e-08	1.63510258e-09	-1.528886462e-09
164.643	0.273	-0.337	1.050230062e-08	1.38229941e-09	-1.284183152e-09
165.230	0.312	-0.314	9.73404568e-09	1.404442026e-09	-1.270301632e-09
165.911	0.310	-0.369	9.29453918e-09	1.253990846e-09	-1.172526184e-09
166.573	0.311	-0.351	9.30549354e-09	1.225616424e-09	-1.198785162e-09
167.158	0.289	-0.275	1.136366762e-08	1.4161953e-09	-1.388666156e-09
167.801	0.392	-0.353	8.59734918e-09	1.090158116e-09	-1.052131678e-09
168.590	0.383	-0.398	8.04538576e-09	1.079122446e-09	-1.009679554e-09
169.388	0.449	-0.414	7.3548874e-09	9.9580703e-10	-9.10741546e-10
170.276	0.473	-0.440	6.9535447e-09	9.27370652e-10	-8.61331016e-10
171.182	0.356	-0.432	8.0521639e-09	1.036802494e-09	-9.9793147e-10
171.953	0.345	-0.415	8.3538759e-09	1.065492122e-09	-1.035090832e-09
172.701	0.398	-0.404	7.91568766e-09	9.98561536e-10	-9.79955386e-10
173.435	0.368	-0.335	9.13299524e-09	1.147852924e-09	-1.116768976e-09
174.173	0.359	-0.370	8.71294432e-09	1.11527564e-09	-1.079931394e-09
174.979	0.498	-0.447	6.7275029e-09	8.76953608e-10	-8.33593926e-10
175.935	0.444	-0.458	6.97647412e-09	9.65726828e-10	-8.75081402e-10
176.782	0.445	-0.403	7.48910426e-09	9.87849722e-10	-9.27908682e-10
177.745	0.422	-0.518	6.56565448e-09	8.7168645e-10	-8.4638347e-10
178.624	0.350	-0.457	7.94611836e-09	9.92464324e-10	-9.7118048e-10
179.613	0.477	-0.639	5.69737786e-09	7.19118788e-10	-7.05354216e-10
180.534	0.373	-0.444	7.7061812e-09	9.87290586e-10	-9.66744068e-10
181.381	0.369	-0.474	4.87639252e-09	6.31989068e-10	-6.29825184e-10
182.047	0.242	-0.297	4.61832496e-09	5.60055668e-10	-5.60056014e-10
182.553	0.278	-0.265	4.52046924e-09	5.5226444e-10	-5.52264786e-10
183.097	0.257	-0.266	5.33941318e-09	6.16237764e-10	-6.1623811e-10
183.603	0.259	-0.248	4.7859931e-09	5.93277204e-10	-5.9327755e-10
184.156	0.291	-0.294	4.1907001e-09	5.11976892e-10	-5.11977238e-10
184.765	0.287	-0.318	4.07231274e-09	5.00975476e-10	-5.00975476e-10
185.301	0.260	-0.249	5.03662512e-09	6.01993636e-10	-6.01993982e-10
185.823	0.307	-0.262	4.30857192e-09	5.26377066e-10	-5.26377412e-10
186.391	0.246	-0.261	4.8376855e-09	5.91019208e-10	-5.91019554e-10
186.886	0.267	-0.249	3.355244348e-09	4.94241278e-10	-4.94241624e-10
187.414	0.264	-0.261	3.089100802e-09	4.70601174e-10	-4.70601174e-10
187.985	0.312	-0.307	3.91956412e-09	4.85873614e-10	-4.85873614e-10
188.569	0.278	-0.272	4.46194334e-09	5.45114696e-10	-5.45115042e-10
189.087	0.281	-0.240	4.65531582e-09	5.77078522e-10	-5.77078868e-10
189.685	0.307	-0.317	3.92803766e-09	4.79887468e-10	-4.79887814e-10
190.294	0.348	-0.301	3.7370076e-09	4.6324383e-10	-4.63244176e-10
190.909	0.288	-0.267	4.43779946e-09	5.4593783e-10	-5.45938176e-10
191.526	0.283	-0.329	4.0080467e-09	4.89662314e-10	-4.8966266e-10
192.158	0.272	-0.349	3.86605522e-09	4.86310612e-10	-4.86310612e-10
192.726	0.255	-0.296	4.40007854e-09	5.45438898e-10	-5.45439244e-10
193.296	0.371	-0.314	3.50452674e-09	4.40833756e-10	-4.40834102e-10
193.975	0.330	-0.309	2.579384674e-09	3.84512568e-10	-3.84512914e-10
194.576	0.299	-0.270	2.893750932e-09	4.31375846e-10	-4.31375846e-10
195.186	0.311	-0.311	2.6457755e-09	3.94409552e-10	-3.94409898e-10
195.800	0.225	-0.303	3.06823458e-09	4.67422126e-10	-4.67422472e-10
196.273	0.270	-0.248	3.131401378e-09	4.77045078e-10	-4.77045424e-10
196.908	0.306	-0.365	2.456234278e-09	3.661545e-10	-3.661545e-10
197.489	0.328	-0.275	2.644630586e-09	4.11811276e-10	-4.11811276e-10
198.131	0.297	-0.313	2.699705482e-09	4.02449208e-10	-4.02449208e-10
198.748	0.322	-0.321	2.48346517e-09	3.86715204e-10	-3.86715204e-10
199.476	0.266	-0.406	2.449733284e-09	3.65185354e-10	-3.65185354e-10
200.117	0.424	-0.375	2.062359296e-09	3.074389574e-10	-3.074390612e-10
200.877	0.231	-0.336	2.902822706e-09	4.32728014e-10	-4.3272836e-10
201.516	0.333	-0.407	2.19053984e-09	3.337121214e-10	-3.337122598e-10
202.183	0.265	-0.335	2.70405228e-09	4.11941718e-10	-4.11942064e-10
202.834	0.388	-0.386	2.095067714e-09	3.191677e-10	-3.191678038e-10
203.544	0.301	-0.322	2.704829396e-09	3.98806174e-10	-3.98806174e-10
204.095	0.344	-0.250	2.77278864e-09	4.1334371e-10	-4.1334371e-10
204.846	0.413	-0.407	2.053608956e-09	3.027887174e-10	-3.027888558e-10
205.499	0.276	-0.240	3.193482082e-09	4.76057248e-10	-4.76057248e-10
206.179	0.348	-0.404	2.189388698e-09	3.26375399e-10	-3.263755374e-10
206.888	0.348	-0.360	2.326910204e-09	3.46876072e-10	-3.46876072e-10
207.671	0.361	-0.436	2.067210908e-09	3.081621666e-10	-3.081622704e-10
208.481	0.377	-0.448	1.995929718e-09	2.975361952e-10	-2.97536299e-10
209.206	0.397	-0.348	2.210287098e-09	3.294907484e-10	-3.294908522e-10
209.982	0.531	-0.379	1.783510976e-09	2.717043542e-10	-2.71704458e-10
211.070	0.469	-0.557	1.605044522e-09	2.392663006e-10	-2.392664044e-10
212.005	0.391	-0.465	1.925385854e-09	2.870200788e-10	-2.870201826e-10
212.856	0.515	-0.460	1.694694852e-09	2.526306544e-10	-2.526307582e-10
213.909	0.637	-0.539	1.39052729e-09	2.165272844e-10	-2.165273536e-10
214.996	0.429	-0.450	1.92175839e-09	2.864793154e-10	-2.864794192e-10
215.876	0.416	-0.451	1.949424204e-09	2.906035316e-10	-2.906036354e-10
216.882	0.575	-0.590	1.449398152e-09	2.160638866e-10	-2.160639558e-10
218.086	0.633	-0.629	1.33899924e-09	1.996065696e-10	-1.996066388e-10
219.381	0.577	-0.663	1.36205322e-09	2.030432492e-10	-2.03043353e-10
220.475	0.501	-0.517	1.659704564e-09	2.47414566e-10	-2.474146698e-10
221.645	0.594	-0.669	1.315837654e-09	2.00457868e-10	-2.004579372e-10
222.649	0.389	-0.409	2.114366902e-09	3.151917794e-10	-3.151918832e-10
223.784	0.613	-0.746	1.230570452e-09	1.834429028e-10	-1.83442972e-10
224.897	0.607	-0.500	1.465630396e-09	2.232776406e-10	-2.232777098e-10
226.138	0.817	-0.634	1.117184176e-09	1.701944936e-10	-1.701945628e-10
227.710	0.575	-0.754	1.10199616e-09	1.920985426e-10	-1.920986118e-10
228.983	0.483	-0.698	1.3951066e-09	2.07970566e-10	-2.079706352e-10
230.250	0.945	-0.784	9.53056308e-10	1.420735166e-10	-1.420735512e-10
232.017	0.704	-0.822	1.062485728e-09	1.618616026e-10	-1.618616718e-10
233.402	0.701	-0.680	1.193766432e-09	1.779564846e-10	-1.779565192e-10
234.738	0.708	-0.636	1.227024644e-09	1.829143186e-10	-1.829143878e-10
236.178	0.692	-0.733	1.156589078e-09	1.724144296e-10	-1.724144642e-10
238.055	0.903	-1.184	7.77241598e-10	1.184068052e-10	-1.184068744e-10
239.713	0.649	-0.755	1.17418041e-09	1.750367982e-10	-1.750368674e-10
241.578	1.075	-1.216	7.19276564e-10	1.072236008e-10	-1.072236354e-10
243.884	1.080	-1.231	7.13185926e-10	1.063156276e-10	-1.063156622e-10
245.881	1.268	-0.917	7.54410442e-10	1.124610374e-10	-1.12461072e-10
248.070	0.875	-0.921	9.02644108e-10	1.37510953e-10	-1.375110222e-10
249.931	0.818	-0.986	9.13631338e-10	1.36196326e-10	-1.361963606e-10
252.011	1.385	-1.261	6.230076e-10	9.2872628e-11	-9.28726626e-11
254.641	0.802	-1.246	7.79260854e-10	1.213433418e-10	-1.213433764e-10
256.805	1.195	-1.362	5.72938286e-10	9.98738342e-11	-9.98738342e-11
259.432	1.652	-1.433	5.25834538e-10	8.01068888e-11	-8.01069234e-11
262.559	2.052	-1.474	4.52602946e-10	7.04774666e-11	-7.04775012e-11
266.140	1.972	-1.529	3.452570688e-10	6.01016186e-11	-6.01016186e-11
270.638	1.641	-2.526	3.89328888e-10	5.93112854e-11	-5.931132e-11
274.825	2.285	-2.545	2.057939146e-10	4.29348978e-11	-4.29348978e-11
278.820	2.520	-1.711	3.77229614e-10	5.87406276e-11	-5.87406622e-11
283.469	1.159	-2.129	3.453914206e-10	6.20342016e-11	-6.20342016e-11
286.792	2.613	-2.164	3.341129624e-10	5.20267052e-11	-5.20267398e-11
291.527	2.283	-2.122	2.376085108e-10	4.63279468e-11	-4.63279814e-11
296.288	2.418	-2.478	2.084198124e-10	4.20246064e-11	-4.20246064e-11
302.303	3.739	-3.597	1.498174118e-10	2.73528224e-11	-2.735282932e-11
310.768	2.808	-4.727	1.423754016e-10	2.685630548e-11	-2.685630894e-11
315.955	4.032	-2.379	1.63250412e-10	3.182991016e-11	-3.182991708e-11
329.451	7.296	-7.747	8.87628746e-11	1.98479786e-11	-1.98479786e-11
348.457	10.856	-11.709	6.05349144e-11	1.325637412e-11	-1.325637412e-11
380.939	26.014	-21.626	2.715870602e-11	6.14081838e-12	-6.14081838e-12
447.808	54.423	-40.855	1.36457556e-11	3.06826053e-12	-3.06826053e-12
560.393	37.116	-58.162	1.190129626e-11	2.620085346e-12	-2.620085346e-12
677.799	90.207	-80.290	6.8213208e-12	1.247742778e-12	-1.247742778e-12
4140.264	110.555	-74.987	3.393923688e-12	8.78932382e-13	-8.78932382e-13
4362.470	111.501	-111.651	3.74844982e-12	8.43215494e-13	-8.43215494e-13
4548.055	98.921	-74.084	4.79778824e-12	1.08578779e-12	-1.08578779e-12
4762.088	163.201	-115.112	2.846012966e-12	6.61760984e-13	-6.61760984e-13
5011.163	89.639	-85.874	4.77881014e-12	1.074995358e-12	-1.074995358e-12
5198.552	105.344	-97.750	3.090705896e-12	8.05230922e-13	-8.05230922e-13
5410.332	106.687	-106.436	3.90859938e-12	8.85224392e-13	-8.85224392e-13
5620.674	122.004	-103.655	2.74862746e-12	7.24107762e-13	-7.24107762e-13
5837.212	111.066	-94.534	3.04050787e-12	7.90564674e-13	-7.90564674e-13
6046.711	119.704	-98.433	2.861124862e-12	7.49179614e-13	-7.49179614e-13
6350.683	164.226	-184.268	2.001061936e-12	4.96669852e-13	-4.96669852e-13
9927.316	288.174	-215.797	4.24659294e-12	9.55837802e-13	-9.55837802e-13
10518.809	303.453	-303.319	3.57797216e-12	8.08345268e-13	-8.08345268e-13
11139.500	535.235	-317.238	2.665696104e-12	5.9140223e-13	-5.9140223e-13
13765.771	3485.633	-1860.847	1.701893036e-12	3.5502022e-13	-3.5502022e-13
31419.789	3836.513	-2751.229	7.25606634e-13	1.407230786e-13	-1.407230786e-13
114520.986	34728.621	-23999.622	1.489712342e-13	3.85290376e-14	-3.85290376e-14
230306.985	68943.103	-47541.022	7.85035594e-14	2.085947846e-14	-2.085947846e-14
375883.594	71745.542	-26820.198	4.55432188e-14	1.871979716e-14	-1.51334691e-14