Time	T_+ve	T_-ve	Flux	Fluxpos	Fluxneg
59.0769036704243	0.485252308358369	-0.475421772696329	1.36859341906732e-07	1.35531317727461e-08	-1.35511326904793e-08
60.0936637173413	0.609022251637647	-0.53150773855856	1.16641183715927e-07	1.15501313594089e-08	-1.15491982552226e-08
61.7216219655879	0.960287953197231	-1.01893599660897	1.24119825579139e-07	9.10272210656405e-09	-9.10091413866618e-09
68.117	0.426	-0.400	1.133860896e-07	1.185920568e-08	-1.16559702e-08
68.899	0.399	-0.357	1.216190052e-07	1.303470252e-08	-1.27750392e-08
69.742	0.415	-0.444	1.05577668e-07	1.152912852e-08	-1.127415996e-08
70.720	0.420	-0.563	9.2510586e-08	1.01013696e-08	-9.9257886e-09
71.515	0.381	-0.375	1.20529458e-07	1.29069612e-08	-1.279029528e-08
72.380	0.545	-0.484	8.7425352e-08	9.48880548e-09	-9.43545456e-09
73.441	0.460	-0.517	9.33078636e-08	9.95794128e-09	-9.91035108e-09
74.354	0.467	-0.453	9.9081738e-08	1.057467096e-08	-1.052339148e-08
75.273	0.473	-0.452	9.49566996e-08	1.058905764e-08	-1.053492804e-08
76.273	0.464	-0.527	9.07212096e-08	9.84840444e-09	-9.79055532e-09
77.330	0.426	-0.593	6.859487376e-08	8.53078716e-09	-8.49946608e-09
78.253	0.549	-0.497	8.84284884e-08	9.37680408e-09	-9.34384248e-09
79.265	0.450	-0.463	6.860628936e-08	8.95850172e-09	-8.93677428e-09
80.230	0.478	-0.515	8.9698266e-08	9.95869728e-09	-9.89321256e-09
81.277	0.470	-0.569	8.66308716e-08	9.66403116e-09	-9.49965408e-09
82.301	0.530	-0.554	8.25702444e-08	9.25330392e-09	-9.06075072e-09
83.401	0.555	-0.571	7.64938944e-08	8.92489752e-09	-8.77779504e-09
84.487	0.652	-0.530	6.806850876e-08	7.97384196e-09	-7.9541028e-09
85.580	0.426	-0.442	7.023655044e-08	9.18367632e-09	-9.1584864e-09
86.566	0.577	-0.560	7.86937032e-08	8.686251e-09	-8.63249184e-09
87.636	0.652	-0.492	7.78420692e-08	8.65547424e-09	-8.58270168e-09
88.806	0.393	-0.519	6.476639148e-08	8.78313996e-09	-8.72215344e-09
89.766	0.528	-0.566	8.34063804e-08	8.997156e-09	-8.85358404e-09
90.759	0.453	-0.465	6.592664736e-08	8.6763474e-09	-8.59156956e-09
91.740	0.520	-0.528	8.59098744e-08	9.4467114e-09	-9.27130428e-09
92.814	0.473	-0.554	7.154452116e-08	8.56575216e-09	-8.44426296e-09
93.689	0.521	-0.402	6.688278324e-08	8.53169436e-09	-8.5146768e-09
94.723	0.606	-0.513	6.901424964e-08	8.16705288e-09	-8.12898828e-09
95.797	0.418	-0.468	6.877410624e-08	9.0492444e-09	-8.89478604e-09
96.732	0.680	-0.517	7.110291132e-08	8.05376628e-09	-7.86429756e-09
97.939	0.566	-0.527	8.39189484e-08	9.06691212e-09	-8.86514328e-09
98.970	0.520	-0.465	6.223971852e-08	8.10196128e-09	-7.98387408e-09
100.006	0.395	-0.516	6.645314088e-08	8.94976992e-09	-8.80786116e-09
101.048	0.524	-0.647	5.142131316e-08	6.916739256e-09	-6.86838096e-09
102.292	0.584	-0.720	4.551973524e-08	6.244188804e-09	-6.183612792e-09
103.428	0.635	-0.552	4.931914932e-08	6.851808684e-09	-6.81308712e-09
104.599	0.467	-0.536	5.999152572e-08	8.05348656e-09	-8.0135244e-09
105.570	0.417	-0.504	6.6225789e-08	8.76182076e-09	-8.70301908e-09
106.462	0.422	-0.474	6.713342748e-08	9.06295824e-09	-8.96900256e-09
107.366	0.428	-0.481	6.851191788e-08	8.84435328e-09	-8.81273736e-09
108.293	0.534	-0.499	5.864043276e-08	7.83640872e-09	-7.82552988e-09
109.410	0.565	-0.583	5.330044944e-08	7.10827866e-09	-7.095864384e-09
110.525	0.542	-0.551	5.591673108e-08	7.389391968e-09	-7.346315844e-09
111.624	0.602	-0.557	7.367213196e-08	7.99755012e-09	-7.99130556e-09
112.709	0.474	-0.483	6.164815608e-08	8.49635136e-09	-8.48448216e-09
113.687	0.554	-0.504	5.692790376e-08	7.65539208e-09	-7.6429332e-09
114.846	0.514	-0.605	5.4972162e-08	7.22934072e-09	-7.217826084e-09
115.967	0.621	-0.607	4.840908408e-08	6.627227544e-09	-6.62398506e-09
117.128	0.741	-0.540	4.639158468e-08	6.353154864e-09	-6.345093636e-09
118.533	0.618	-0.664	4.567558464e-08	6.358925412e-09	-6.352718652e-09
119.775	0.732	-0.624	4.414301388e-08	5.999845068e-09	-5.998949964e-09
121.289	0.707	-0.782	4.21253028e-08	5.543807724e-09	-5.535066096e-09
122.542	0.460	-0.546	6.187059396e-08	8.2772928e-09	-8.269695e-09
123.597	0.577	-0.595	5.194825272e-08	7.118842248e-09	-7.10642268e-09
124.672	0.580	-0.498	5.808230064e-08	7.70173488e-09	-7.6855716e-09
125.885	0.739	-0.633	4.440262428e-08	6.091229592e-09	-6.10618176e-09
127.301	0.828	-0.677	3.932622036e-08	5.57978652e-09	-5.597803512e-09
128.596	0.533	-0.467	5.962867596e-08	8.407854e-09	-8.49909564e-09
129.809	0.816	-0.680	4.127955804e-08	5.653854864e-09	-5.957053956e-09
131.326	0.571	-0.701	4.344344928e-08	6.2123544e-09	-7.28375004e-09
132.229	0.273	-0.332	4.457099304e-08	6.058556028e-09	-5.914669572e-09
132.795	0.269	-0.293	4.998450492e-08	6.471100692e-09	-6.300396648e-09
133.358	0.306	-0.293	4.725021924e-08	6.051645432e-09	-5.89734432e-09
134.078	0.355	-0.414	3.567341736e-08	4.721130792e-09	-4.633479396e-09
134.857	0.380	-0.425	3.182508252e-08	4.591284768e-09	-4.50297792e-09
135.545	0.350	-0.308	4.026411396e-08	5.627473488e-09	-5.45360634e-09
136.340	0.450	-0.445	3.063724776e-08	4.078940544e-09	-3.98153448e-09
137.147	0.328	-0.357	4.132051812e-08	5.346939276e-09	-5.215876848e-09
137.813	0.296	-0.339	4.316670792e-08	5.857832736e-09	-5.612159952e-09
138.427	0.275	-0.317	4.512294108e-08	6.327302688e-09	-6.059558484e-09
139.030	0.286	-0.328	4.541132484e-08	6.031533564e-09	-5.78076534e-09
139.695	0.306	-0.379	3.93614046e-08	5.452565328e-09	-5.226813144e-09
140.258	0.325	-0.257	4.751897724e-08	6.438256272e-09	-6.128988012e-09
140.913	0.296	-0.330	4.487252364e-08	5.89056678e-09	-5.652276336e-09
141.555	0.307	-0.346	4.29991254e-08	5.76423918e-09	-5.495143248e-09
142.196	0.327	-0.334	4.04142858e-08	5.549366592e-09	-5.309930052e-09
142.944	0.374	-0.420	3.30750378e-08	4.53808656e-09	-4.35036798e-09
143.738	0.382	-0.421	3.355658712e-08	4.438301364e-09	-4.231911852e-09
144.489	0.344	-0.369	3.774131928e-08	4.977068544e-09	-4.757615352e-09
145.129	0.216	-0.296	5.618861136e-08	7.130675916e-09	-6.801439428e-09
145.668	0.352	-0.322	4.021767288e-08	5.303034576e-09	-5.078891916e-09
146.317	0.306	-0.297	4.500523944e-08	5.888187648e-09	-5.615514324e-09
146.915	0.275	-0.292	4.66718112e-08	6.307771428e-09	-6.012643392e-09
147.555	0.346	-0.364	3.73140054e-08	5.016354084e-09	-4.798901268e-09
148.318	0.436	-0.418	2.973848472e-08	4.21013376e-09	-4.035786552e-09
149.048	0.317	-0.293	4.412235996e-08	5.842580436e-09	-5.567916564e-09
149.654	0.262	-0.290	4.842294912e-08	6.488788068e-09	-6.178403196e-09
150.305	0.360	-0.389	3.56559084e-08	4.770630648e-09	-4.547098836e-09
150.955	0.372	-0.290	4.035246768e-08	5.38208118e-09	-5.140925496e-09
151.743	0.475	-0.416	3.0207492e-08	3.982122648e-09	-3.806920404e-09
152.514	0.432	-0.296	3.700236708e-08	4.845482964e-09	-4.659984e-09
153.307	0.367	-0.361	3.796245684e-08	4.968570348e-09	-4.739089572e-09
154.148	0.554	-0.474	2.599763796e-08	3.5329581e-09	-3.379285224e-09
155.121	0.540	-0.419	2.81106504e-08	3.765986028e-09	-3.613462272e-09
156.202	0.462	-0.541	2.730860244e-08	3.612293496e-09	-3.443180832e-09
157.083	0.458	-0.419	3.149470296e-08	4.129333236e-09	-3.931380684e-09
158.101	0.455	-0.559	2.699493048e-08	3.614604588e-09	-3.446939664e-09
158.837	0.267	-0.281	5.000538564e-08	6.597626364e-09	-6.30056826e-09
159.566	0.473	-0.463	2.928069648e-08	3.836579796e-09	-3.687353712e-09
160.552	0.493	-0.513	2.65958154e-08	3.572062956e-09	-3.454656156e-09
161.582	0.402	-0.537	2.916978372e-08	3.844676556e-09	-3.674600748e-09
162.513	0.483	-0.529	2.574991188e-08	3.6090684e-09	-3.455983692e-09
163.449	0.536	-0.453	2.53245636e-08	3.648181572e-09	-3.542210784e-09
164.427	0.524	-0.442	2.785962816e-08	3.667796748e-09	-3.50896644e-09
165.422	0.378	-0.471	3.017000196e-08	4.194393084e-09	-4.04365878e-09
166.148	0.352	-0.348	3.911794236e-08	4.959790164e-09	-4.827338208e-09
166.967	0.461	-0.467	2.850999228e-08	3.761089416e-09	-3.664715292e-09
167.855	0.479	-0.427	2.972058264e-08	3.901864932e-09	-3.744115704e-09
168.702	0.364	-0.369	3.612181608e-08	4.860915192e-09	-4.646586924e-09
169.558	0.399	-0.491	3.050171964e-08	3.956716512e-09	-3.802293684e-09
170.456	0.473	-0.500	2.698301592e-08	3.624919452e-09	-3.504593736e-09
171.581	0.552	-0.651	2.201522652e-08	2.933891604e-09	-2.829850128e-09
172.610	0.486	-0.478	2.76844932e-08	3.632758416e-09	-3.522397536e-09
173.661	0.713	-0.564	1.970445204e-08	2.795896656e-09	-2.697448824e-09
174.925	0.399	-0.551	2.7685476e-08	3.739816332e-09	-3.595673592e-09
175.780	0.533	-0.456	2.658998664e-08	3.59254602e-09	-3.453395904e-09
176.927	0.548	-0.614	2.282822136e-08	3.04976826e-09	-2.934506232e-09
177.904	0.428	-0.429	3.169334952e-08	4.14540126e-09	-3.953457396e-09
178.848	0.461	-0.516	2.782530576e-08	3.644170992e-09	-3.4721379e-09
179.729	0.384	-0.420	3.189175416e-08	4.42112202e-09	-4.274046756e-09
180.583	0.533	-0.470	2.664934776e-08	3.509500932e-09	-3.390972228e-09
181.658	0.546	-0.541	2.319012612e-08	3.296380752e-09	-3.174975468e-09
182.609	0.465	-0.405	3.092921496e-08	4.164166692e-09	-3.991945356e-09
183.640	0.617	-0.566	2.223163152e-08	3.022509168e-09	-2.890193292e-09
184.802	0.441	-0.545	2.627026668e-08	3.620702484e-09	-3.483846072e-09
185.827	0.535	-0.584	2.397406032e-08	3.137703156e-09	-3.050169696e-09
187.022	0.437	-0.661	2.363935644e-08	3.204306756e-09	-3.134908224e-09
187.902	0.458	-0.443	2.906930376e-08	3.941686476e-09	-3.815425404e-09
189.131	0.696	-0.772	1.797874596e-08	2.443398048e-09	-2.337728904e-09
190.472	0.661	-0.645	2.054416392e-08	2.732976288e-09	-2.61454284e-09
191.590	0.504	-0.457	2.815300908e-08	3.720681216e-09	-3.54869802e-09
192.786	0.666	-0.692	1.976310252e-08	2.637947844e-09	-2.517766524e-09
193.960	0.478	-0.509	2.739263184e-08	3.624582276e-09	-3.455147556e-09
195.204	0.649	-0.765	1.887435648e-08	2.527138656e-09	-2.426209632e-09
196.378	0.662	-0.525	2.33155314e-08	3.024772632e-09	-2.906816976e-09
197.672	0.584	-0.633	2.218662684e-08	2.962800288e-09	-2.852082576e-09
198.854	0.726	-0.597	2.039738652e-08	2.739675204e-09	-2.622765096e-09
200.139	0.475	-0.558	2.612013264e-08	3.523450644e-09	-3.362858856e-09
201.071	0.545	-0.457	2.584293012e-08	3.625073676e-09	-3.500640612e-09
202.195	0.483	-0.579	2.604900816e-08	3.418600248e-09	-3.253573008e-09
203.110	0.521	-0.432	2.83132206e-08	3.79570968e-09	-3.639768804e-09
204.199	0.409	-0.568	2.764235376e-08	3.70370448e-09	-3.55330206e-09
205.158	0.643	-0.549	2.30236776e-08	3.021957288e-09	-2.899409688e-09
206.263	0.642	-0.463	2.4953292e-08	3.203469108e-09	-3.110722272e-09
207.464	0.564	-0.559	2.422264824e-08	3.141235944e-09	-3.050506872e-09
208.711	0.691	-0.683	1.99592694e-08	2.577030876e-09	-2.488107132e-09
210.017	0.605	-0.615	2.244003804e-08	2.9740284e-09	-2.836328292e-09
211.339	0.706	-0.717	1.92603852e-08	2.525404392e-09	-2.404304532e-09
212.675	0.575	-0.630	2.27596824e-08	2.961533232e-09	-2.838127572e-09
213.941	0.603	-0.692	2.048365368e-08	2.748457656e-09	-2.660385924e-09
215.037	0.641	-0.492	2.20469256e-08	3.195860724e-09	-3.085138476e-09
216.204	0.554	-0.526	2.517981984e-08	3.336054876e-09	-3.178028196e-09
217.396	0.593	-0.639	2.156601888e-08	2.962509228e-09	-2.834996976e-09
218.685	0.685	-0.696	1.908996768e-08	2.650976748e-09	-2.536224264e-09
220.031	0.469	-0.661	2.332947204e-08	3.239646732e-09	-3.100118616e-09
221.190	0.701	-0.690	1.7982216e-08	2.64620412e-09	-2.546626824e-09
222.611	0.710	-0.720	1.856330784e-08	2.5782624e-09	-2.470000932e-09
223.993	0.683	-0.672	2.00990538e-08	2.672763912e-09	-2.558099124e-09
225.300	0.578	-0.623	2.231796672e-08	3.043002816e-09	-2.90426472e-09
226.412	0.674	-0.534	2.255562288e-08	2.990077524e-09	-2.869642188e-09
227.635	0.570	-0.550	2.396925972e-08	3.222858996e-09	-3.082741956e-09
228.913	0.757	-0.709	1.755680724e-08	2.453728788e-09	-2.355417792e-09
230.311	0.548	-0.641	2.097273276e-08	2.771175456e-09	-2.644396524e-09
231.453	0.440	-0.594	1.489198284e-08	1.95407478e-09	-1.84517298e-09
232.315	0.357	-0.422	1.9754847e-08	2.58601518e-09	-2.447007948e-09
232.984	0.392	-0.312	2.165874984e-08	2.836663956e-09	-2.71030158e-09
233.799	0.498	-0.422	1.615085136e-08	2.187509436e-09	-2.091600252e-09
234.686	0.354	-0.390	2.06993934e-08	2.736294372e-09	-2.566460484e-09
235.473	0.338	-0.432	1.998230472e-08	2.626176924e-09	-2.476364184e-09
236.200	0.285	-0.390	2.243050488e-08	2.984539068e-09	-2.840381208e-09
236.947	0.381	-0.463	1.82535066e-08	2.409185268e-09	-2.262508416e-09
237.753	0.385	-0.425	1.847216448e-08	2.561206284e-09	-2.400319656e-09
238.506	0.309	-0.368	2.23129998e-08	3.00564054e-09	-2.828912688e-09
239.360	0.386	-0.545	1.567676376e-08	2.195271288e-09	-2.080563408e-09
240.107	0.299	-0.361	2.271047436e-08	3.042564336e-09	-2.90761758e-09
240.780	0.333	-0.374	2.12226588e-08	2.860047792e-09	-2.718178344e-09
241.477	0.372	-0.365	2.084146092e-08	2.788085664e-09	-2.640557556e-09
242.363	0.482	-0.514	1.574329932e-08	2.08033434e-09	-1.992175668e-09
243.224	0.407	-0.379	2.012393376e-08	2.609853372e-09	-2.516117688e-09
244.223	0.543	-0.592	1.345082004e-08	1.82896434e-09	-1.761020352e-09
245.187	0.400	-0.420	1.844431344e-08	2.578941288e-09	-2.447156124e-09
246.035	0.406	-0.448	1.787720004e-08	2.496128292e-09	-2.340622116e-09
246.850	0.427	-0.409	1.792431396e-08	2.567348028e-09	-2.400095124e-09
247.772	0.471	-0.495	1.565920944e-08	2.204289612e-09	-2.072568708e-09
248.569	0.337	-0.326	2.384659116e-08	3.199341348e-09	-2.98329696e-09
249.297	0.313	-0.390	2.172457476e-08	3.005922528e-09	-2.849543928e-09
250.041	0.533	-0.431	1.597687308e-08	2.202361056e-09	-2.07165924e-09
251.038	0.462	-0.465	1.733179896e-08	2.296280448e-09	-2.155443696e-09
251.895	0.394	-0.394	1.98631062e-08	2.675586816e-09	-2.510607204e-09
252.776	0.477	-0.487	1.583878968e-08	2.080724436e-09	-1.921228092e-09
253.687	0.347	-0.434	1.876677012e-08	2.509077816e-09	-2.377740204e-09
254.445	0.386	-0.411	1.789922988e-08	2.472114708e-09	-2.346844752e-09
255.185	0.442	-0.354	1.76118516e-08	2.50762932e-09	-2.363315724e-09
256.106	0.606	-0.479	1.350594e-08	1.812769308e-09	-1.710686628e-09
257.080	0.432	-0.368	1.83083922e-08	2.437941996e-09	-2.318593788e-09
257.995	0.408	-0.483	1.659063168e-08	2.155214628e-09	-2.074604616e-09
258.874	0.556	-0.470	1.377054e-08	1.906130016e-09	-1.825138224e-09
259.765	0.313	-0.334	2.303674884e-08	3.02571234e-09	-2.8539189e-09
260.442	0.387	-0.364	1.952277768e-08	2.607295824e-09	-2.473003008e-09
261.266	0.455	-0.438	1.641159576e-08	2.17721196e-09	-2.077551504e-09
262.141	0.453	-0.419	1.621523232e-08	2.246420736e-09	-2.149345044e-09
263.113	0.445	-0.520	1.55114946e-08	2.091464172e-09	-1.987313076e-09
264.097	0.605	-0.539	1.346070852e-08	1.799357868e-09	-1.686942936e-09
265.204	0.464	-0.502	1.593986688e-08	2.11300488e-09	-1.996212708e-09
266.155	0.413	-0.487	1.650270132e-08	2.234556828e-09	-2.159879904e-09
266.984	0.460	-0.416	1.790235216e-08	2.303185752e-09	-2.191173012e-09
267.840	0.358	-0.397	2.023366716e-08	2.730587328e-09	-2.564561412e-09
268.786	0.546	-0.589	1.356651828e-08	1.81294092e-09	-1.698459084e-09
269.831	0.489	-0.498	1.54580832e-08	2.047697064e-09	-1.956552948e-09
270.899	0.502	-0.578	1.425907476e-08	1.883973168e-09	-1.784996136e-09
271.876	0.584	-0.476	1.461498444e-08	1.958090652e-09	-1.837693116e-09
272.894	0.536	-0.433	1.574140932e-08	2.121856884e-09	-1.995694092e-09
273.878	0.470	-0.448	1.62292032e-08	2.201103072e-09	-2.054525256e-09
274.870	0.460	-0.522	1.525546008e-08	2.053320948e-09	-1.908187092e-09
275.732	0.395	-0.402	1.863058428e-08	2.503335996e-09	-2.361079476e-09
276.714	0.580	-0.587	1.227065868e-08	1.71135342e-09	-1.627708824e-09
277.698	0.438	-0.403	1.780277184e-08	2.355245424e-09	-2.23020378e-09
278.689	0.598	-0.553	1.278561564e-08	1.722140784e-09	-1.637883828e-09
279.661	0.424	-0.374	1.896188616e-08	2.495859156e-09	-2.350351836e-09
280.752	0.591	-0.668	1.199867256e-08	1.582140924e-09	-1.486677024e-09
281.776	0.441	-0.432	1.699937064e-08	2.29534074e-09	-2.154629484e-09
282.723	0.457	-0.506	1.556510256e-08	2.060775864e-09	-1.949955336e-09
283.769	0.466	-0.589	1.3949901e-08	1.912354164e-09	-1.785647052e-09
284.828	0.592	-0.593	1.288215684e-08	1.742282136e-09	-1.63070334e-09
285.951	0.458	-0.531	1.560208608e-08	2.055338712e-09	-1.95357204e-09
286.877	0.524	-0.468	1.527216768e-08	2.058491988e-09	-1.956574116e-09
287.828	0.533	-0.426	1.524314484e-08	2.121253596e-09	-2.042922168e-09
288.920	0.442	-0.560	1.554432768e-08	2.056254984e-09	-1.925783748e-09
289.977	0.590	-0.614	1.24748316e-08	1.715547708e-09	-1.615860792e-09
290.945	0.478	-0.378	1.80345312e-08	2.376835272e-09	-2.258254404e-09
292.003	0.539	-0.581	1.342672632e-08	1.84746744e-09	-1.7418051e-09
292.879	0.452	-0.337	1.971011448e-08	2.61060786e-09	-2.441932164e-09
293.864	0.485	-0.532	1.516608576e-08	2.02301442e-09	-1.899218664e-09
294.775	0.507	-0.426	1.611960588e-08	2.191438368e-09	-2.08844622e-09
295.803	0.635	-0.522	1.346990904e-08	1.731472848e-09	-1.66550958e-09
297.130	0.569	-0.693	1.224106128e-08	1.628467848e-09	-1.533395556e-09
298.258	0.607	-0.558	1.313347392e-08	1.757846664e-09	-1.664222112e-09
299.401	0.600	-0.537	1.274412636e-08	1.820116116e-09	-1.729857276e-09
300.464	0.372	-0.463	1.866822552e-08	2.492192556e-09	-2.308054392e-09
301.490	0.666	-0.654	1.138752972e-08	1.5593067e-09	-1.476192816e-09
302.712	0.478	-0.556	1.506931776e-08	2.000182464e-09	-1.866598776e-09
303.611	0.489	-0.422	1.710072e-08	2.247414876e-09	-2.117808504e-09
304.649	0.655	-0.548	1.249957548e-08	1.693601028e-09	-1.618856064e-09
305.936	0.510	-0.632	1.317383676e-08	1.759954392e-09	-1.668966768e-09
306.852	0.481	-0.407	1.712451888e-08	2.226841848e-09	-2.119630464e-09
307.921	0.549	-0.587	1.290558528e-08	1.732178196e-09	-1.669988124e-09
309.232	0.635	-0.762	1.041021828e-08	1.417524192e-09	-1.363120164e-09
310.462	0.568	-0.595	1.238126904e-08	1.692270468e-09	-1.639192464e-09
311.614	0.455	-0.584	1.43769654e-08	1.89639954e-09	-1.818979848e-09
312.687	0.633	-0.618	1.13060556e-08	1.616491296e-09	-1.534028328e-09
313.847	0.446	-0.527	1.575831348e-08	2.068356276e-09	-1.931880132e-09
314.837	0.572	-0.543	1.362883536e-08	1.803612636e-09	-1.688495004e-09
315.987	0.494	-0.579	1.42169202e-08	1.890641844e-09	-1.78752798e-09
317.144	0.624	-0.662	1.192073652e-08	1.562544648e-09	-1.491840504e-09
318.428	0.489	-0.660	1.345908312e-08	1.769295528e-09	-1.668005892e-09
319.578	0.530	-0.660	1.265583312e-08	1.699177284e-09	-1.62068634e-09
320.717	0.583	-0.609	1.29768912e-08	1.718298792e-09	-1.60741476e-09
321.835	0.555	-0.536	1.381183272e-08	1.864480464e-09	-1.769794488e-09
323.001	0.619	-0.611	1.225290024e-08	1.625069628e-09	-1.567321812e-09
324.210	0.548	-0.590	1.346650704e-08	1.766893716e-09	-1.685454372e-09
325.346	0.568	-0.588	1.31422662e-08	1.733317488e-09	-1.662745644e-09
326.463	0.712	-0.549	1.216138644e-08	1.611243144e-09	-1.523753532e-09
327.796	0.677	-0.620	1.187125632e-08	1.566243e-09	-1.48667778e-09
329.072	0.696	-0.599	1.167797736e-08	1.576340892e-09	-1.496361384e-09
330.384	0.602	-0.616	1.274477652e-08	1.669948812e-09	-1.578856104e-09
331.515	0.589	-0.529	1.378026972e-08	1.815170364e-09	-1.725439968e-09
332.712	0.616	-0.608	1.268951292e-08	1.686917988e-09	-1.570149252e-09
333.829	0.434	-0.501	1.630773648e-08	2.22645402e-09	-2.061178056e-09
334.884	0.481	-0.620	1.385730612e-08	1.86395958e-09	-1.75153482e-09
336.011	0.639	-0.646	1.188051732e-08	1.585828692e-09	-1.50257646e-09
337.329	0.533	-0.679	1.253203056e-08	1.649028024e-09	-1.585223136e-09
338.393	0.612	-0.532	1.317348144e-08	1.716488928e-09	-1.647706536e-09
339.602	0.512	-0.597	1.15595046e-08	1.808246916e-09	-1.7696826e-09
340.883	0.761	-0.769	9.7628706e-09	1.278075456e-09	-1.234467108e-09
342.309	0.493	-0.665	1.232353332e-08	1.709927604e-09	-1.651212108e-09
343.551	0.622	-0.749	1.105645464e-08	1.480892868e-09	-1.390076856e-09
344.771	0.575	-0.597	1.296688932e-08	1.714162716e-09	-1.605526272e-09
345.966	0.565	-0.620	1.24943364e-08	1.704308256e-09	-1.601535348e-09
347.059	0.600	-0.528	1.324270836e-08	1.797123132e-09	-1.676094336e-09
348.190	0.471	-0.531	1.524531456e-08	2.018275056e-09	-1.863421308e-09
349.326	0.735	-0.666	1.064864556e-08	1.434426084e-09	-1.330757316e-09
350.656	0.807	-0.595	9.791901e-09	1.432731132e-09	-1.361028312e-09
352.338	0.824	-0.875	8.38879524e-09	1.146721968e-09	-1.110687984e-09
353.662	0.525	-0.500	1.442116116e-08	1.879681356e-09	-1.823413788e-09
354.858	0.546	-0.671	1.236038076e-08	1.57480092e-09	-1.528428636e-09
356.114	0.822	-0.710	9.73359072e-09	1.270575936e-09	-1.217854764e-09
357.659	0.814	-0.723	9.44328672e-09	1.287334944e-09	-1.223484696e-09
359.088	0.514	-0.616	1.26169218e-08	1.781583552e-09	-1.711505376e-09
360.239	0.607	-0.636	1.248659496e-08	1.640247084e-09	-1.547343e-09
361.343	0.574	-0.497	1.42452324e-08	1.866551904e-09	-1.801484496e-09
362.604	0.686	-0.687	1.120742028e-08	1.469725992e-09	-1.402215948e-09
364.128	0.906	-0.838	8.4394926e-09	1.193730804e-09	-1.11786318e-09
365.796	0.625	-0.762	1.109203956e-08	1.48958082e-09	-1.388449188e-09
367.010	0.706	-0.589	1.18845846e-08	1.598178708e-09	-1.486955232e-09
368.486	0.924	-0.769	8.92784592e-09	1.22261454e-09	-1.142768844e-09
369.965	0.684	-0.554	1.215480924e-08	1.613438568e-09	-1.538776764e-09
371.435	0.646	-0.786	1.04431194e-08	1.374072336e-09	-1.320982236e-09
372.786	0.693	-0.705	1.088580276e-08	1.419966828e-09	-1.347866352e-09
374.153	0.581	-0.673	1.107628452e-08	1.59353082e-09	-1.538054784e-09
375.455	0.810	-0.722	9.93758976e-09	1.293244596e-09	-1.23014808e-09
377.116	0.701	-0.850	9.81210888e-09	1.261158444e-09	-1.213257528e-09
378.637	0.730	-0.820	9.56609892e-09	1.290720312e-09	-1.224953604e-09
379.968	0.624	-0.602	1.249042032e-08	1.650594456e-09	-1.527293124e-09
381.289	0.805	-0.697	9.46267812e-09	1.303681932e-09	-1.253447244e-09
382.711	0.460	-0.617	9.4324986e-09	1.189826064e-09	-1.169129052e-09
383.505	0.363	-0.335	7.7630994e-09	9.73164024e-10	-9.73430892e-10
384.158	0.270	-0.290	9.7552728e-09	1.207431036e-09	-1.207798452e-09
384.757	0.313	-0.329	8.59455576e-09	1.050341796e-09	-1.050657804e-09
385.396	0.331	-0.326	8.40825468e-09	1.027516644e-09	-1.027785024e-09
385.980	0.270	-0.253	1.035076644e-08	1.297512216e-09	-1.297841832e-09
386.522	0.242	-0.273	1.101052764e-08	1.348854444e-09	-1.3492143e-09
387.016	0.264	-0.252	1.069855668e-08	1.307370456e-09	-1.307689488e-09
387.515	0.271	-0.235	1.081990224e-08	1.339046856e-09	-1.339339428e-09
388.065	0.255	-0.280	1.020908448e-08	1.263445344e-09	-1.263715236e-09
388.686	0.282	-0.365	8.52356736e-09	1.041532128e-09	-1.041746076e-09
389.232	0.268	-0.264	1.017768024e-08	1.2757122e-09	-1.2759579e-09
389.818	0.299	-0.318	8.59845672e-09	1.105894944e-09	-1.106100576e-09
390.385	0.234	-0.268	1.177648416e-08	1.411213104e-09	-1.411518528e-09
390.927	0.329	-0.308	8.50034304e-09	1.065477672e-09	-1.065690108e-09
391.548	0.237	-0.292	6.916146552e-09	1.05084378e-09	-1.050988932e-09
392.106	0.389	-0.321	7.7761026e-09	9.5020884e-10	-9.50414472e-10
392.794	0.275	-0.299	9.42143832e-09	1.180946088e-09	-1.181191788e-09
393.322	0.265	-0.252	1.045495836e-08	1.310498028e-09	-1.310773968e-09
393.886	0.288	-0.299	9.44914572e-09	1.160559792e-09	-1.160816076e-09
394.450	0.239	-0.276	7.105434588e-09	1.079611848e-09	-1.079766828e-09
394.980	0.352	-0.292	8.56804284e-09	1.046985912e-09	-1.047215736e-09
395.632	0.248	-0.300	9.78098436e-09	1.24185474e-09	-1.242104976e-09
396.148	0.266	-0.268	1.033873092e-08	1.263350844e-09	-1.263623004e-09
396.686	0.256	-0.272	1.044324036e-08	1.276118928e-09	-1.276391844e-09
397.263	0.395	-0.320	7.71552432e-09	9.42800796e-10	-9.4300038e-10
397.920	0.314	-0.262	9.38952e-09	1.176930972e-09	-1.177164576e-09
398.493	0.255	-0.259	7.1054361e-09	1.079598996e-09	-1.079744148e-09
398.996	0.266	-0.248	1.032099516e-08	1.327442256e-09	-1.327690224e-09
399.495	0.273	-0.233	1.103841648e-08	1.362407256e-09	-1.36268622e-09
400.073	0.262	-0.305	9.62985996e-09	1.191749328e-09	-1.191994272e-09
400.685	0.319	-0.350	8.24904108e-09	1.007996724e-09	-1.008211428e-09
401.245	0.273	-0.241	7.208281584e-09	1.07470314e-09	-1.074858876e-09
401.809	0.328	-0.291	8.4857598e-09	1.105697628e-09	-1.105908552e-09
402.471	0.366	-0.333	7.70751828e-09	9.8326116e-10	-9.83459232e-10
403.187	0.304	-0.351	8.4283794e-09	1.029923748e-09	-1.030152816e-09
403.780	0.302	-0.289	8.98772868e-09	1.155987504e-09	-1.15622262e-09
404.382	0.353	-0.300	8.45870256e-09	1.033637976e-09	-1.033874604e-09
405.029	0.275	-0.294	6.515637408e-09	9.71451684e-10	-9.71605152e-10
405.634	0.286	-0.329	8.88612228e-09	1.099747908e-09	-1.100004948e-09
406.210	0.297	-0.290	7.261341444e-09	1.030297968e-09	-1.0304847e-09
406.834	0.288	-0.327	8.97244236e-09	1.0964457e-09	-1.096719372e-09
407.415	0.323	-0.293	8.9720946e-09	1.096410168e-09	-1.096689888e-09
408.014	0.227	-0.276	7.3675035e-09	1.0984869e-09	-1.098678924e-09
408.518	0.373	-0.276	8.42355612e-09	1.04253534e-09	-1.042804476e-09
409.178	0.262	-0.287	7.3047933e-09	1.069197948e-09	-1.069397532e-09
409.777	0.370	-0.336	7.519809528e-09	9.67236228e-10	-9.67470588e-10
410.399	0.288	-0.252	1.024534224e-08	1.252027476e-09	-1.252363896e-09
411.010	0.331	-0.324	8.35488108e-09	1.034040924e-09	-1.034312328e-09
411.565	0.282	-0.224	1.131549048e-08	1.369394208e-09	-1.369770696e-09
412.112	0.240	-0.266	1.088446464e-08	1.3538448e-09	-1.354197852e-09
412.665	0.231	-0.313	9.95048712e-09	1.247341788e-09	-1.247662332e-09
413.167	0.238	-0.271	7.290234252e-09	1.0869768e-09	-1.087174116e-09
413.725	0.263	-0.320	9.19251396e-09	1.167215616e-09	-1.167508188e-09
414.319	0.356	-0.331	7.441289856e-09	9.45293328e-10	-9.45526176e-10
414.996	0.343	-0.321	8.31828312e-09	1.0165176e-09	-1.016779932e-09
415.653	0.338	-0.315	8.37325944e-09	1.036291536e-09	-1.036544796e-09
416.286	0.262	-0.295	9.8178696e-09	1.215068148e-09	-1.215357696e-09
416.851	0.324	-0.302	8.73018216e-09	1.080447984e-09	-1.080699732e-09
417.464	0.287	-0.289	9.39297492e-09	1.177397424e-09	-1.177657488e-09
418.009	0.272	-0.258	7.35944832e-09	1.081430028e-09	-1.081599372e-09
418.529	0.293	-0.247	1.016304408e-08	1.264035024e-09	-1.264305672e-09
419.089	0.292	-0.266	6.636679056e-09	9.89485308e-10	-9.89631216e-10
419.736	0.252	-0.355	9.0988758e-09	1.111853736e-09	-1.11209868e-09
420.318	0.339	-0.330	8.09378136e-09	1.014531588e-09	-1.014745536e-09
420.989	0.308	-0.333	8.53613964e-09	1.056410964e-09	-1.056640032e-09
421.645	0.351	-0.348	7.89512724e-09	9.64763352e-10	-9.64979568e-10
422.280	0.264	-0.284	7.174337184e-09	1.061464824e-09	-1.061627364e-09
422.873	0.349	-0.329	7.9875558e-09	1.001221452e-09	-1.001436156e-09
423.502	0.268	-0.280	9.88072344e-09	1.238527584e-09	-1.238794452e-09
424.077	0.378	-0.307	5.026668948e-09	8.25262452e-10	-8.2536678e-10
424.771	0.244	-0.316	6.521230296e-09	9.9085518e-10	-9.91003356e-10
425.303	0.235	-0.288	6.922694268e-09	1.092984732e-09	-1.093137444e-09
425.900	0.306	-0.361	8.49015216e-09	1.037491308e-09	-1.037737008e-09
426.471	0.286	-0.266	6.953055228e-09	1.04450094e-09	-1.044666504e-09
427.077	0.321	-0.320	8.6744196e-09	1.087341192e-09	-1.087591428e-09
427.713	0.221	-0.316	6.979710276e-09	1.060530408e-09	-1.060698996e-09
428.303	0.371	-0.368	7.59854088e-09	9.404073e-10	-9.40634856e-10
428.932	0.243	-0.259	1.124246088e-08	1.398336156e-09	-1.398672576e-09
429.544	0.260	-0.369	8.563023e-09	1.1157993e-09	-1.116038196e-09
430.184	0.366	-0.379	7.525772856e-09	9.31388976e-10	-9.31604436e-10
430.831	0.227	-0.281	1.12983444e-08	1.370457144e-09	-1.370779956e-09
431.343	0.217	-0.284	1.13504328e-08	1.394085924e-09	-1.394398908e-09
431.844	0.268	-0.283	6.897985164e-09	1.02844728e-09	-1.028601504e-09
432.377	0.255	-0.265	7.114268448e-09	1.101784572e-09	-1.10193426e-09
432.892	0.257	-0.261	7.34836914e-09	1.095588396e-09	-1.0957464e-09
433.487	0.426	-0.338	7.279235964e-09	9.12417156e-10	-9.12598596e-10
434.233	0.297	-0.321	9.08732412e-09	1.124608212e-09	-1.124838792e-09
434.812	0.276	-0.282	7.264121256e-09	1.048649868e-09	-1.048812408e-09
435.402	0.296	-0.313	6.252569064e-09	9.3221982e-10	-9.32358924e-10
435.998	0.327	-0.301	8.84515464e-09	1.080862272e-09	-1.08111024e-09
436.578	0.275	-0.253	7.02054486e-09	1.046732652e-09	-1.046898216e-09
437.113	0.249	-0.260	7.290552528e-09	1.0869957e-09	-1.087172604e-09
437.659	0.321	-0.296	8.77517928e-09	1.09998e-09	-1.100240064e-09
438.302	0.304	-0.322	8.65054512e-09	1.084367088e-09	-1.084630932e-09
438.901	0.247	-0.295	6.836374944e-09	1.019297412e-09	-1.019475828e-09
439.459	0.385	-0.310	7.71177456e-09	9.79188588e-10	-9.79425972e-10
440.177	0.309	-0.333	6.78695976e-09	1.119634488e-09	-1.119795516e-09
440.781	0.299	-0.295	9.20580444e-09	1.139343408e-09	-1.139632956e-09
441.415	0.387	-0.334	7.216074432e-09	9.313353e-10	-9.31552272e-10
442.060	0.291	-0.258	8.7953796e-09	1.275798384e-09	-1.2760335e-09
442.605	0.275	-0.254	7.18824834e-09	1.09492992e-09	-1.095112116e-09
443.166	0.260	-0.286	6.791987916e-09	1.012676364e-09	-1.012851756e-09
443.725	0.275	-0.300	6.455422764e-09	9.62494596e-10	-9.62660916e-10
444.294	0.230	-0.293	7.092171324e-09	1.05743232e-09	-1.057615272e-09
444.875	0.326	-0.352	7.99210692e-09	1.001831544e-09	-1.002075732e-09
445.591	0.241	-0.390	5.789724696e-09	8.7972696e-10	-8.79872868e-10
446.187	0.345	-0.355	7.89965568e-09	9.65357568e-10	-9.6560478e-10
446.850	0.275	-0.318	6.264381564e-09	9.34008516e-10	-9.34168788e-10
447.362	0.292	-0.238	7.155679104e-09	1.055242944e-09	-1.055427408e-09
447.978	0.333	-0.324	7.295681988e-09	9.83296692e-10	-9.83502324e-10
448.573	0.263	-0.261	6.768673632e-09	1.068684624e-09	-1.06884792e-09
449.161	0.325	-0.325	8.5094226e-09	1.039873464e-09	-1.040139576e-09
449.864	0.232	-0.379	5.561265276e-09	9.31342104e-10	-9.31470624e-10
450.327	0.287	-0.231	7.487262216e-09	1.092342132e-09	-1.092542472e-09
450.901	0.360	-0.287	8.36919216e-09	1.049109516e-09	-1.049372604e-09
451.517	0.245	-0.256	7.397301996e-09	1.102936716e-09	-1.103134788e-09
451.996	0.279	-0.233	7.243391736e-09	1.079990604e-09	-1.080186408e-09
452.526	0.342	-0.251	6.175014048e-09	9.3828294e-10	-9.38448504e-10
453.258	0.317	-0.391	7.72893576e-09	9.56580408e-10	-9.56837448e-10
453.959	0.280	-0.383	5.512807188e-09	8.376669e-10	-8.37817344e-10
454.520	0.352	-0.281	5.859659988e-09	8.73684252e-10	-8.73847548e-10
455.179	0.388	-0.306	7.96378716e-09	9.73226016e-10	-9.73498176e-10
455.907	0.282	-0.340	5.78990916e-09	8.96727888e-10	-8.9688438e-10
456.495	0.304	-0.306	5.994983988e-09	9.1093464e-10	-9.11100204e-10
457.054	0.276	-0.254	6.899147136e-09	1.04832252e-09	-1.048513032e-09
457.557	0.308	-0.228	7.542005688e-09	1.07767044e-09	-1.077891948e-09
458.166	0.361	-0.301	8.34425172e-09	1.019724552e-09	-1.020011832e-09
458.842	0.354	-0.315	8.09716068e-09	1.01503206e-09	-1.015303464e-09
459.506	0.316	-0.310	5.838188832e-09	8.87106276e-10	-8.8726428e-10
460.081	0.284	-0.259	6.835367952e-09	1.019155284e-09	-1.019339748e-09
460.673	0.270	-0.308	6.414802884e-09	9.56444328e-10	-9.56614428e-10
461.260	0.247	-0.317	6.389101908e-09	9.8951328e-10	-9.89673552e-10
461.784	0.350	-0.277	7.417582452e-09	9.97483032e-10	-9.97693956e-10
462.428	0.246	-0.295	6.760006848e-09	1.027152252e-09	-1.027319328e-09
462.945	0.245	-0.271	7.143560424e-09	1.093346856e-09	-1.093518468e-09
463.470	0.280	-0.280	6.429525228e-09	9.9575784e-10	-9.95907528e-10
463.983	0.271	-0.233	7.530443424e-09	1.110493692e-09	-1.1106774e-09
464.511	0.255	-0.257	7.03256526e-09	1.089154836e-09	-1.089319644e-09
465.148	0.385	-0.382	4.837093632e-09	7.21197918e-10	-7.213185e-10
465.793	0.279	-0.260	6.880475448e-09	1.025864784e-09	-1.02603942e-09
466.387	0.372	-0.315	7.88739336e-09	9.88706628e-10	-9.88948548e-10
467.086	0.365	-0.327	7.82672436e-09	9.81108072e-10	-9.81353772e-10
467.712	0.312	-0.261	6.381499572e-09	9.69654672e-10	-9.6982326e-10
468.256	0.287	-0.232	7.13655684e-09	1.064064708e-09	-1.064259e-09
468.787	0.270	-0.244	6.902023716e-09	1.089756612e-09	-1.08993654e-09
469.343	0.282	-0.286	6.439329792e-09	9.78444684e-10	-9.78616296e-10
469.919	0.305	-0.294	6.183609012e-09	9.21973752e-10	-9.22137804e-10
470.568	0.325	-0.344	5.542324452e-09	8.26352604e-10	-8.26496244e-10
471.091	0.316	-0.198	7.005023424e-09	1.084897044e-09	-1.085068656e-09
471.705	0.248	-0.298	6.787993968e-09	1.012070052e-09	-1.012237128e-09
472.227	0.252	-0.273	6.963279372e-09	1.058031072e-09	-1.058196636e-09
472.766	0.279	-0.287	6.459579252e-09	9.8149212e-10	-9.81642564e-10
473.395	0.295	-0.350	5.658796836e-09	8.5981392e-10	-8.5994244e-10
473.942	0.304	-0.251	6.679086876e-09	9.95815296e-10	-9.95968008e-10
474.562	0.233	-0.317	6.743919924e-09	1.005482268e-09	-1.005637248e-09
475.106	0.222	-0.310	6.671200284e-09	1.05327432e-09	-1.053418716e-09
475.648	0.332	-0.321	5.678125488e-09	8.4658014e-10	-8.46710928e-10
476.249	0.268	-0.269	6.40785978e-09	1.052024652e-09	-1.052159976e-09
476.861	0.348	-0.344	7.975989e-09	9.74656368e-10	-9.74883168e-10
477.477	0.234	-0.268	7.553828772e-09	1.113936516e-09	-1.114115688e-09
478.071	0.331	-0.360	5.294190888e-09	8.0441802e-10	-8.04541248e-10
478.686	0.242	-0.285	7.085972124e-09	1.076669496e-09	-1.076834304e-09
479.190	0.293	-0.262	6.762315672e-09	1.027493964e-09	-1.02765348e-09
479.804	0.398	-0.321	7.53487056e-09	9.42087888e-10	-9.42307884e-10
480.528	0.325	-0.326	5.764583916e-09	8.759016e-10	-8.76042972e-10
481.191	0.242	-0.338	5.81614236e-09	1.014074208e-09	-1.01420046e-09
481.726	0.358	-0.293	7.407520092e-09	9.81377964e-10	-9.81593424e-10
482.402	0.387	-0.318	8.0472798e-09	9.83407068e-10	-9.8366562e-10
483.077	0.338	-0.288	7.431712848e-09	1.002328236e-09	-1.002548988e-09
483.722	0.361	-0.307	5.6261331e-09	8.5488102e-10	-8.55031464e-10
484.383	0.327	-0.301	6.063277248e-09	9.04034628e-10	-9.04197924e-10
484.973	0.275	-0.262	7.087194576e-09	1.05669522e-09	-1.056881952e-09
485.585	0.316	-0.337	5.748781248e-09	8.73506592e-10	-8.736525e-10
486.161	0.350	-0.260	5.973172632e-09	9.43084296e-10	-9.43227936e-10
486.831	0.408	-0.320	4.859811432e-09	7.97879376e-10	-7.97988996e-10
487.559	0.264	-0.321	6.412773024e-09	9.74384208e-10	-9.74536164e-10
488.084	0.320	-0.260	6.190786476e-09	9.96624972e-10	-9.96761808e-10
488.709	0.223	-0.306	7.16104746e-09	1.096011756e-09	-1.096174296e-09
489.274	0.244	-0.341	6.122127312e-09	9.66586068e-10	-9.6671988e-10
489.767	0.256	-0.250	7.339175424e-09	1.0942344e-09	-1.0944045e-09
490.315	0.319	-0.293	5.799760596e-09	9.15688368e-10	-9.1581462e-10
490.883	0.342	-0.249	6.2780886e-09	9.36030816e-10	-9.36175212e-10
491.560	0.261	-0.335	6.271422948e-09	9.42096204e-10	-9.42239088e-10
492.086	0.246	-0.264	7.262595648e-09	1.082814264e-09	-1.082980584e-09
492.664	0.341	-0.332	8.2100088e-09	1.003246776e-09	-1.003475844e-09
493.368	0.309	-0.364	5.435513748e-09	8.25885396e-10	-8.26007112e-10
493.962	0.235	-0.285	6.934437216e-09	1.073941848e-09	-1.074093804e-09
494.530	0.374	-0.334	7.79730084e-09	9.52812504e-10	-9.53027964e-10
495.177	0.284	-0.273	6.469185744e-09	1.001886732e-09	-1.002028104e-09
495.812	0.276	-0.350	5.921372268e-09	8.82842436e-10	-8.82975492e-10
496.418	0.268	-0.330	6.026346648e-09	9.33303168e-10	-9.33433956e-10
496.984	0.321	-0.299	5.989442508e-09	8.92990224e-10	-8.93124036e-10
497.571	0.269	-0.266	6.924659112e-09	1.032424596e-09	-1.032579576e-09
498.098	0.263	-0.258	6.809283684e-09	1.075069044e-09	-1.075212684e-09
498.667	0.324	-0.306	5.887917756e-09	8.7785208e-10	-8.77982868e-10
499.328	0.328	-0.337	5.573064168e-09	8.30907504e-10	-8.3102922e-10
499.913	0.324	-0.256	6.39089136e-09	9.52836696e-10	-9.52974288e-10
500.557	0.247	-0.320	6.674042088e-09	9.84176676e-10	-9.8431956e-10
501.113	0.280	-0.309	6.202478772e-09	9.42403896e-10	-9.42530148e-10
501.725	0.356	-0.332	5.228202672e-09	8.09681292e-10	-8.09784108e-10
502.353	0.249	-0.272	7.322694624e-09	1.087799328e-09	-1.087947504e-09
502.842	0.283	-0.240	7.297776864e-09	1.084094928e-09	-1.08424008e-09
503.459	0.334	-0.333	5.474626164e-09	8.31805632e-10	-8.3190996e-10
504.116	0.241	-0.322	6.570012708e-09	9.79523496e-10	-9.79650504e-10
504.622	0.331	-0.265	6.21700758e-09	9.26895312e-10	-9.27016272e-10
505.220	0.292	-0.266	6.53816016e-09	9.93398364e-10	-9.93524616e-10
505.918	0.357	-0.407	4.854771936e-09	7.238018088e-10	-7.2389835e-10
506.553	0.238	-0.278	7.181702892e-09	1.070727336e-09	-1.070871732e-09
507.083	0.283	-0.292	6.263963496e-09	9.70086348e-10	-9.7020882e-10
507.660	0.248	-0.295	7.034720616e-09	1.045024092e-09	-1.045168488e-09
508.200	0.260	-0.292	6.580279944e-09	1.026252612e-09	-1.026382644e-09
508.846	0.293	-0.387	5.218748136e-09	8.2394172e-10	-8.24044536e-10
509.432	0.281	-0.292	6.191174304e-09	9.77471712e-10	-9.7759494e-10
509.982	0.315	-0.270	6.330386412e-09	9.43814592e-10	-9.43950672e-10
510.620	0.199	-0.322	7.112594664e-09	1.060438932e-09	-1.060593912e-09
511.103	0.278	-0.284	6.74365986e-09	9.94450716e-10	-9.94600404e-10
511.641	0.268	-0.260	7.230665988e-09	1.074148992e-09	-1.074310776e-09
512.165	0.285	-0.256	6.91189632e-09	1.038304764e-09	-1.038458988e-09
512.802	0.312	-0.352	5.58881694e-09	8.33262444e-10	-8.33390208e-10
513.376	0.290	-0.262	6.724616976e-09	1.0026072e-09	-1.002762936e-09
513.952	0.251	-0.287	6.8042646e-09	1.033862508e-09	-1.034019e-09
514.530	0.287	-0.327	6.042410136e-09	9.00896472e-10	-9.01039356e-10
515.088	0.292	-0.272	6.62866848e-09	9.95768424e-10	-9.95924916e-10
515.641	0.261	-0.261	7.114770432e-09	1.060783668e-09	-1.060953012e-09
516.293	0.347	-0.391	4.951545984e-09	7.5235797e-10	-7.524746964e-10
516.940	0.300	-0.300	6.185994948e-09	9.22309416e-10	-9.22459104e-10
517.517	0.313	-0.278	7.534811592e-09	1.025567676e-09	-1.025768772e-09
518.108	0.242	-0.278	7.297784424e-09	1.07618868e-09	-1.076369364e-09
518.655	0.284	-0.305	6.208131384e-09	9.43293708e-10	-9.43443396e-10
519.196	0.246	-0.257	7.366174452e-09	1.09827522e-09	-1.09845666e-09
519.747	0.245	-0.304	6.650134344e-09	1.01045448e-09	-1.010616264e-09
520.253	0.314	-0.261	6.45395688e-09	9.62266284e-10	-9.624258e-10
520.833	0.337	-0.267	6.149354652e-09	9.16851096e-10	-9.17003808e-10
521.549	0.276	-0.379	5.663138544e-09	8.44358256e-10	-8.44498116e-10
522.099	0.253	-0.275	7.016943276e-09	1.046206476e-09	-1.046381112e-09
522.651	0.360	-0.298	5.471569656e-09	8.47401156e-10	-8.47531944e-10
523.357	0.291	-0.346	5.738011272e-09	8.71863048e-10	-8.72002908e-10
523.894	0.286	-0.246	6.969702348e-09	1.039162824e-09	-1.039335948e-09
524.466	0.239	-0.286	7.22117592e-09	1.064891772e-09	-1.0650717e-09
524.922	0.285	-0.217	7.284435732e-09	1.106830116e-09	-1.107003996e-09
525.494	0.240	-0.287	7.040327868e-09	1.049686344e-09	-1.049856444e-09
526.050	0.316	-0.317	5.6867454e-09	8.80718832e-10	-8.8084962e-10
526.682	0.366	-0.316	5.363349768e-09	8.1492642e-10	-8.15050404e-10
527.383	0.269	-0.335	6.059609892e-09	9.20715768e-10	-9.20854116e-10
528.019	0.326	-0.368	5.038517736e-09	8.11122228e-10	-8.1122958e-10
528.640	0.370	-0.295	5.492556972e-09	8.3455218e-10	-8.34675408e-10
529.333	0.273	-0.323	6.043341528e-09	9.35936316e-10	-9.36067104e-10
529.907	0.219	-0.301	6.379115904e-09	1.118306952e-09	-1.118428668e-09
530.643	0.374	-0.517	4.100218164e-09	6.229947276e-10	-6.230844648e-10
531.274	0.293	-0.256	6.744271464e-09	1.005528384e-09	-1.005678072e-09
531.832	0.299	-0.265	6.573671748e-09	9.80092008e-10	-9.8023716e-10
532.399	0.309	-0.268	6.063459444e-09	9.76113936e-10	-9.76237164e-10
532.968	0.254	-0.261	7.36937082e-09	1.086719004e-09	-1.086881544e-09
533.534	0.300	-0.312	6.056545824e-09	9.02989836e-10	-9.0312138e-10
534.096	0.266	-0.262	7.170867144e-09	1.057444416e-09	-1.057601664e-09
534.799	0.340	-0.437	4.49555778e-09	7.237057212e-10	-7.237950048e-10
535.407	0.306	-0.267	6.193427184e-09	9.77828544e-10	-9.77953284e-10
536.086	0.412	-0.374	4.646471256e-09	7.059867444e-10	-7.060832856e-10
536.801	0.326	-0.302	5.817928788e-09	8.83977192e-10	-8.84097396e-10
537.437	0.287	-0.310	6.112280412e-09	9.2870064e-10	-9.2882538e-10
538.011	0.311	-0.287	6.023820096e-09	9.32899464e-10	-9.33019668e-10
538.700	0.366	-0.378	4.913228124e-09	7.465147704e-10	-7.466144112e-10
539.401	0.245	-0.335	6.390948816e-09	9.52840476e-10	-9.52974288e-10
540.052	0.326	-0.406	5.069226456e-09	7.55784918e-10	-7.558935552e-10
540.792	0.357	-0.415	4.8006378e-09	7.157433024e-10	-7.15848462e-10
541.518	0.345	-0.368	5.1216921e-09	7.7819994e-10	-7.7831334e-10
542.249	0.313	-0.386	5.30140464e-09	7.90411608e-10	-7.90533324e-10
542.882	0.279	-0.320	6.184014228e-09	9.22007772e-10	-9.22152168e-10
543.457	0.336	-0.295	5.870527488e-09	8.75271852e-10	-8.75411712e-10
544.090	0.404	-0.297	5.06296602e-09	7.99365672e-10	-7.99479828e-10
544.803	0.281	-0.309	6.098001084e-09	9.44407296e-10	-9.44544888e-10
545.438	0.309	-0.353	5.442309432e-09	8.4285684e-10	-8.42977044e-10
546.060	0.274	-0.314	6.31514394e-09	9.41551128e-10	-9.41693256e-10
546.642	0.359	-0.309	8.27423856e-09	1.01108574e-09	-1.011308004e-09
547.379	0.394	-0.378	4.360522572e-09	7.492967748e-10	-7.49378574e-10
548.229	0.494	-0.456	3.902618664e-09	5.818503348e-10	-5.81932512e-10
549.059	0.347	-0.336	5.427077544e-09	8.09133192e-10	-8.09246592e-10
549.696	0.294	-0.290	6.35365836e-09	9.47281608e-10	-9.4741542e-10
550.333	0.260	-0.343	6.147689184e-09	9.16575912e-10	-9.16707456e-10
550.805	0.314	-0.212	7.353454752e-09	1.07277534e-09	-1.07293788e-09
551.491	0.270	-0.372	5.772790296e-09	8.60685588e-10	-8.60812596e-10
552.199	0.332	-0.437	4.755317112e-09	7.225321068e-10	-7.226365104e-10
552.816	0.317	-0.286	6.14749338e-09	9.16557012e-10	-9.16696116e-10
553.476	0.269	-0.343	6.059535048e-09	9.03445704e-10	-9.03585564e-10
554.101	0.267	-0.355	5.956003116e-09	8.88011208e-10	-8.88150312e-10
554.777	0.383	-0.408	4.684503348e-09	6.984371772e-10	-6.985465704e-10
555.436	0.238	-0.276	7.007343588e-09	1.085239512e-09	-1.085397516e-09
555.972	0.257	-0.298	6.681421404e-09	9.96169104e-10	-9.96326352e-10
556.546	0.294	-0.316	6.077595888e-09	9.06142356e-10	-9.0628524e-10
557.114	0.260	-0.274	6.948808776e-09	1.036036764e-09	-1.036200816e-09
557.643	0.257	-0.270	7.042648032e-09	1.050028812e-09	-1.050195132e-09
558.304	0.272	-0.404	5.251016484e-09	8.29055304e-10	-8.29172484e-10
558.927	0.256	-0.351	5.85156474e-09	9.23872068e-10	-9.24003612e-10
559.415	0.286	-0.232	7.163574012e-09	1.068057144e-09	-1.068225732e-09
560.066	0.271	-0.366	5.786173764e-09	8.85584448e-10	-8.85715992e-10
560.682	0.296	-0.344	8.5389066e-09	1.056764772e-09	-1.057002912e-09
561.318	0.297	-0.340	5.82302574e-09	8.68182084e-10	-8.6831514e-10
561.964	0.307	-0.349	5.407597692e-09	8.537697e-10	-8.53885368e-10
562.647	0.391	-0.376	4.767661836e-09	7.24407894e-10	-7.245126756e-10
563.315	0.307	-0.277	6.26483214e-09	9.51888672e-10	-9.52025508e-10
564.050	0.359	-0.429	4.569729696e-09	7.07713524e-10	-7.078102164e-10
564.853	0.460	-0.444	4.192478136e-09	6.18241302e-10	-6.183341388e-10
565.610	0.344	-0.297	5.704794144e-09	8.66794068e-10	-8.66915784e-10
566.264	0.288	-0.310	6.112424808e-09	9.28729368e-10	-9.28860156e-10
566.856	0.240	-0.305	6.7115223e-09	1.019756304e-09	-1.019899944e-09
567.510	0.351	-0.414	4.77610182e-09	7.2568629e-10	-7.257881232e-10
568.137	0.246	-0.275	7.110734904e-09	1.06016148e-09	-1.060315704e-09
568.636	0.301	-0.254	6.487189128e-09	1.004668056e-09	-1.00480338e-09
569.251	0.334	-0.313	5.723753112e-09	8.53374312e-10	-8.53499808e-10
570.004	0.357	-0.419	4.778530092e-09	7.124511492e-10	-7.125588792e-10
570.731	0.392	-0.370	4.798516464e-09	7.291006128e-10	-7.29209628e-10
571.520	0.314	-0.398	5.060203596e-09	7.8368472e-10	-7.83801144e-10
572.200	0.338	-0.366	4.585711536e-09	8.16078564e-10	-8.16172308e-10
572.948	0.354	-0.409	4.856524344e-09	7.240953636e-10	-7.242167016e-10
573.552	0.257	-0.250	7.368495372e-09	1.10692386e-09	-1.107110592e-09
574.128	0.392	-0.319	5.134315032e-09	7.8013908e-10	-7.80268356e-10
574.829	0.351	-0.309	5.2159653e-09	8.5635522e-10	-8.56474668e-10
575.550	0.317	-0.369	7.96086144e-09	9.85247928e-10	-9.85486068e-10
576.319	0.452	-0.452	3.926503728e-09	6.199379928e-10	-6.200286372e-10
577.206	0.380	-0.435	4.48498512e-09	6.814664136e-10	-6.815718e-10
577.930	0.380	-0.344	4.973979528e-09	7.7032998e-10	-7.70442624e-10
578.637	0.303	-0.327	5.802725628e-09	8.81684244e-10	-8.81816544e-10
579.343	0.426	-0.403	4.344193728e-09	6.727913892e-10	-6.728883084e-10
580.073	0.382	-0.304	4.936518216e-09	8.26700364e-10	-8.26802424e-10
580.867	0.279	-0.412	5.294227932e-09	8.04421044e-10	-8.04542004e-10
581.488	0.339	-0.342	5.363244684e-09	8.14908276e-10	-8.15030748e-10
582.149	0.356	-0.321	5.31336456e-09	8.22889368e-10	-8.23008816e-10
582.729	0.335	-0.223	6.783946344e-09	1.00040346e-09	-1.000563732e-09
583.408	0.382	-0.344	5.034609216e-09	7.64975232e-10	-7.650909e-10
584.116	0.325	-0.326	5.531124312e-09	8.56615284e-10	-8.56740024e-10
584.811	0.288	-0.370	5.310641448e-09	8.5493394e-10	-8.55050364e-10
585.452	0.298	-0.353	5.532682428e-09	8.56858716e-10	-8.56984968e-10
586.171	0.476	-0.420	4.136035932e-09	6.166667052e-10	-6.167658168e-10
587.065	0.288	-0.418	5.175882936e-09	7.86445632e-10	-7.8656886e-10
587.700	0.331	-0.347	5.393234448e-09	8.19472248e-10	-8.19600768e-10
588.334	0.216	-0.303	7.150658508e-09	1.101986424e-09	-1.102155768e-09
588.798	0.354	-0.247	6.167348964e-09	9.19531872e-10	-9.19683072e-10
589.481	0.376	-0.329	5.038769484e-09	7.95547872e-10	-7.9566354e-10
590.225	0.404	-0.368	4.73472216e-09	7.194131532e-10	-7.195250412e-10
590.986	0.343	-0.358	5.290770744e-09	7.88832324e-10	-7.8895782e-10
591.692	0.316	-0.362	5.471193168e-09	8.15730048e-10	-8.15859324e-10
592.371	0.347	-0.363	5.22456858e-09	7.78958208e-10	-7.7908068e-10
593.020	0.299	-0.303	5.903424072e-09	9.32055012e-10	-9.32183532e-10
593.701	0.334	-0.383	5.09881554e-09	7.74727632e-10	-7.74841788e-10
594.359	0.445	-0.324	4.75654032e-09	7.227217872e-10	-7.228292148e-10
595.074	0.344	-0.270	5.869808532e-09	9.09065808e-10	-9.09197352e-10
595.822	0.443	-0.404	4.254089868e-09	6.588388044e-10	-6.589351944e-10
596.638	0.405	-0.373	4.700901744e-09	7.142731092e-10	-7.143831072e-10
597.390	0.351	-0.348	5.302868256e-09	7.90637652e-10	-7.90766172e-10
598.012	0.290	-0.270	6.615949536e-09	9.86415948e-10	-9.86576976e-10
598.603	0.256	-0.301	6.468259644e-09	1.001759724e-09	-1.001912436e-09
599.346	0.374	-0.488	4.183018308e-09	6.478370388e-10	-6.479356968e-10
600.014	0.325	-0.294	5.98868802e-09	8.928927e-10	-8.93037852e-10
600.764	0.297	-0.425	4.986706788e-09	7.72303896e-10	-7.72419564e-10
601.405	0.403	-0.344	4.8912255e-09	7.43191848e-10	-7.433065332e-10
602.155	0.394	-0.346	7.458848712e-09	9.11466108e-10	-9.11681568e-10
602.936	0.378	-0.387	4.846575384e-09	7.226021124e-10	-7.227158148e-10
603.716	0.386	-0.402	4.570119792e-09	7.07781564e-10	-7.07884002e-10
604.549	0.549	-0.447	3.668382648e-09	5.573872332e-10	-5.574723588e-10
605.499	0.373	-0.401	4.654183968e-09	7.208060832e-10	-7.209145692e-10
606.140	0.263	-0.267	6.993512568e-09	1.042711488e-09	-1.0428831e-09
606.780	0.350	-0.378	4.658454612e-09	7.80143616e-10	-7.80247188e-10
607.527	0.329	-0.397	5.106662064e-09	7.6139406e-10	-7.61524092e-10
608.348	0.353	-0.492	4.323781728e-09	6.569841096e-10	-6.5709441e-10
609.160	0.404	-0.459	3.866964948e-09	6.60707334e-10	-6.607945008e-10
609.852	0.300	-0.289	6.204899484e-09	9.42805332e-10	-9.42958044e-10
610.501	0.296	-0.348	5.88348306e-09	8.67622644e-10	-8.67766284e-10
611.102	0.303	-0.305	6.092156448e-09	9.08312832e-10	-9.08456472e-10
611.711	0.338	-0.306	5.673461724e-09	8.6204034e-10	-8.62167348e-10
612.402	0.309	-0.353	5.600861532e-09	8.35052652e-10	-8.3517588e-10
613.101	0.420	-0.390	4.513867344e-09	6.858391176e-10	-6.859330884e-10
613.894	0.365	-0.374	5.020620192e-09	7.485330636e-10	-7.486367112e-10
614.667	0.380	-0.408	4.63610952e-09	7.044084432e-10	-7.045015824e-10
615.473	0.365	-0.426	4.615268112e-09	7.012416348e-10	-7.013342448e-10
616.299	0.367	-0.460	4.3528401e-09	6.741155232e-10	-6.742011024e-10
617.123	0.312	-0.457	4.754642004e-09	7.224175728e-10	-7.225127532e-10
617.815	0.368	-0.381	4.879986048e-09	7.414622712e-10	-7.415597952e-10
618.561	0.313	-0.378	5.371713396e-09	8.0087616e-10	-8.0098578e-10
619.298	0.442	-0.424	4.15765224e-09	6.438875436e-10	-6.439696452e-10
620.021	0.353	-0.280	5.520535776e-09	8.8870446e-10	-8.88811056e-10
620.847	0.397	-0.473	4.14059688e-09	6.41249028e-10	-6.41332944e-10
621.537	0.491	-0.293	4.726000188e-09	7.046118072e-10	-7.047126576e-10
622.379	0.351	-0.350	5.289861276e-09	7.88681124e-10	-7.88796036e-10
623.154	0.417	-0.425	4.343498208e-09	6.599571552e-10	-6.600506724e-10
623.951	0.342	-0.380	4.84056972e-09	7.7925078e-10	-7.79349816e-10
624.653	0.271	-0.360	5.787243504e-09	8.793225e-10	-8.79447996e-10
625.303	0.312	-0.378	5.295038364e-09	8.04535956e-10	-8.04650112e-10
625.960	0.438	-0.345	4.669344792e-09	7.0946631e-10	-7.095665556e-10
3835.929	1.941	-2.892	6.62790114e-10	1.247322132e-10	-1.276118928e-10
3840.603	3.354	-2.732	7.269615108e-10	1.22361624e-10	-1.27007244e-10
3846.785	2.115	-2.829	5.454935388e-10	1.03932612e-10	-1.054591272e-10
3850.916	1.906	-2.015	6.727665168e-10	1.30800096e-10	-1.315896624e-10
3855.244	1.807	-2.422	5.985608076e-10	1.161417096e-10	-1.16530974e-10
3859.821	2.391	-2.770	4.527307512e-10	9.58996584e-11	-9.6075126e-11
3865.351	2.730	-3.139	4.393606644e-10	8.03973492e-11	-8.05307832e-11
3870.865	2.027	-2.784	5.307987888e-10	9.70786404e-11	-9.71938548e-11
3875.173	2.761	-2.281	4.950694728e-10	9.3126726e-11	-9.32138928e-11
3880.194	2.497	-2.260	3.97832526e-10	1.055459916e-10	-1.055903688e-10
3885.327	1.556	-2.636	5.069931048e-10	1.177640856e-10	-1.178325792e-10
3889.441	2.182	-2.558	5.378454648e-10	1.011574872e-10	-1.012407984e-10
3895.027	3.150	-3.405	3.79520316e-10	7.346457216e-11	-7.352270856e-11
3901.428	2.271	-3.251	4.35115044e-10	8.67696732e-11	-8.6874606e-11
3907.014	3.022	-3.315	3.932060328e-10	7.6138272e-11	-7.6217274e-11
3912.184	2.805	-2.148	4.891703292e-10	1.004931144e-10	-1.006211808e-10
3917.639	2.081	-2.650	5.197996692e-10	1.0367406e-10	-1.03815054e-10
3922.754	3.282	-3.034	3.661636104e-10	7.75356624e-11	-7.76469456e-11
3928.826	1.863	-2.789	4.743996012e-10	1.0684926e-10	-1.069990992e-10
3933.392	1.810	-2.703	4.778311608e-10	1.110985092e-10	-1.112677776e-10
3937.394	2.087	-2.192	6.081719112e-10	1.114345512e-10	-1.117883592e-10
3942.050	2.624	-2.569	3.756863376e-10	9.97541244e-11	-9.98775792e-11
3947.182	3.001	-2.508	4.256001036e-10	9.02041056e-11	-9.0432342e-11
3952.419	2.198	-2.237	5.412639456e-10	1.113333228e-10	-1.116356472e-10
3957.781	2.520	-3.163	4.521289752e-10	8.52498108e-11	-8.5548204e-11
3962.382	1.558	-2.082	5.837043492e-10	1.402888788e-10	-1.406639304e-10
3965.724	2.588	-1.783	6.5667861e-10	1.189872936e-10	-1.19510748e-10
3971.488	2.908	-3.177	4.041514764e-10	8.07603048e-11	-8.10555984e-11
3976.818	2.064	-2.421	5.845876596e-10	1.071423612e-10	-1.0752021e-10
3981.393	2.602	-2.511	6.471777312e-10	1.169111664e-10	-1.175414436e-10
3985.463	2.448	-1.468	6.121423476e-10	1.259762112e-10	-1.264041072e-10
3989.763	2.770	-1.852	5.428731672e-10	1.052793504e-10	-1.055583144e-10
3995.944	2.269	-3.412	4.764710412e-10	8.73536076e-11	-8.7697512e-11
4001.139	2.298	-2.926	5.082302232e-10	9.58124916e-11	-9.61277436e-11
4006.143	2.974	-2.705	4.585551264e-10	8.63697492e-11	-8.6557842e-11
4011.111	1.916	-1.995	6.51360906e-10	1.262759652e-10	-1.26558936e-10
4015.572	2.619	-2.546	4.895324532e-10	9.49712148e-11	-9.52694568e-11
4022.514	2.465	-4.323	3.047435244e-10	7.56554904e-11	-7.5808278e-11
4027.120	3.045	-2.141	6.800078628e-10	1.128122856e-10	-1.131744096e-10
4032.154	2.160	-1.989	5.90122638e-10	1.178325792e-10	-1.181443536e-10
4036.495	2.396	-2.181	5.360566176e-10	1.070926164e-10	-1.074489948e-10
4040.978	2.167	-2.086	5.906195568e-10	1.145911536e-10	-1.149623496e-10
4046.216	2.322	-3.070	4.34662956e-10	9.20912328e-11	-9.2281518e-11
4051.816	2.417	-3.278	4.411639512e-10	8.55529668e-11	-8.57771964e-11
4057.066	1.655	-2.833	5.209436484e-10	1.1034387e-10	-1.105391448e-10
4060.180	2.405	-1.459	6.137641944e-10	1.368784872e-10	-1.371029436e-10
4065.051	1.930	-2.465	5.947898796e-10	1.08982314e-10	-1.093279572e-10
4068.952	2.779	-1.971	5.523359436e-10	1.012485096e-10	-1.016282484e-10
4074.430	2.547	-2.699	5.007734172e-10	9.177462e-11	-9.20900988e-11
4080.452	2.210	-3.475	3.9109392e-10	8.81248788e-11	-8.8293996e-11
4084.844	2.375	-2.183	5.733465444e-10	1.05071904e-10	-1.054293408e-10
4089.526	2.483	-2.307	5.347737612e-10	1.008193284e-10	-1.011545388e-10
4093.923	2.242	-1.914	5.765912208e-10	1.185489648e-10	-1.188066096e-10
4098.232	2.451	-2.067	5.569594884e-10	1.079702568e-10	-1.08206658e-10
4102.709	2.382	-2.027	5.858112456e-10	1.13624532e-10	-1.139486292e-10
4108.141	2.582	-3.051	4.576216932e-10	8.87822964e-11	-8.90633772e-11
4113.628	2.892	-2.904	4.326581196e-10	8.39401164e-11	-8.42071356e-11
4118.639	1.770	-2.119	6.015842784e-10	1.274978124e-10	-1.278133668e-10
4123.015	3.215	-2.606	4.447150344e-10	8.38642896e-11	-8.41744764e-11
4128.870	2.407	-2.640	7.6399848e-10	1.190875392e-10	-1.198710576e-10
4134.698	2.270	-3.420	4.307348556e-10	8.6024862e-11	-8.62756272e-11
4140.245	2.662	-3.277	2.534666148e-10	9.14146128e-11	-9.14766804e-11
4145.055	2.578	-2.149	5.599137852e-10	1.055212704e-10	-1.058243508e-10
4150.565	2.298	-2.931	4.619088936e-10	9.796248e-11	-9.82950444e-11
4155.291	2.812	-2.429	4.649265432e-10	9.28470816e-11	-9.3110094e-11
4160.151	2.482	-2.047	4.026503628e-10	1.14750972e-10	-1.14870042e-10
4164.964	3.404	-2.330	3.96132282e-10	8.92942596e-11	-8.95103244e-11
4170.449	2.167	-2.081	5.865973344e-10	1.316481012e-10	-1.319485356e-10
5396.930	2.692	-3.099	4.131338148e-10	7.542762444e-11	-7.542760932e-11
5404.156	2.908	-4.534	2.905239204e-10	6.06121488e-11	-6.061214124e-11
5409.328	1.490	-2.264	5.755527036e-10	1.200778236e-10	-1.200778236e-10
5412.808	2.211	-1.990	4.736489688e-10	1.098576864e-10	-1.098576864e-10
5417.986	2.144	-2.968	4.223996532e-10	8.8125408e-11	-8.8125408e-11
5423.663	3.670	-3.533	3.076218432e-10	6.202713132e-11	-6.202712376e-11
5431.263	3.430	-3.929	3.011399748e-10	6.072016608e-11	-6.072015852e-11
5436.916	1.940	-2.223	5.3200665e-10	1.072708056e-10	-1.072708056e-10
5440.842	1.910	-1.986	6.12178182e-10	1.117680228e-10	-1.117680228e-10
5446.395	3.957	-3.644	2.914409484e-10	5.876450748e-11	-5.876449992e-11
5453.333	1.043	-2.981	5.789358792e-10	1.092048048e-10	-1.092047292e-10
5457.228	3.633	-2.852	3.445500996e-10	6.947313408e-11	-6.947312652e-11
5463.294	3.016	-2.433	4.382219772e-10	8.26618716e-11	-8.26618716e-11
5469.755	2.290	-3.444	3.092563152e-10	8.34515892e-11	-8.34515892e-11
5475.444	2.486	-3.399	2.893871232e-10	8.12803572e-11	-8.12803572e-11
5483.208	3.762	-5.278	2.262196188e-10	5.061667212e-11	-5.061666456e-11
5489.516	1.912	-2.546	4.460720544e-10	1.034615484e-10	-1.034615484e-10
5492.975	1.731	-1.546	6.070885632e-10	1.408074948e-10	-1.408074948e-10
5497.859	3.332	-3.153	3.155849424e-10	7.061218416e-11	-7.061216904e-11
5503.290	2.818	-2.100	4.857389964e-10	8.86834872e-11	-8.86834872e-11
5508.546	3.460	-2.437	3.566697624e-10	7.70378364e-11	-7.70378364e-11
5515.264	1.512	-3.258	4.768769376e-10	9.29795328e-11	-9.29795328e-11
5518.410	3.700	-1.634	5.94897912e-10	9.8498484e-11	-9.8498484e-11
5524.288	2.136	-2.178	5.272027236e-10	1.027918836e-10	-1.02791808e-10
5529.386	3.094	-2.962	3.379249692e-10	7.56108108e-11	-7.56107352e-11
5557.745	19.315	-18.295	2.126339208e-10	4.806730404e-11	-4.806730404e-11
5591.678	22.992	-14.618	2.233227024e-10	4.903670772e-11	-4.903670772e-11
5622.727	6.987	-8.057	5.569191936e-10	1.217811672e-10	-1.217811672e-10
5648.181	19.143	-18.467	2.451849372e-10	5.131805112e-11	-5.131805112e-11
5680.647	21.779	-13.324	2.501185932e-10	5.34307536e-11	-5.34307536e-11
5718.341	14.173	-15.914	2.669586444e-10	5.982344424e-11	-5.982344424e-11
5747.177	12.918	-14.663	2.909664828e-10	6.534538164e-11	-6.534538164e-11
5775.293	14.890	-15.198	3.0256443e-10	6.3932463e-11	-6.3932463e-11
5803.369	14.394	-13.186	3.040875432e-10	6.6770865e-11	-6.6770865e-11
5832.549	17.809	-14.786	2.479915872e-10	5.569405128e-11	-5.569405128e-11
5870.534	19.941	-20.176	1.990235772e-10	4.489223256e-11	-4.489223256e-11
5900.251	10.283	-9.776	3.940427736e-10	8.90759268e-11	-8.90759268e-11
5931.463	14.174	-20.929	2.28525192e-10	5.121080496e-11	-5.121080496e-11
5964.774	15.965	-19.138	2.502412164e-10	5.377546692e-11	-5.377546692e-11
5995.955	14.872	-15.216	2.81721888e-10	6.173164116e-11	-6.173164116e-11
6034.854	23.612	-24.027	1.848946176e-10	3.973283496e-11	-3.973283496e-11
6076.351	14.710	-17.885	2.68496424e-10	5.781321e-11	-5.781321e-11
6101.963	14.171	-10.902	3.224165364e-10	7.272505296e-11	-7.272505296e-11
6132.183	19.053	-16.049	2.396801232e-10	5.262843348e-11	-5.262843348e-11
6167.531	11.286	-16.295	3.076605504e-10	6.741538524e-11	-6.741538524e-11
6196.181	17.738	-17.364	2.408746788e-10	5.289072012e-11	-5.289072012e-11
6235.220	18.817	-21.300	2.008115172e-10	4.50003708e-11	-4.50003708e-11
6274.838	16.809	-20.801	2.125298196e-10	4.793873868e-11	-4.793873868e-11
6326.573	32.765	-34.926	2.02309002e-10	3.505324788e-11	-3.505324788e-11
9644.154	15.705	-16.890	1.557793944e-10	3.412872792e-11	-3.412872792e-11
9677.820	19.649	-17.961	1.34564598e-10	2.959833744e-11	-2.959833744e-11
9716.519	16.052	-19.050	1.404847584e-10	3.14133498e-11	-3.14133498e-11
9748.364	16.803	-15.793	1.502752608e-10	3.374260092e-11	-3.374260092e-11
9785.097	15.172	-19.930	1.38301884e-10	3.111894072e-11	-3.111894072e-11
9820.260	17.619	-19.991	1.339939692e-10	2.941425144e-11	-2.941425144e-11
9858.349	19.647	-20.470	1.268950536e-10	2.769076044e-11	-2.769076044e-11
9903.121	17.500	-25.125	1.191427272e-10	2.62584882e-11	-2.62584882e-11
9942.676	20.569	-22.055	1.12839426e-10	2.560346712e-11	-2.560346712e-11
9975.528	15.298	-12.283	1.7791326e-10	3.978261e-11	-3.978261e-11
10017.143	26.337	-26.317	9.58022856e-11	2.119895064e-11	-2.119895064e-11
10069.557	24.068	-26.078	1.022844564e-10	2.240886816e-11	-2.240886816e-11
10105.531	20.690	-11.905	1.458636984e-10	3.30272208e-11	-3.30272208e-11
10147.652	18.686	-21.431	1.213295328e-10	2.73000294e-11	-2.73000294e-11
10186.768	14.672	-20.430	1.376784864e-10	3.110853816e-11	-3.110853816e-11
10228.512	18.060	-27.071	1.072416996e-10	2.428221348e-11	-2.428221348e-11
10275.522	21.196	-28.950	9.78088608e-11	2.200771188e-11	-2.200771188e-11
10321.971	29.903	-25.253	1.140771492e-10	2.251610676e-11	-2.251610676e-11
11170.504	12.413	-15.167	1.644363504e-10	3.685362408e-11	-3.685362408e-11
11207.856	20.193	-24.939	1.010195928e-10	2.25886752e-11	-2.25886752e-11
11307.178	24.904	-79.129	8.57454444e-11	1.887611796e-11	-1.887611796e-11
11352.674	12.004	-20.592	1.467798192e-10	3.202998876e-11	-3.202998876e-11
11383.352	16.428	-18.675	1.300586112e-10	2.928349368e-11	-2.928349368e-11
11433.236	41.763	-33.456	5.919102e-11	1.345143996e-11	-1.345143996e-11
11509.334	30.856	-34.334	6.831697572e-11	1.54892682e-11	-1.54892682e-11
11577.964	24.909	-37.775	7.56191268e-11	1.66103028e-11	-1.66103028e-11
11612.672	12.767	-9.799	2.167722648e-10	4.65069276e-11	-4.65069276e-11
11651.637	23.948	-26.198	9.24891912e-11	2.063337192e-11	-2.063337192e-11
11693.258	17.430	-17.672	1.2888666e-10	2.89527588e-11	-2.89527588e-11
11734.000	19.312	-23.312	1.038314592e-10	2.370664044e-11	-2.370664044e-11
11772.113	16.301	-18.801	1.344093156e-10	2.952399996e-11	-2.952399996e-11
11815.984	25.085	-27.569	8.5044708e-11	1.906030224e-11	-1.906030224e-11
11873.075	28.169	-32.007	8.14897692e-11	1.755669384e-11	-1.755669384e-11
11916.661	19.686	-15.417	1.280859048e-10	2.883932856e-11	-2.883932856e-11
11952.878	18.571	-16.532	1.33700868e-10	2.94330834e-11	-2.94330834e-11
11996.140	22.948	-24.691	9.35468352e-11	2.116035684e-11	-2.116035684e-11
12060.798	36.010	-41.709	8.06668632e-11	1.544703048e-11	-1.544703048e-11
15445.655	48.805	-59.010	6.91221762e-11	1.56122694e-11	-1.56122694e-11
15521.028	28.593	-26.568	1.353618e-10	3.038936292e-11	-3.038936292e-11
15584.889	34.938	-35.267	1.116742032e-10	2.455636176e-11	-2.455636176e-11
15654.169	33.355	-34.342	5.01769296e-11	1.126739376e-11	-1.126739376e-11
15709.905	20.243	-22.381	5.08000248e-11	1.113014952e-11	-1.113014952e-11
15760.606	22.196	-30.458	1.162570752e-10	2.610307728e-11	-2.610307728e-11
15818.891	44.146	-36.089	9.34039512e-11	2.11393476e-11	-2.11393476e-11
15904.002	49.298	-40.966	8.30573352e-11	1.86842754e-11	-1.86842754e-11
16019.578	54.074	-66.278	6.20465076e-11	1.395774828e-11	-1.395774828e-11
16129.035	44.909	-55.384	7.451881416e-11	1.686523356e-11	-1.686523356e-11
16234.603	59.693	-60.658	6.45197238e-11	1.426955292e-11	-1.426955292e-11
16352.804	51.814	-58.508	6.697762344e-11	1.531337724e-11	-1.531337724e-11
16453.716	58.717	-49.098	7.294321944e-11	1.603969668e-11	-1.603969668e-11
16564.531	73.268	-52.098	5.923297044e-11	1.34875692e-11	-1.34875692e-11
16697.823	50.299	-60.024	6.734091924e-11	1.52716158e-11	-1.52716158e-11
16821.324	59.686	-73.202	5.82891876e-11	1.29918222e-11	-1.29918222e-11
16938.026	43.277	-57.016	7.429245264e-11	1.67462316e-11	-1.67462316e-11
17052.074	79.655	-70.771	5.891559408e-11	1.225058688e-11	-1.225058688e-11
21076.477	23.070	-19.555	6.58595448e-11	1.475989452e-11	-1.475989452e-11
21125.742	28.966	-26.195	5.195347668e-11	1.172277792e-11	-1.172277792e-11
21173.628	28.719	-18.920	6.315060024e-11	1.38399786e-11	-1.38399786e-11
21229.862	25.138	-27.515	5.690828556e-11	1.247192856e-11	-1.247192856e-11
21278.817	23.823	-23.816	5.953520412e-11	1.340305596e-11	-1.340305596e-11
21328.208	29.593	-25.568	5.068106064e-11	1.14356718e-11	-1.14356718e-11
21399.793	25.706	-41.992	4.19349798e-11	9.39812328e-12	-9.39812328e-12
21482.733	35.536	-57.235	3.234363804e-11	7.088378472e-12	-7.088378472e-12
21544.829	23.587	-26.559	5.947048296e-11	1.30054302e-11	-1.30054302e-11
21605.484	18.093	-37.068	5.452080732e-11	1.192299696e-11	-1.192299696e-11
21649.020	29.718	-25.443	5.186296836e-11	1.159691148e-11	-1.159691148e-11
21702.912	20.958	-24.174	6.52347108e-11	1.43275986e-11	-1.43275986e-11
21756.706	32.354	-32.836	4.333132692e-11	9.71105436e-12	-9.71105436e-12
21821.647	32.604	-32.586	4.280968692e-11	9.59415408e-12	-9.59415408e-12
21892.267	34.696	-38.017	4.061208564e-11	8.91969624e-12	-8.91969624e-12
21947.520	19.560	-20.557	6.972921396e-11	1.562713236e-11	-1.562713236e-11
22004.265	28.006	-37.184	4.480636608e-11	9.92660508e-12	-9.92660508e-12
22058.949	25.975	-26.679	5.637976596e-11	1.23295284e-11	-1.23295284e-11
22119.267	28.340	-34.343	4.468021236e-11	1.005877656e-11	-1.005877656e-11
22203.502	39.383	-55.895	2.92031838e-11	6.589404864e-12	-6.589404864e-12
22278.732	31.851	-35.847	4.13701722e-11	9.29251764e-12	-9.29251764e-12
22331.640	29.090	-21.057	5.599497708e-11	1.266348384e-11	-1.266348384e-11
22386.929	13.918	-26.199	7.037764272e-11	1.5808149e-11	-1.5808149e-11
22424.788	23.699	-23.940	5.934333132e-11	1.335985812e-11	-1.335985812e-11
22496.408	37.327	-47.922	3.386053692e-11	7.56750708e-12	-7.56750708e-12
22564.821	26.583	-31.086	4.689220788e-11	1.095389568e-11	-1.095389568e-11
22618.228	20.816	-26.824	5.965203636e-11	1.380480948e-11	-1.380480948e-11
22670.629	33.605	-31.585	4.025306124e-11	9.6756282e-12	-9.6756282e-12
22726.796	22.570	-22.562	5.908728168e-11	1.413454644e-11	-1.413454644e-11
22795.491	31.602	-46.125	3.458681856e-11	8.19487368e-12	-8.19487368e-12
22859.053	30.723	-31.960	4.39972722e-11	1.015828884e-11	-1.015828884e-11
22924.971	51.743	-35.195	4.879252728e-11	1.078623e-11	-1.078623e-11
23011.054	43.387	-34.340	3.559249512e-11	8.1608688e-12	-8.1608688e-12
23096.892	54.640	-42.451	4.022435592e-11	9.07621848e-12	-9.07621848e-12
23193.258	20.957	-41.726	4.69776888e-11	1.034010684e-11	-1.034010684e-11
23261.913	71.934	-47.698	2.974581792e-11	6.788969964e-12	-6.788969964e-12
23365.184	21.317	-31.337	5.418180936e-11	1.214278128e-11	-1.214278128e-11
23414.949	41.756	-28.449	3.96164412e-11	8.97986628e-12	-8.97986628e-12
23519.540	49.166	-62.834	3.95477586e-11	8.14914324e-12	-8.14914324e-12
26838.241	86.413	-64.026	2.3616684e-11	5.319659772e-12	-5.319659772e-12
26989.936	67.607	-65.282	2.66098014e-11	6.002680068e-12	-6.002680068e-12
27117.452	47.905	-59.910	3.270440124e-11	7.37750916e-12	-7.37750916e-12
27237.912	52.811	-72.555	2.838672648e-11	6.375371436e-12	-6.375371436e-12
27343.732	54.806	-53.009	3.119725476e-11	7.016869944e-12	-7.016869944e-12
27451.296	62.579	-52.758	2.95007076e-11	6.65481474e-12	-6.65481474e-12
27595.229	111.701	-81.354	2.874879756e-11	5.040178668e-12	-5.040178668e-12
28598.746	37.366	-40.361	2.147522328e-11	4.82437998e-12	-4.82437998e-12
28674.465	44.388	-38.353	3.446111844e-11	7.74085032e-12	-7.74085032e-12
28749.311	37.240	-30.457	4.24955538e-11	9.5455962e-12	-9.5455962e-12
28828.788	50.535	-42.236	3.147578784e-11	7.059549168e-12	-7.059549168e-12
28915.551	38.991	-36.229	4.1259456e-11	9.02955816e-12	-9.02955816e-12
28996.655	40.629	-42.113	3.571130808e-11	8.00951004e-12	-8.00951004e-12
29097.569	52.544	-60.285	2.614084704e-11	5.889796416e-12	-5.889796416e-12
29204.512	38.373	-54.398	3.03882516e-11	6.846779016e-12	-6.846779016e-12
29275.955	32.119	-33.071	3.354688764e-11	6.618439044e-12	-6.618439044e-12
32558.697	24.326	-30.835	3.179587068e-11	7.132904604e-12	-7.132904604e-12
32620.998	44.767	-37.975	2.125039644e-11	4.751732916e-12	-4.751732916e-12
32721.452	39.590	-55.688	1.93529952e-11	4.223168712e-12	-4.223168712e-12
32802.529	23.704	-41.486	2.819452104e-11	6.152547996e-12	-6.152547996e-12
32849.094	22.271	-22.861	4.105845072e-11	8.95968864e-12	-8.95968864e-12
32907.337	39.248	-35.972	2.32592094e-11	5.243423976e-12	-5.243423976e-12
32998.853	40.503	-52.268	1.892453976e-11	4.238527608e-12	-4.238527608e-12
33066.931	32.600	-27.575	2.900816604e-11	6.50752704e-12	-6.50752704e-12
33137.259	47.522	-37.727	2.044077336e-11	4.593037176e-12	-4.593037176e-12
33224.387	45.643	-39.606	2.206035216e-11	4.95695592e-12	-4.95695592e-12
33306.134	44.129	-36.105	4.063974012e-11	8.8952472e-12	-8.8952472e-12
33403.031	42.510	-52.768	3.004924608e-11	6.74063964e-12	-6.74063964e-12
33497.057	41.256	-51.515	1.879075044e-11	4.201739892e-12	-4.201739892e-12
33569.275	26.706	-30.962	3.015480636e-11	6.764756796e-12	-6.764756796e-12
33633.459	30.220	-37.478	2.56986324e-11	5.765084388e-12	-5.765084388e-12
33703.539	37.867	-39.860	2.22893748e-11	5.016591468e-12	-5.016591468e-12
33783.898	35.236	-42.491	2.230181856e-11	5.011214796e-12	-5.011214796e-12
33854.982	34.357	-35.848	2.476016424e-11	5.545533672e-12	-5.545533672e-12
33928.199	23.823	-38.860	2.771880804e-11	6.218279928e-12	-6.218279928e-12
33984.074	30.631	-32.052	2.917210464e-11	6.385597092e-12	-6.385597092e-12
34053.188	29.215	-38.483	2.568985524e-11	5.763115764e-12	-5.763115764e-12
34107.723	22.319	-25.320	3.663214632e-11	8.19119952e-12	-8.19119952e-12
34177.134	55.701	-47.091	1.770123348e-11	3.886732836e-12	-3.886732836e-12
38278.308	52.913	-39.857	2.220263136e-11	4.99295286e-12	-4.99295286e-12
38390.259	41.255	-59.038	1.963007676e-11	4.439732472e-12	-4.439732472e-12
38482.642	71.730	-51.129	1.593420444e-11	3.593540916e-12	-3.593540916e-12
38643.354	68.980	-88.981	1.3084092e-11	2.866786776e-12	-2.866786776e-12
38773.487	81.765	-61.153	1.368913392e-11	3.082819824e-12	-3.082819824e-12
38924.176	68.978	-68.925	1.416867228e-11	3.190812912e-12	-3.190812912e-12
39095.154	93.571	-102.001	9.94318416e-12	2.239225884e-12	-2.239225884e-12
39304.133	120.281	-115.408	8.24929056e-12	1.863072036e-12	-1.863072036e-12
39541.816	115.779	-117.403	8.3552742e-12	1.887009264e-12	-1.887009264e-12
39736.550	66.470	-78.955	1.396493784e-11	3.10179618e-12	-3.10179618e-12
39925.947	100.225	-122.927	8.21961e-12	1.974938112e-12	-1.974938112e-12
40166.521	126.458	-140.349	7.074739476e-12	1.854001548e-12	-1.854001548e-12
40399.753	135.644	-106.774	9.05281272e-12	2.0445453e-12	-2.0445453e-12
40680.435	94.870	-145.038	9.23159916e-12	2.08790946e-12	-2.08790946e-12
44029.685	39.121	-48.635	1.9535229e-11	4.382901684e-12	-4.382901684e-12
44106.031	50.532	-37.224	1.956583188e-11	4.397162868e-12	-4.397162868e-12
44209.386	52.484	-52.824	1.722952728e-11	3.771832176e-12	-3.771832176e-12
44336.446	60.820	-74.576	1.274097384e-11	2.863365876e-12	-2.863365876e-12
44440.754	64.326	-43.488	1.594983852e-11	3.596630688e-12	-3.596630688e-12
44556.848	46.018	-51.768	1.759426704e-11	3.954078828e-12	-3.954078828e-12
44675.566	42.637	-72.700	1.491554736e-11	3.35772864e-12	-3.35772864e-12
44758.567	29.841	-40.364	2.44731564e-11	5.509298592e-12	-5.509298592e-12
44855.835	65.461	-67.427	1.297072224e-11	2.91009726e-12	-2.91009726e-12
44977.941	36.126	-56.645	1.962019584e-11	4.288322304e-12	-4.288322304e-12
45070.221	41.632	-56.153	1.750674492e-11	3.9543903e-12	-3.9543903e-12
45157.978	44.138	-46.125	1.893793608e-11	4.28491728e-12	-4.28491728e-12
45249.877	37.488	-47.761	2.010009708e-11	4.53249972e-12	-4.53249972e-12
45341.512	71.220	-54.146	1.373875776e-11	3.098041128e-12	-3.098041128e-12
45489.440	58.688	-76.708	1.249247664e-11	2.855605536e-12	-2.855605536e-12
45612.806	48.151	-64.679	1.50418296e-11	3.426616116e-12	-3.426616116e-12
45713.352	37.869	-52.394	1.864438884e-11	4.283848296e-12	-4.283848296e-12
45836.837	63.994	-85.616	1.362394404e-11	3.146563476e-12	-3.146563476e-12
45999.222	58.835	-98.391	1.266578964e-11	2.966301324e-12	-2.966301324e-12
46137.280	60.373	-79.223	1.4911344e-11	3.426121692e-12	-3.426121692e-12
46265.330	67.719	-67.676	1.26328734e-11	2.86805232e-12	-2.86805232e-12
46430.868	86.887	-97.819	1.528094484e-11	2.912231448e-12	-2.912231448e-12
49757.453	45.914	-41.842	1.998040716e-11	4.367062728e-12	-4.367062728e-12
49841.474	42.127	-38.108	2.07777528e-11	4.661694828e-12	-4.661694828e-12
49951.940	62.041	-68.340	1.329238512e-11	2.924002368e-12	-2.924002368e-12
50052.713	33.981	-38.731	2.28332034e-11	5.122854828e-12	-5.122854828e-12
50150.617	48.906	-63.923	1.462345164e-11	3.297572208e-12	-3.297572208e-12
50273.475	61.443	-73.953	1.228010112e-11	2.75516262e-12	-2.75516262e-12
50390.072	42.632	-55.154	1.691717832e-11	3.814805484e-12	-3.814805484e-12
50506.142	77.001	-73.439	1.094511096e-11	2.476491192e-12	-2.476491192e-12
50644.941	35.987	-61.798	1.701897372e-11	3.82481568e-12	-3.82481568e-12
50727.306	46.393	-46.378	1.79705358e-11	4.031867448e-12	-4.031867448e-12
50839.248	67.340	-65.548	1.234609236e-11	2.807782488e-12	-2.807782488e-12
50956.599	67.832	-50.012	1.423372608e-11	3.198863556e-12	-3.198863556e-12
51122.193	60.200	-97.761	1.0487421e-11	2.364902568e-12	-2.364902568e-12
51253.082	74.736	-70.689	1.136709504e-11	2.558936772e-12	-2.558936772e-12
51408.156	67.594	-80.338	1.116985464e-11	2.518790148e-12	-2.518790148e-12
51533.158	57.929	-57.408	1.430664228e-11	3.22613172e-12	-3.22613172e-12
51669.547	66.965	-78.460	1.11585222e-11	2.559533256e-12	-2.559533256e-12
51809.151	45.205	-72.640	1.468493712e-11	3.235543164e-12	-3.235543164e-12
51908.246	83.993	-53.890	1.194897312e-11	2.699047764e-12	-2.699047764e-12
55587.186	110.365	-105.264	8.74410768e-12	2.016844704e-12	-2.016844704e-12
55787.667	70.352	-90.117	1.22162418e-11	2.7597402e-12	-2.7597402e-12
55955.147	90.920	-97.128	1.053619056e-11	2.3628402e-12	-2.3628402e-12
56168.522	80.639	-122.454	9.8115948e-12	2.213261064e-12	-2.213261064e-12
56352.435	104.834	-103.274	9.53669052e-12	2.154410244e-12	-2.154410244e-12
56550.402	62.320	-93.134	1.27583694e-11	2.8822122e-12	-2.8822122e-12
56696.443	84.269	-83.721	1.191548988e-11	2.683908864e-12	-2.683908864e-12
56857.673	65.957	-76.960	1.410526656e-11	3.181809708e-12	-3.181809708e-12
57054.029	162.943	-130.399	7.448137704e-12	1.613556504e-12	-1.613556504e-12
62881.105	68.022	-112.505	9.91426716e-12	2.169592992e-12	-2.169592992e-12
63066.194	98.563	-117.067	7.87091256e-12	1.773123912e-12	-1.773123912e-12
63259.098	78.664	-94.341	7.363263852e-12	1.9163277e-12	-1.9163277e-12
63401.059	82.128	-63.297	1.171007712e-11	2.63406276e-12	-2.63406276e-12
63587.499	141.396	-104.313	1.177221276e-11	2.031309252e-12	-2.031309252e-12
68579.696	63.071	-109.934	9.7035246e-12	2.183658372e-12	-2.183658372e-12
68747.645	65.620	-104.879	7.368871104e-12	1.9107333e-12	-1.9107333e-12
68903.886	79.877	-90.621	9.7903512e-12	2.2067262e-12	-2.2067262e-12
69025.756	38.241	-41.993	2.09305026e-11	4.687655112e-12	-4.687655112e-12
69150.856	96.176	-86.859	9.11839572e-12	2.055268404e-12	-2.055268404e-12
69353.002	112.157	-105.971	8.43755724e-12	1.809351432e-12	-1.809351432e-12
73849.017	191.322	-262.503	3.774295224e-12	9.84317292e-13	-9.84317292e-13
74292.668	289.252	-252.329	2.973908952e-12	7.77143052e-13	-7.77143052e-13
74934.080	267.135	-352.159	2.869774488e-12	7.24656996e-13	-7.24656996e-13
79633.307	121.386	-106.780	7.82806248e-12	1.755275508e-12	-1.755275508e-12
79866.582	78.667	-111.889	6.945159564e-12	1.80659052e-12	-1.80659052e-12
80039.888	68.337	-94.639	1.088668728e-11	2.441106612e-12	-2.441106612e-12
80264.212	119.818	-155.987	4.777479252e-12	1.250490528e-12	-1.250490528e-12
80474.161	92.903	-90.131	1.064997612e-11	2.27631978e-12	-2.27631978e-12
80756.889	181.247	-189.824	8.13245076e-12	1.401562008e-12	-1.401562008e-12
85691.626	140.774	-165.116	7.76205612e-12	1.505293524e-12	-1.505293524e-12
90003.343	208.198	-122.766	6.587824824e-12	1.32881364e-12	-1.32881364e-12
91931.947	479.922	-533.027	4.25105982e-12	9.15850908e-13	-9.15850908e-13
95804.742	80.851	-144.808	5.69970324e-12	1.488649428e-12	-1.488649428e-12
96138.217	344.111	-252.625	4.159450008e-12	7.84548828e-13	-7.84548828e-13
107663.057	116.103	-94.512	6.102081216e-12	1.584801288e-12	-1.584801288e-12
108012.073	200.849	-232.913	3.316538736e-12	8.18070624e-13	-8.18070624e-13
113238.034	138.877	-192.089	4.471401312e-12	1.12126518e-12	-1.12126518e-12
113565.673	124.652	-188.763	4.400783352e-12	1.149345288e-12	-1.149345288e-12
113844.163	134.504	-153.838	4.7742912e-12	1.241793504e-12	-1.241793504e-12
114281.081	231.634	-302.414	3.234691152e-12	7.556543568e-13	-7.556543568e-13
125382.512	349.003	-327.968	3.678311196e-12	6.989248728e-13	-6.989248728e-13
131126.461	305.022	-432.124	3.0862944e-12	6.231372336e-13	-6.231372336e-13
136456.258	226.971	-219.331	3.428797176e-12	8.88643224e-13	-8.88643224e-13
138357.500	4295.043	-1674.271	2.357254116e-12	4.529204316e-13	-4.529204316e-13
205863.238	228.797	-367.945	2.273474952e-12	5.927151888e-13	-5.927151888e-13
206604.574	487.869	-512.539	1.619959068e-12	3.8990889e-13	-3.8990889e-13
210946.425	405.348	-389.466	1.822270716e-12	4.62065688e-13	-4.62065688e-13
219224.921	3827.403	-2401.802	1.28239902e-12	2.133769932e-13	-2.133769932e-13
292766.671	4056.635	-1583.548	7.197465492e-13	1.937222028e-13	-1.937222028e-13
297403.966	888.617	-580.660	1.091189988e-12	2.63529504e-13	-2.63529504e-13
303072.935	919.633	-772.795	1.085912352e-12	2.421545112e-13	-2.421545112e-13
406211.619	7102.293	-5787.289	7.072658208e-13	1.4541093e-13	-1.4541093e-13
497679.415	7673.766	-5711.252	3.820985028e-13	9.175572e-14	-9.175572e-14
626901.106	55512.604	-36819.526	4.289053356e-13	8.5158864e-14	-8.5158864e-14
820222.257	86890.056	-75194.092	1.821629628e-13	4.04219214e-14	-4.04219214e-14
1197626.067	506306.940	-206566.856	8.02111464e-14	1.887850692e-14	-1.887850692e-14