Time	T_+ve	T_-ve	Flux	Fluxpos	Fluxneg
52.1687240871348	0.402213920799767	-0.307647033690934	4.249498858779e-09	6.50957584822527e-10	-5.91912489114738e-10
52.9419767979701	0.386992220592234	-0.37103879003547	2.91425137366176e-09	4.75216419950297e-10	-4.54077727791822e-10
53.8410662648616	0.526871734013085	-0.512097246299312	3.38615268277035e-09	4.12156594764319e-10	-4.17614319042064e-10
54.7332109571723	0.351688067894131	-0.365272958297567	3.08542710578041e-09	4.88657692717281e-10	-4.76786478450659e-10
55.4478542386635	0.499923764655271	-0.362955213597132	3.20601294703322e-09	4.98957699312626e-10	-4.68033830544488e-10
56.4735359526888	0.56571710336052	-0.525757949369975	2.80508591226224e-09	3.82138790797401e-10	-4.03045800354589e-10
64.355	0.289	-0.318	2.84472027e-09	4.27922544e-10	-4.3210146e-10
65.088	0.367	-0.444	2.098772172e-09	3.216316642e-10	-3.24651026e-10
65.835	0.338	-0.379	2.409158598e-09	3.62572322e-10	-3.66339722e-10
66.631	0.367	-0.458	2.09243972e-09	3.15514598e-10	-3.196079264e-10
67.344	0.376	-0.346	2.323106352e-09	3.63649412e-10	-3.68133906e-10
68.241	0.469	-0.520	1.571843644e-09	2.7076175e-10	-2.732927022e-10
69.028	0.367	-0.318	2.449842332e-09	3.83462394e-10	-3.881549e-10
69.843	0.390	-0.448	2.031934632e-09	3.122335468e-10	-3.162889758e-10
70.605	0.292	-0.372	2.528656984e-09	3.95500364e-10	-3.99953946e-10
71.327	0.424	-0.430	2.022664574e-09	3.049745398e-10	-3.08900396e-10
72.154	0.519	-0.404	1.790663574e-09	2.860209436e-10	-2.898919954e-10
73.053	0.405	-0.379	2.170161504e-09	3.34668124e-10	-3.40390708e-10
73.914	0.425	-0.455	1.905433068e-09	2.995844852e-10	-3.04782821e-10
74.729	0.309	-0.390	2.46160628e-09	3.79094142e-10	-3.85037296e-10
75.399	0.291	-0.360	2.692073594e-09	4.07842302e-10	-4.15366798e-10
76.122	0.375	-0.433	2.170168266e-09	3.28879208e-10	-3.35054524e-10
76.879	0.422	-0.382	2.179727802e-09	3.30487598e-10	-3.36852572e-10
77.801	0.407	-0.500	1.904313152e-09	2.939924078e-10	-2.99370967e-10
78.575	0.424	-0.366	2.219043358e-09	3.35807038e-10	-3.41605936e-10
79.424	0.413	-0.425	2.002312242e-09	3.203703258e-10	-3.2533431e-10
80.349	0.453	-0.513	1.81446678e-09	2.761167388e-10	-2.822675506e-10
81.221	0.306	-0.418	2.35170446e-09	3.71654654e-10	-3.79782578e-10
81.955	0.385	-0.428	2.125170698e-09	3.29355768e-10	-3.3651898e-10
82.811	0.350	-0.471	2.132977588e-09	3.25589334e-10	-3.33582984e-10
83.539	0.370	-0.377	2.345892682e-09	3.59221268e-10	-3.68726064e-10
84.225	0.332	-0.316	2.668162196e-09	4.16431652e-10	-4.27286916e-10
84.943	0.407	-0.386	2.19383752e-09	3.42159776e-10	-3.50962612e-10
85.602	0.365	-0.252	3.030168442e-09	4.6410021e-10	-4.76425404e-10
86.437	0.504	-0.470	1.867398106e-09	2.972690798e-10	-3.049609514e-10
87.281	0.291	-0.341	2.961879004e-09	4.58268468e-10	-4.72137008e-10
87.858	0.298	-0.285	3.205696438e-09	4.96549438e-10	-5.11738178e-10
88.559	0.387	-0.403	3.52594186e-09	4.5576202e-10	-4.75708954e-10
89.301	0.303	-0.355	3.157553574e-09	4.67318278e-10	-4.83430836e-10
89.916	0.282	-0.313	3.14816824e-09	4.89555276e-10	-5.05057644e-10
90.569	0.321	-0.371	2.664477228e-09	4.219327e-10	-4.34931196e-10
91.316	0.323	-0.426	2.4618671e-09	3.90097204e-10	-4.02185728e-10
91.945	0.372	-0.305	2.641646462e-09	4.33342126e-10	-4.4578324e-10
92.605	0.335	-0.288	3.004191414e-09	4.66277896e-10	-4.80799452e-10
93.308	0.332	-0.369	2.630629554e-09	4.13163996e-10	-4.24920538e-10
94.032	0.475	-0.392	2.097503814e-09	3.33932676e-10	-3.42547142e-10
94.843	0.349	-0.336	2.731037848e-09	4.20667884e-10	-4.32801166e-10
95.685	0.581	-0.493	1.703071524e-09	2.727659102e-10	-2.804000794e-10
96.677	0.327	-0.410	2.597170534e-09	4.04165062e-10	-4.17067924e-10
97.519	0.435	-0.515	2.013484354e-09	3.139747618e-10	-3.24208598e-10
98.436	0.481	-0.483	1.98376311e-09	3.12967256e-10	-3.24492602e-10
99.312	0.360	-0.394	2.463494166e-09	4.05783434e-10	-4.21700538e-10
100.087	0.501	-0.415	2.057981856e-09	3.33818688e-10	-3.47647944e-10
101.093	0.412	-0.505	2.057981856e-09	3.34180294e-10	-3.4820436e-10
101.918	0.378	-0.413	2.416181096e-09	3.8386586e-10	-3.99330232e-10
102.732	0.390	-0.435	2.284182348e-09	3.69769344e-10	-3.8461451e-10
103.682	0.420	-0.560	1.923522062e-09	3.117684822e-10	-3.24528022e-10
104.682	0.553	-0.580	1.639780814e-09	2.697293536e-10	-2.80128569e-10
105.760	0.532	-0.525	1.784277348e-09	2.921814154e-10	-3.05713079e-10
106.761	0.524	-0.469	1.992271638e-09	3.36499338e-10	-3.53655176e-10
107.770	0.330	-0.485	2.347082472e-09	4.24178328e-10	-4.43228492e-10
108.545	0.498	-0.445	2.267331122e-09	3.6795423e-10	-3.8828853e-10
109.470	0.400	-0.427	2.584269282e-09	4.22337776e-10	-4.45310222e-10
110.265	0.402	-0.395	2.474285674e-09	4.32839806e-10	-4.53557608e-10
111.136	0.374	-0.470	2.409325716e-09	4.09924032e-10	-4.30148852e-10
112.016	0.373	-0.506	2.34578449e-09	3.96365256e-10	-4.1386821e-10
112.788	0.375	-0.399	2.62533362e-09	4.52914574e-10	-4.69578396e-10
113.761	0.639	-0.598	1.66732566e-09	2.829122268e-10	-2.941019522e-10
114.804	0.428	-0.405	2.44021421e-09	4.20042238e-10	-4.37024518e-10
115.646	0.529	-0.414	2.218043226e-09	3.67898846e-10	-3.86004906e-10
116.615	0.336	-0.440	2.657777374e-09	4.51452372e-10	-4.68792394e-10
117.421	0.354	-0.470	2.588157754e-09	4.33174364e-10	-4.50107056e-10
118.223	0.546	-0.449	3.121378484e-09	4.58095554e-10	-4.85337076e-10
119.166	0.397	-0.397	2.62822196e-09	4.50385586e-10	-4.70002792e-10
120.017	0.561	-0.454	2.022722212e-09	3.53117758e-10	-3.6726354e-10
121.005	0.490	-0.426	2.39496355e-09	3.94310574e-10	-4.13889462e-10
121.926	0.296	-0.431	2.908015166e-09	4.9371616e-10	-5.11655746e-10
122.538	0.373	-0.315	3.142613096e-09	5.3345257e-10	-5.4374691e-10
123.345	0.322	-0.434	2.839038902e-09	4.76483042e-10	-4.92363116e-10
124.080	0.406	-0.413	3.8679767e-09	5.65769778e-10	-5.86372304e-10
124.836	0.335	-0.350	3.134003782e-09	5.29057914e-10	-5.38732404e-10
125.550	0.302	-0.380	3.150360094e-09	5.32680736e-10	-5.39408604e-10
126.304	0.556	-0.453	3.138100588e-09	4.57910404e-10	-4.76510412e-10
127.302	0.441	-0.441	3.48313196e-09	5.15748688e-10	-5.46565376e-10
128.134	0.364	-0.391	4.24456536e-09	6.11181438e-10	-6.40176572e-10
128.833	0.356	-0.336	2.976146824e-09	5.22977266e-10	-5.38447112e-10
129.620	0.355	-0.431	4.07418872e-09	5.85227272e-10	-6.17646876e-10
130.365	0.419	-0.389	2.62605812e-09	4.47877528e-10	-4.6149362e-10
131.195	0.310	-0.412	4.43546628e-09	6.3666162e-10	-6.71848814e-10
131.833	0.391	-0.327	2.974950272e-09	5.06746534e-10	-5.27869734e-10
132.709	0.451	-0.485	3.32514588e-09	4.95069204e-10	-5.13474724e-10
133.617	0.427	-0.457	3.58864814e-09	5.28232306e-10	-5.37186804e-10
134.457	0.413	-0.413	3.76948978e-09	5.65929812e-10	-5.70741136e-10
135.220	0.353	-0.350	3.018304674e-09	5.16284496e-10	-5.28046834e-10
135.964	0.318	-0.392	4.38352768e-09	6.5760611e-10	-6.66111418e-10
136.641	0.311	-0.358	4.69755174e-09	7.00473648e-10	-6.99630008e-10
137.278	0.308	-0.326	4.96145972e-09	7.37858492e-10	-7.46607876e-10
137.955	0.377	-0.370	4.2054327e-09	6.26200484e-10	-6.27973738e-10
138.738	0.326	-0.406	4.51107188e-09	6.68849062e-10	-6.50590696e-10
139.408	0.303	-0.344	5.10949922e-09	7.63910546e-10	-7.45327926e-10
140.061	0.324	-0.350	4.95521936e-09	7.3656534e-10	-7.11886938e-10
140.778	0.380	-0.392	4.24354784e-09	6.39982406e-10	-6.30320796e-10
141.525	0.356	-0.368	4.65905342e-09	6.81544878e-10	-6.83953116e-10
142.199	0.282	-0.317	5.57278638e-09	8.1489023e-10	-8.44567682e-10
142.790	0.350	-0.309	5.0267581e-09	7.44082752e-10	-7.64228682e-10
143.454	0.342	-0.314	5.08950624e-09	7.51876118e-10	-7.52466666e-10
144.113	0.298	-0.317	5.37522972e-09	8.04531812e-10	-7.85315818e-10
144.740	0.314	-0.328	5.20240266e-09	7.93593794e-10	-7.3761667e-10
145.384	0.344	-0.330	4.8114045e-09	7.21429408e-10	-7.51011226e-10
146.102	0.317	-0.373	4.88720652e-09	7.0420434e-10	-7.39252108e-10
146.646	0.288	-0.228	6.86632478e-09	9.79671798e-10	-1.025885882e-09
147.267	0.302	-0.333	5.2605784e-09	7.74829888e-10	-7.83671686e-10
147.948	0.390	-0.379	4.30513678e-09	6.3959665e-10	-6.47871406e-10
148.652	0.317	-0.314	5.34150022e-09	7.74188464e-10	-8.03490786e-10
149.314	0.316	-0.344	4.97893144e-09	7.2496851e-10	-7.4246921e-10
149.969	0.310	-0.339	4.95179006e-09	7.24841642e-10	-7.25144322e-10
150.636	0.376	-0.357	4.30282804e-09	6.4074458e-10	-6.4327389e-10
151.309	0.237	-0.297	5.9092152e-09	8.80232402e-10	-8.84375898e-10
151.913	0.286	-0.367	4.87761736e-09	7.20755462e-10	-7.20248634e-10
152.626	0.388	-0.427	3.94636438e-09	5.78096904e-10	-5.77100958e-10
153.388	0.360	-0.375	4.39956972e-09	6.47156888e-10	-6.43523118e-10
154.100	0.289	-0.351	5.02056604e-09	7.35222278e-10	-7.3532242e-10
154.709	0.290	-0.320	5.21903074e-09	7.70577878e-10	-7.73615304e-10
155.378	0.367	-0.379	4.31358606e-09	6.30347844e-10	-6.3698845e-10
156.070	0.349	-0.326	4.76905506e-09	6.98903254e-10	-6.95417282e-10
156.687	0.278	-0.268	5.77467394e-09	8.6241099e-10	-8.5121666e-10
157.299	0.315	-0.334	4.90434336e-09	7.26144454e-10	-7.13976718e-10
157.880	0.247	-0.266	6.81090214e-09	9.9420881e-10	-9.54745778e-10
158.398	0.293	-0.271	5.64695908e-09	8.8209002e-10	-7.97889274e-10
158.931	0.262	-0.240	7.49595392e-09	1.049676852e-09	-1.018858554e-09
159.477	0.297	-0.285	5.45084498e-09	8.16523736e-10	-8.09013408e-10
160.052	0.226	-0.277	6.75866086e-09	9.70865742e-10	-9.8009394e-10
160.531	0.259	-0.254	6.15739348e-09	9.04384978e-10	-9.27087588e-10
161.057	0.235	-0.266	6.72828982e-09	9.6058879e-10	-9.83295908e-10
161.613	0.277	-0.321	5.3288263e-09	7.78686804e-10	-7.86865604e-10
162.141	0.278	-0.251	6.02856128e-09	8.83908998e-10	-8.74583878e-10
162.773	0.303	-0.355	4.70004724e-09	7.08572592e-10	-6.95896418e-10
163.430	0.372	-0.354	4.41194418e-09	6.47998274e-10	-6.50334062e-10
164.106	0.264	-0.303	5.61290758e-09	8.23876606e-10	-8.07928912e-10
164.629	0.310	-0.259	5.54165542e-09	8.2227852e-10	-7.96488252e-10
165.244	0.298	-0.305	5.12983996e-09	7.72816422e-10	-7.6565643e-10
165.865	0.295	-0.322	5.15990188e-09	7.51071118e-10	-7.69719426e-10
166.410	0.251	-0.251	6.92483862e-09	9.8829528e-10	-1.02595157e-09
166.935	0.265	-0.274	5.7959517e-09	8.56644292e-10	-8.84259012e-10
167.509	0.276	-0.309	5.44219928e-09	7.87883768e-10	-8.19569534e-10
168.028	0.262	-0.242	7.74325314e-09	1.051261736e-09	-1.084075146e-09
168.574	0.222	-0.285	6.3761957e-09	9.25144318e-10	-9.4271779e-10
169.066	0.232	-0.270	6.4172185e-09	9.39409562e-10	-9.66269836e-10
169.549	0.254	-0.251	6.12338706e-09	9.11918168e-10	-9.45501158e-10
170.068	0.272	-0.265	5.87195336e-09	8.58825198e-10	-8.90686776e-10
170.577	0.266	-0.236	6.65913066e-09	9.5737684e-10	-9.66656236e-10
171.111	0.281	-0.269	5.85976566e-09	8.52481154e-10	-8.70587858e-10
171.717	0.271	-0.325	5.35315984e-09	7.81259584e-10	-8.1426716e-10
172.269	0.246	-0.280	5.99978414e-09	8.8349072e-10	-9.20700074e-10
172.799	0.312	-0.284	5.35308256e-09	7.85208914e-10	-8.07108456e-10
173.430	0.209	-0.320	6.0964099e-09	8.93294654e-10	-8.9018349e-10
173.998	0.360	-0.359	4.4388183e-09	6.56329702e-10	-6.53194066e-10
174.672	0.257	-0.314	5.58654866e-09	8.22226034e-10	-8.3568499e-10
175.280	0.340	-0.351	4.62186886e-09	6.76684288e-10	-6.99796804e-10
175.920	0.342	-0.301	4.9675423e-09	7.30664046e-10	-7.4495666e-10
176.584	0.370	-0.322	4.60998706e-09	6.77219774e-10	-6.92655488e-10
177.221	0.299	-0.267	5.72423586e-09	8.41187004e-10	-8.36771418e-10
177.872	0.316	-0.353	4.7693674e-09	7.02050482e-10	-7.13502734e-10
178.484	0.271	-0.295	5.63926006e-09	8.23707234e-10	-8.55683122e-10
179.065	0.251	-0.311	5.62024274e-09	8.27504258e-10	-8.61727706e-10
179.566	0.263	-0.250	6.22668466e-09	9.12424996e-10	-9.41741164e-10
180.112	0.290	-0.283	5.62307956e-09	8.17577642e-10	-8.41422064e-10
180.743	0.325	-0.342	4.78209284e-09	7.02654554e-10	-7.19338018e-10
181.380	0.297	-0.311	5.1780659e-09	7.56539322e-10	-7.65161516e-10
181.927	0.264	-0.250	5.99784248e-09	8.85901856e-10	-8.8749318e-10
182.586	0.331	-0.395	4.16622276e-09	6.25952544e-10	-6.30499506e-10
183.202	0.263	-0.285	5.57328548e-09	8.25042246e-10	-8.47683676e-10
183.725	0.256	-0.260	6.36958826e-09	9.1569394e-10	-9.49682006e-10
184.236	0.254	-0.255	5.9433794e-09	8.63946608e-10	-9.20509128e-10
184.732	0.268	-0.242	6.07210212e-09	8.7104059e-10	-9.309664e-10
185.256	0.247	-0.255	7.68812352e-09	1.025331076e-09	-1.08948217e-09
185.758	0.246	-0.256	7.25813438e-09	9.91290846e-10	-1.05181622e-09
186.334	0.294	-0.330	4.69942578e-09	7.25837266e-10	-7.31938844e-10
186.884	0.248	-0.256	6.30973168e-09	9.2150765e-10	-9.26985514e-10
187.389	0.246	-0.257	8.24780782e-09	1.097632956e-09	-1.115462418e-09
187.916	0.223	-0.280	6.30948052e-09	9.14410448e-10	-9.45283808e-10
188.417	0.273	-0.278	5.5914334e-09	8.21642892e-10	-8.3772647e-10
188.943	0.256	-0.252	8.10264378e-09	1.09111793e-09	-1.075018252e-09
189.455	0.254	-0.255	7.12393444e-09	9.92597522e-10	-9.79109908e-10
189.974	0.378	-0.266	6.29562164e-09	9.16090322e-10	-9.27271128e-10
190.687	0.280	-0.335	9.45037156e-09	2.265969706e-09	-1.798781838e-09
191.339	0.358	-0.372	8.31958484e-09	1.87044165e-09	-1.960332458e-09
192.028	0.309	-0.331	8.9985637e-09	1.705293968e-09	-2.395833272e-09
192.648	0.325	-0.311	9.32919652e-09	1.8623192e-09	-2.340565192e-09
193.244	0.314	-0.271	1.012326784e-08	3.119893098e-09	-1.415763482e-09
193.823	0.335	-0.264	9.5228441e-09	2.785715058e-09	-1.528459296e-09
194.525	0.333	-0.368	8.58057872e-09	2.26950108e-09	-1.566392506e-09
195.170	0.304	-0.311	9.71362266e-09	2.494258368e-09	-1.858829686e-09
195.828	0.347	-0.354	8.37608618e-09	2.323607706e-09	-1.42750006e-09
196.501	0.320	-0.325	9.31316736e-09	2.232054412e-09	-2.000020246e-09
197.084	0.283	-0.263	1.101198784e-08	2.079617358e-09	-2.473311946e-09
197.635	0.243	-0.268	1.160460952e-08	2.084496946e-09	-3.089342704e-09
198.204	0.302	-0.326	9.0910421e-09	1.611678264e-09	-2.264235092e-09
198.931	0.358	-0.425	7.61440806e-09	1.830963484e-09	-1.609126414e-09
199.580	0.280	-0.291	1.037544536e-08	3.09694609e-09	-1.53233843e-09
200.147	0.330	-0.288	9.68549918e-09	2.443501508e-09	-1.909406226e-09
200.774	0.307	-0.296	9.57027148e-09	2.211587448e-09	-2.231684756e-09
201.440	0.372	-0.360	7.82053958e-09	1.478772764e-09	-2.294726882e-09
202.161	0.325	-0.349	8.61357084e-09	1.70129022e-09	-2.478935032e-09
202.766	0.250	-0.280	1.10921272e-08	2.274805064e-09	-2.993844588e-09
203.351	0.276	-0.335	9.81401582e-09	3.052507514e-09	-1.34796606e-09
203.879	0.251	-0.252	1.295990108e-08	4.02655848e-09	-1.703454382e-09
204.362	0.291	-0.232	1.134630756e-08	3.213152992e-09	-1.891242206e-09
204.987	0.279	-0.335	9.31662886e-09	2.040957072e-09	-2.319992934e-09
205.550	0.313	-0.283	9.86686246e-09	1.816198496e-09	-2.823118256e-09
206.201	0.281	-0.338	9.64288892e-09	1.744448846e-09	-2.667339164e-09
206.786	0.264	-0.304	1.05525679e-08	1.913353624e-09	-2.97633938e-09
207.335	0.346	-0.285	9.13981544e-09	1.424410792e-09	-1.607935658e-09
207.942	0.256	-0.262	1.222207672e-08	1.7056823e-09	-1.671024152e-09
208.511	0.312	-0.313	9.38711144e-09	1.344061166e-09	-1.280939506e-09
209.094	0.306	-0.271	1.029576646e-08	1.533052948e-09	-1.661013494e-09
209.713	0.327	-0.313	8.92861564e-09	1.443360814e-09	-1.727369966e-09
210.351	0.303	-0.311	9.31669648e-09	1.640377158e-09	-2.301458936e-09
211.044	0.325	-0.391	8.32155548e-09	1.35920708e-09	-1.774896844e-09
211.727	0.313	-0.358	8.98834664e-09	1.597930796e-09	-2.377740092e-09
212.391	0.374	-0.351	8.00271108e-09	1.654969232e-09	-2.162724914e-09
213.146	0.328	-0.380	8.35893002e-09	1.738002406e-09	-2.19724106e-09
213.783	0.362	-0.309	8.98834664e-09	1.71002447e-09	-2.522394728e-09
214.482	0.275	-0.337	9.94033642e-09	1.818305986e-09	-2.470077778e-09
215.047	0.283	-0.290	1.023597428e-08	2.377931682e-09	-2.378121984e-09
215.663	0.291	-0.333	9.65413638e-09	2.373350588e-09	-2.003310442e-09
216.356	0.359	-0.402	7.91729414e-09	1.951120038e-09	-1.592381448e-09
217.056	0.263	-0.340	9.99588786e-09	1.800613052e-09	-2.747434732e-09
217.653	0.331	-0.335	9.11461894e-09	1.640969316e-09	-2.492482538e-09
218.308	0.345	-0.324	8.9301387e-09	1.874081216e-09	-2.31788319e-09
219.036	0.421	-0.383	7.155484e-09	1.625646946e-09	-1.747422516e-09
219.818	0.357	-0.361	8.23487952e-09	1.757807338e-09	-2.130302412e-09
220.438	0.296	-0.263	1.089006576e-08	2.535449252e-09	-2.270146046e-09
221.049	0.322	-0.315	9.4653671e-09	1.732916416e-09	-2.681305914e-09
221.775	0.379	-0.403	7.45778726e-09	1.45334056e-09	-2.135435092e-09
222.538	0.269	-0.384	9.20794098e-09	1.579145638e-09	-2.240576142e-09
223.122	0.388	-0.315	8.47726824e-09	1.503246696e-09	-2.217380228e-09
223.894	0.367	-0.384	7.71599906e-09	1.711497298e-09	-1.882479298e-09
224.624	0.326	-0.364	8.55086456e-09	1.57240006e-09	-2.414710522e-09
225.260	0.310	-0.310	9.79923602e-09	2.114936894e-09	-2.385813276e-09
225.809	0.290	-0.239	1.137837554e-08	2.660837984e-09	-2.550277996e-09
226.471	0.330	-0.373	8.47731332e-09	1.946841302e-09	-1.967816704e-09
227.079	0.235	-0.277	1.173370898e-08	2.170732088e-09	-2.321835096e-09
227.550	0.272	-0.237	1.224201496e-08	2.017973356e-09	-2.715309436e-09
228.123	0.290	-0.300	1.027138462e-08	2.30902014e-09	-2.265839618e-09
228.771	0.273	-0.358	9.43246514e-09	2.171777622e-09	-2.181409286e-09
229.342	0.235	-0.297	1.10960878e-08	2.413874288e-09	-2.624623932e-09
229.865	0.281	-0.288	1.036792344e-08	1.71569006e-09	-2.224811988e-09
230.418	0.235	-0.272	1.296181054e-08	2.280000534e-09	-3.12012848e-09
230.917	0.329	-0.264	9.77824806e-09	1.916841206e-09	-2.492087122e-09
231.503	0.245	-0.257	1.216384946e-08	2.145162712e-09	-3.07473775e-09
232.028	0.327	-0.281	9.61095296e-09	2.099583934e-09	-2.43225598e-09
232.681	0.328	-0.325	9.08838238e-09	2.162656972e-09	-1.984283462e-09
233.335	0.259	-0.326	9.889425e-09	2.855794494e-09	-1.585813292e-09
233.870	0.242	-0.276	1.107733774e-08	2.925905164e-09	-2.101078014e-09
234.465	0.320	-0.354	8.79594198e-09	2.317585984e-09	-1.631167314e-09
235.073	0.291	-0.287	1.010385768e-08	2.40136008e-09	-2.229486462e-09
235.609	0.274	-0.245	1.213625406e-08	2.44658015e-09	-3.23330504e-09
236.206	0.352	-0.322	8.7439261e-09	1.548501864e-09	-2.2058127e-09
236.857	0.377	-0.299	8.80035982e-09	1.54247338e-09	-2.108385482e-09
237.614	0.309	-0.380	8.56316174e-09	2.066722224e-09	-1.829286508e-09
238.268	0.325	-0.346	8.79031342e-09	1.679785772e-09	-2.151196992e-09
238.907	0.332	-0.313	8.96296016e-09	1.582021098e-09	-2.288850382e-09
239.567	0.350	-0.328	8.77727564e-09	1.78322956e-09	-2.167645074e-09
240.273	0.348	-0.356	8.4945854e-09	1.485201494e-09	-1.88520213e-09
241.037	0.358	-0.416	7.73302964e-09	1.414652904e-09	-2.218267982e-09
241.723	0.372	-0.327	8.35576476e-09	1.872871784e-09	-1.965371114e-09
242.493	0.359	-0.398	7.63749546e-09	1.524237554e-09	-2.147769302e-09
243.237	0.384	-0.385	7.62522404e-09	1.404651262e-09	-2.099206228e-09
244.012	0.336	-0.391	8.07333212e-09	1.324597554e-09	-1.71743047e-09
244.681	0.339	-0.332	8.75861252e-09	1.539987862e-09	-2.242798586e-09
245.358	0.371	-0.339	8.19962374e-09	1.68192997e-09	-2.203068616e-09
246.082	0.338	-0.352	8.51046e-09	1.517002858e-09	-2.254846216e-09
246.768	0.327	-0.349	8.84929416e-09	1.79490045e-09	-2.29297971e-09
247.438	0.350	-0.342	8.41036308e-09	1.676797612e-09	-2.367932938e-09
248.098	0.358	-0.311	8.78190922e-09	1.628475072e-09	-2.429418194e-09
248.825	0.367	-0.368	8.06865668e-09	1.44262279e-09	-2.1784105e-09
249.609	0.415	-0.418	7.12058886e-09	1.219108744e-09	-1.725096646e-09
250.344	0.319	-0.320	9.19776256e-09	1.537539052e-09	-2.061752798e-09
251.085	0.306	-0.422	8.07333534e-09	1.889746516e-09	-1.54729211e-09
251.707	0.340	-0.317	8.78392816e-09	2.506226464e-09	-1.455694058e-09
252.377	0.295	-0.330	9.49390274e-09	1.919179248e-09	-2.587476724e-09
253.030	0.391	-0.358	7.91533316e-09	1.578426934e-09	-2.192839964e-09
253.808	0.379	-0.388	7.83011586e-09	1.632289484e-09	-2.060009168e-09
254.539	0.342	-0.352	8.44701634e-09	1.797376308e-09	-2.212688366e-09
255.204	0.350	-0.323	8.87843838e-09	1.918183302e-09	-2.242208038e-09
255.902	0.362	-0.348	8.3338108e-09	1.704379166e-09	-1.896528158e-09
256.756	0.406	-0.493	6.70673836e-09	1.164127888e-09	-1.68304087e-09
257.541	0.415	-0.379	7.59411562e-09	1.284115714e-09	-1.780774954e-09
258.306	0.423	-0.351	7.78614354e-09	1.463640374e-09	-2.293784388e-09
259.225	0.523	-0.496	5.6416332e-09	1.017788226e-09	-1.403516212e-09
260.287	0.455	-0.538	6.0144287e-09	1.03440568e-09	-1.45523875e-09
261.136	0.358	-0.395	8.00687776e-09	1.426322184e-09	-2.142622132e-09
261.894	0.384	-0.400	6.14798786e-09	1.043080038e-09	-1.394792266e-09
262.573	0.250	-0.295	5.88181944e-09	8.56918314e-10	-8.76376452e-10
263.174	0.327	-0.351	4.72398794e-09	6.82009524e-10	-7.12636554e-10
263.854	0.341	-0.353	4.43809058e-09	6.64472116e-10	-6.943608e-10
264.509	0.321	-0.314	4.84833146e-09	7.28920094e-10	-7.54900342e-10
265.095	0.287	-0.265	5.8059337e-09	8.44756374e-10	-8.67465424e-10
265.706	0.378	-0.324	4.4256968e-09	6.57817986e-10	-6.842983e-10
266.386	0.280	-0.302	5.50409734e-09	7.92651944e-10	-8.3345997e-10
266.961	0.301	-0.295	5.32116914e-09	7.76662712e-10	-8.08231914e-10
267.650	0.443	-0.387	3.7801834e-09	5.61423422e-10	-5.70662246e-10
268.432	0.295	-0.339	5.08274424e-09	7.46700934e-10	-7.45392648e-10
269.031	0.257	-0.305	5.58653578e-09	8.26504448e-10	-8.50914302e-10
269.539	0.282	-0.250	5.84649604e-09	8.70338308e-10	-9.032261e-10
270.100	0.304	-0.279	5.43472888e-09	7.93202242e-10	-8.26622944e-10
270.765	0.340	-0.361	4.54875232e-09	6.63732482e-10	-6.95702252e-10
271.438	0.296	-0.333	5.08438644e-09	7.23066778e-10	-7.71866844e-10
272.066	0.401	-0.332	4.3267301e-09	6.19448144e-10	-6.61696154e-10
272.861	0.349	-0.393	4.2570976e-09	6.21820962e-10	-6.55536616e-10
273.574	0.306	-0.364	4.80795266e-09	6.96611258e-10	-7.42093758e-10
274.218	0.394	-0.338	4.4963436e-09	6.32550324e-10	-6.78433392e-10
275.004	0.333	-0.393	4.48595266e-09	6.45714006e-10	-6.84035548e-10
275.793	0.465	-0.455	3.5744254e-09	5.148619e-10	-5.41036314e-10
276.600	0.293	-0.342	5.1268035e-09	7.44322642e-10	-7.83113338e-10
277.282	0.320	-0.390	4.61189008e-09	6.79363006e-10	-6.97145134e-10
277.936	0.389	-0.334	4.55166964e-09	6.70197598e-10	-6.65592032e-10
278.786	0.447	-0.462	3.5470876e-09	5.37891018e-10	-5.1292185e-10
279.673	0.429	-0.439	3.75055296e-09	5.47654058e-10	-5.68097516e-10
280.526	0.443	-0.424	3.79461222e-09	5.49405416e-10	-5.71417336e-10
281.424	0.409	-0.455	3.80242072e-09	5.56961468e-10	-5.53381472e-10
282.248	0.422	-0.415	3.85659078e-09	5.71466602e-10	-5.8527686e-10
283.107	0.390	-0.437	3.97415942e-09	5.78048926e-10	-5.94002094e-10
283.974	0.399	-0.478	3.64096026e-09	5.3058677e-10	-5.4112422e-10
284.756	0.329	-0.382	4.39990138e-09	6.43682508e-10	-6.6715985e-10
285.449	0.296	-0.364	3.171033782e-09	5.42622164e-10	-5.54446648e-10
286.098	0.304	-0.352	4.76945756e-09	7.02449762e-10	-7.11257428e-10
286.816	0.381	-0.415	3.8991141e-09	5.8152556e-10	-5.78579904e-10
287.648	0.414	-0.451	3.62125708e-09	5.322499e-10	-5.43871846e-10
288.408	0.436	-0.346	3.99984536e-09	5.83059568e-10	-6.08988296e-10
289.246	0.435	-0.401	3.70830656e-09	5.51158062e-10	-5.57696272e-10
290.011	0.350	-0.330	3.079808284e-09	5.2935673e-10	-5.31918562e-10
290.705	0.454	-0.345	2.936654168e-09	4.85115862e-10	-4.92410772e-10
291.536	0.360	-0.377	2.882798058e-09	4.84968386e-10	-4.97196658e-10
292.325	0.475	-0.429	2.349367384e-09	3.98047706e-10	-3.99284508e-10
293.282	0.494	-0.483	2.142900984e-09	3.68453974e-10	-3.69609954e-10
294.169	0.328	-0.393	2.91139037e-09	5.50748156e-10	-4.83215096e-10
294.884	0.360	-0.387	2.83078411e-09	5.49448564e-10	-4.72517612e-10
295.695	0.333	-0.451	2.735572896e-09	4.77617448e-10	-4.63094604e-10
296.485	0.375	-0.456	2.620663976e-09	4.42404172e-10	-4.5043131e-10
297.331	0.399	-0.471	2.467097024e-09	4.3061704e-10	-4.14590456e-10
298.155	0.502	-0.425	3.079907138e-09	4.8307889e-10	-4.55501844e-10
299.088	0.505	-0.431	2.19394378e-09	3.95264982e-10	-3.93045758e-10
299.997	0.494	-0.405	2.388886766e-09	4.10162956e-10	-4.14160264e-10
300.942	0.362	-0.452	2.601593204e-09	4.54846252e-10	-4.5082737e-10
301.802	0.434	-0.498	2.302266834e-09	3.9668307e-10	-3.91718152e-10
302.703	0.360	-0.467	2.631929146e-09	4.46162556e-10	-4.46410818e-10
303.601	0.487	-0.537	2.094423562e-09	3.61066972e-10	-3.55261312e-10
304.525	0.404	-0.437	2.587417476e-09	4.39436298e-10	-4.3308356e-10
305.400	0.440	-0.471	2.355441592e-09	4.0598404e-10	-3.99797454e-10
306.321	0.555	-0.481	2.071963418e-09	3.57045192e-10	-3.52476978e-10
307.460	0.548	-0.584	1.868601098e-09	3.25681104e-10	-3.28607762e-10
308.511	0.546	-0.504	2.089926188e-09	3.9579596e-10	-3.41443326e-10
309.788	0.653	-0.731	1.584905574e-09	2.70781714e-10	-2.664783772e-10
310.866	0.408	-0.425	2.576685216e-09	4.44520034e-10	-4.36781408e-10
311.877	0.687	-0.603	1.639209586e-09	2.871746052e-10	-2.81597694e-10
313.280	0.567	-0.716	1.696703008e-09	2.881053784e-10	-2.846308052e-10
314.512	0.500	-0.665	1.867672772e-09	3.156434624e-10	-3.200830696e-10
315.624	0.571	-0.612	1.788484922e-09	3.054316832e-10	-3.13638465e-10
316.738	0.642	-0.543	1.69789312e-09	2.982362712e-10	-3.075678956e-10
317.769	0.449	-0.389	2.472405838e-09	4.2120498e-10	-4.35049048e-10
318.728	0.380	-0.510	2.32900668e-09	3.97400808e-10	-4.08887192e-10
319.470	0.458	-0.362	2.56259836e-09	4.29822666e-10	-4.44766042e-10
320.347	0.307	-0.419	2.895481316e-09	4.81934502e-10	-5.04147994e-10
321.185	0.415	-0.531	2.188916072e-09	3.72097404e-10	-3.8573024e-10
322.031	0.375	-0.431	2.607850952e-09	4.36042096e-10	-4.53274892e-10
322.794	0.425	-0.388	2.51127156e-09	4.3196622e-10	-4.4975994e-10
323.658	0.408	-0.439	3.69523658e-09	5.34266586e-10	-5.57177852e-10
324.462	0.339	-0.396	2.819672856e-09	4.8395956e-10	-4.88835606e-10
325.221	0.379	-0.420	3.91746166e-09	5.66965364e-10	-5.90161922e-10
326.049	0.426	-0.449	3.5750211e-09	5.12962744e-10	-5.41629438e-10
326.932	0.324	-0.457	2.676804032e-09	4.41886718e-10	-4.64354268e-10
327.545	0.362	-0.289	3.11909325e-09	5.29529322e-10	-5.55563344e-10
328.222	0.367	-0.314	3.068194066e-09	5.0936697e-10	-5.34058574e-10
329.003	0.537	-0.414	2.994927152e-09	4.4973418e-10	-4.68077554e-10
329.901	0.359	-0.361	4.27865228e-09	6.21540822e-10	-6.5331063e-10
330.584	0.403	-0.323	2.83909976e-09	4.80789148e-10	-5.01459616e-10
331.383	0.449	-0.396	3.063048828e-09	4.82046558e-10	-4.95860036e-10
332.267	0.517	-0.435	3.1100853e-09	4.66018364e-10	-4.78082738e-10
333.152	0.356	-0.368	3.16690381e-09	5.21823862e-10	-5.2327737e-10
333.972	0.448	-0.465	3.41056282e-09	4.99562392e-10	-4.98854958e-10
334.845	0.433	-0.425	3.62991566e-09	5.28643178e-10	-5.40791916e-10
335.648	0.283	-0.370	3.15627781e-09	5.39584416e-10	-5.52224848e-10
336.300	0.460	-0.369	3.71857192e-09	5.39057624e-10	-5.68152578e-10
337.133	0.495	-0.373	3.63435604e-09	5.22698736e-10	-5.50792914e-10
337.939	0.397	-0.311	3.042183228e-09	5.21905328e-10	-5.42514294e-10
338.792	0.431	-0.455	3.5100415e-09	5.15381608e-10	-5.46466844e-10
339.654	0.477	-0.432	3.120266296e-09	4.68250468e-10	-4.95473636e-10
340.495	0.388	-0.363	2.823557464e-09	4.8318193e-10	-4.93652082e-10
341.332	0.391	-0.450	3.80499028e-09	5.52044206e-10	-5.71496548e-10
342.140	0.334	-0.416	2.782671836e-09	4.82210456e-10	-4.95632704e-10
342.828	0.318	-0.353	3.206299866e-09	5.40677928e-10	-5.5238939e-10
343.538	0.493	-0.393	3.57929404e-09	5.2677268e-10	-5.36061414e-10
344.448	0.514	-0.417	3.34225374e-09	4.99423288e-10	-5.13235156e-10
345.353	0.423	-0.391	2.488640112e-09	4.43398186e-10	-4.58058524e-10
346.108	0.337	-0.332	3.168968152e-09	5.3829062e-10	-5.58972358e-10
346.862	0.477	-0.416	3.14185543e-09	4.82809698e-10	-5.01578434e-10
347.622	0.396	-0.283	3.119457754e-09	5.3298567e-10	-5.46708988e-10
348.438	0.435	-0.419	2.339659084e-09	4.2260085e-10	-4.37873954e-10
349.241	0.494	-0.369	3.64129514e-09	5.26977472e-10	-5.61400882e-10
350.197	0.375	-0.462	2.573016026e-09	4.28595524e-10	-4.48204358e-10
350.904	0.362	-0.332	3.169714226e-09	5.2483263e-10	-5.47419642e-10
351.632	0.347	-0.367	2.929656464e-09	5.06176916e-10	-5.23401984e-10
352.348	0.331	-0.370	3.069275664e-09	5.1757475e-10	-5.2817338e-10
353.093	0.398	-0.413	2.576295918e-09	4.46963692e-10	-4.57913946e-10
353.803	0.370	-0.312	3.022298118e-09	5.34863574e-10	-5.39908992e-10
354.593	0.444	-0.421	3.66924796e-09	5.41476488e-10	-5.4504457e-10
355.487	0.362	-0.450	2.50062946e-09	4.50040402e-10	-4.51604678e-10
356.176	0.343	-0.327	3.161916996e-09	5.43704406e-10	-5.4539233e-10
356.900	0.517	-0.381	2.945841472e-09	4.64909074e-10	-4.66129454e-10
357.823	0.272	-0.405	3.174045126e-09	5.37658212e-10	-5.4018076e-10
358.424	0.356	-0.329	3.063521846e-09	5.26087786e-10	-5.30966086e-10
359.129	0.377	-0.349	3.20110826e-09	5.19457806e-10	-5.2782884e-10
359.963	0.435	-0.456	3.4262893e-09	5.07284274e-10	-5.21503472e-10
360.839	0.279	-0.442	2.902334442e-09	4.88355826e-10	-5.0193682e-10
361.604	0.455	-0.486	3.30833426e-09	4.78287852e-10	-4.99213666e-10
362.433	0.343	-0.374	4.34270452e-09	6.26152506e-10	-6.57006546e-10
363.193	0.439	-0.416	3.169170368e-09	4.8461966e-10	-5.0440173e-10
363.957	0.329	-0.325	3.148602618e-09	5.37445692e-10	-5.52734896e-10
364.745	0.400	-0.458	3.56141016e-09	5.26590106e-10	-5.43369848e-10
365.527	0.395	-0.383	3.96645396e-09	5.82492526e-10	-5.97389534e-10
366.277	0.415	-0.356	2.675963612e-09	4.5903354e-10	-4.65275188e-10
367.121	0.386	-0.429	2.420049604e-09	4.35160138e-10	-4.38439708e-10
367.951	0.441	-0.444	3.48760454e-09	5.1485868e-10	-5.17281086e-10
368.782	0.424	-0.391	3.79942934e-09	5.61391222e-10	-5.61261778e-10
369.617	0.334	-0.411	4.27006776e-09	6.42906166e-10	-6.39848132e-10
370.380	0.359	-0.429	4.1184122e-09	6.09371798e-10	-6.03198736e-10
371.215	0.512	-0.476	3.28731088e-09	4.86628296e-10	-4.79497606e-10
372.150	0.392	-0.423	3.98352962e-09	5.89992872e-10	-5.78009642e-10
373.016	0.423	-0.474	3.65498014e-09	5.36381482e-10	-5.27445982e-10
373.813	0.399	-0.375	4.23473148e-09	6.20934496e-10	-6.15539386e-10
374.498	0.278	-0.286	5.81108248e-09	8.51199272e-10	-8.5001882e-10
375.167	0.314	-0.390	4.60730802e-09	6.80048866e-10	-6.83774406e-10
375.871	0.457	-0.390	3.83291412e-09	5.64800558e-10	-5.72222336e-10
376.657	0.448	-0.329	4.13457016e-09	6.1363862e-10	-6.25960916e-10
377.422	0.484	-0.317	4.09357634e-09	5.9553095e-10	-6.11878246e-10
378.383	0.448	-0.477	3.474702e-09	5.1551234e-10	-5.26544704e-10
379.283	0.423	-0.452	3.7082486e-09	5.46209244e-10	-5.54304324e-10
380.088	0.383	-0.382	4.3314796e-09	6.44714518e-10	-6.50166944e-10
380.862	0.358	-0.391	4.50585226e-09	6.6546774e-10	-6.67031372e-10
381.719	0.507	-0.498	3.26001494e-09	4.9534709e-10	-4.93212552e-10
382.672	0.477	-0.447	3.65503166e-09	5.40909446e-10	-5.34491986e-10
383.557	0.414	-0.408	4.14578864e-09	6.08498212e-10	-5.9739372e-10
384.358	0.380	-0.387	4.443922e-09	6.52614144e-10	-6.37040614e-10
385.143	0.376	-0.405	4.32110154e-09	6.4076068e-10	-6.2219899e-10
385.843	0.323	-0.325	5.16102566e-09	7.73816554e-10	-7.46562152e-10
386.524	0.322	-0.357	4.96587112e-09	7.41007008e-10	-7.08497566e-10
387.112	0.366	-0.266	5.3952549e-09	8.0281845e-10	-7.59866548e-10
387.790	0.362	-0.312	4.95676496e-09	7.49254072e-10	-7.12275592e-10
388.574	0.368	-0.422	4.23110898e-09	6.3443338e-10	-6.1213005e-10
389.329	0.322	-0.387	4.75429458e-09	7.04757536e-10	-6.85878998e-10
390.016	0.365	-0.364	4.58198272e-09	6.84692428e-10	-6.7144889e-10
390.752	0.364	-0.371	4.18543006e-09	6.36570816e-10	-6.28866322e-10
391.474	0.365	-0.358	4.38224612e-09	6.42320448e-10	-6.38665426e-10
392.307	0.332	-0.468	3.91594504e-09	5.7842148e-10	-5.79332418e-10
392.999	0.316	-0.360	3.055057432e-09	5.3312413e-10	-5.3537974e-10
393.655	0.416	-0.340	4.14621368e-09	6.1170018e-10	-6.1651247e-10
394.409	0.324	-0.337	4.69111496e-09	6.97945626e-10	-7.05238282e-10
395.125	0.369	-0.392	4.11714996e-09	6.0673333e-10	-6.14545372e-10
395.909	0.393	-0.415	3.93985676e-09	5.77118668e-10	-5.86238352e-10
396.654	0.351	-0.352	4.46111358e-09	6.5659825e-10	-6.68336116e-10
397.308	0.382	-0.303	4.62127316e-09	6.73784356e-10	-6.87284206e-10
397.977	0.292	-0.288	5.35304392e-09	7.95114278e-10	-8.08792516e-10
398.653	0.423	-0.383	3.85230174e-09	5.72731096e-10	-5.80481314e-10
399.449	0.349	-0.373	4.3822429e-09	6.40675028e-10	-6.46367988e-10
400.076	0.332	-0.278	5.03803132e-09	7.57287006e-10	-7.61051186e-10
400.758	0.298	-0.350	4.74738124e-09	7.14089418e-10	-7.14990052e-10
401.417	0.409	-0.361	4.09704428e-09	6.16680554e-10	-6.14940144e-10
402.205	0.379	-0.379	4.28380106e-09	6.3359457e-10	-6.29203778e-10
402.982	0.403	-0.398	3.97686744e-09	5.99140892e-10	-5.93360992e-10
403.803	0.391	-0.418	4.04957504e-09	5.9401916e-10	-5.86955124e-10
404.562	0.322	-0.368	4.70334774e-09	6.96162712e-10	-6.86888146e-10
405.320	0.419	-0.435	3.76509448e-09	5.62390066e-10	-5.54111124e-10
406.228	0.418	-0.489	3.57823144e-09	5.29804954e-10	-5.20855608e-10
407.070	0.485	-0.424	3.571302e-09	5.28861172e-10	-5.18990906e-10
407.953	0.472	-0.398	3.205631394e-09	4.98449882e-10	-4.88507488e-10
408.869	0.384	-0.444	3.88654966e-09	5.81228032e-10	-5.66052494e-10
409.671	0.485	-0.419	3.59234148e-09	5.32973434e-10	-5.16431972e-10
410.479	0.373	-0.323	3.1199707e-09	5.39176442e-10	-5.24692238e-10
411.235	0.425	-0.383	2.725854292e-09	4.65330894e-10	-4.50336964e-10
412.082	0.447	-0.423	3.118801196e-09	4.94750424e-10	-4.71656262e-10
412.978	0.480	-0.448	3.25617026e-09	4.92848048e-10	-4.76011956e-10
413.924	0.401	-0.465	3.5590499e-09	5.26740158e-10	-5.19919876e-10
414.682	0.459	-0.357	3.77616162e-09	5.57764536e-10	-5.58317088e-10
415.518	0.385	-0.376	4.08884938e-09	5.96158528e-10	-6.07922798e-10
416.304	0.335	-0.401	4.1866118e-09	6.13055478e-10	-6.33751062e-10
417.002	0.326	-0.363	2.95052625e-09	5.1008503e-10	-5.26885702e-10
417.650	0.365	-0.322	3.112724412e-09	5.16242636e-10	-5.37124658e-10
418.443	0.445	-0.428	3.56420834e-09	5.11941682e-10	-5.40538824e-10
419.271	0.394	-0.383	3.88962154e-09	5.7395051e-10	-6.05206406e-10
420.065	0.422	-0.400	3.75163166e-09	5.42694614e-10	-5.74155302e-10
420.804	0.449	-0.316	3.180482872e-09	5.03461812e-10	-5.28462214e-10
421.700	0.431	-0.448	3.50864724e-09	5.06422602e-10	-5.37220936e-10
422.445	0.348	-0.313	3.197532128e-09	5.32593474e-10	-5.57093488e-10
423.191	0.478	-0.398	3.6456518e-09	5.33988378e-10	-5.6168553e-10
424.037	0.352	-0.368	2.97027934e-09	5.17571852e-10	-5.31849654e-10
424.745	0.408	-0.356	2.82217222e-09	4.83226688e-10	-4.92744364e-10
425.574	0.510	-0.422	2.343958428e-09	3.968167e-10	-3.99618744e-10
426.478	0.444	-0.394	2.686412512e-09	4.54642426e-10	-4.51251122e-10
427.295	0.408	-0.373	4.08579038e-09	6.10959258e-10	-5.9562594e-10
428.024	0.391	-0.321	3.163338948e-09	5.35956764e-10	-5.26268428e-10
428.853	0.418	-0.438	3.7654519e-09	5.57292484e-10	-5.50115748e-10
429.731	0.534	-0.460	3.173732142e-09	4.69879144e-10	-4.68879656e-10
430.642	0.337	-0.376	3.13099598e-09	5.2558289e-10	-5.29485852e-10
431.333	0.409	-0.354	2.926639324e-09	4.90367038e-10	-4.97696724e-10
432.165	0.377	-0.422	2.796276336e-09	4.67541102e-10	-4.77810326e-10
432.881	0.420	-0.340	2.96154026e-09	4.97592718e-10	-5.09686394e-10
433.676	0.320	-0.375	3.124901164e-09	5.22087902e-10	-5.34762144e-10
434.404	0.461	-0.407	3.176430502e-09	4.88233144e-10	-5.02042436e-10
435.195	0.374	-0.331	2.932297186e-09	5.0927359e-10	-5.20453108e-10
436.056	0.357	-0.487	2.413752894e-09	4.25755806e-10	-4.34691628e-10
436.866	0.457	-0.454	3.44258572e-09	5.04869596e-10	-5.19927282e-10
437.739	0.375	-0.415	2.65367284e-09	4.53973954e-10	-4.64219028e-10
438.507	0.322	-0.394	4.4269365e-09	6.426154e-10	-6.64370364e-10
439.251	0.309	-0.422	2.866721886e-09	4.89761034e-10	-5.02623968e-10
439.981	0.400	-0.421	2.513353934e-09	4.35619954e-10	-4.47555528e-10
440.718	0.410	-0.337	2.805288794e-09	4.78583448e-10	-4.92832914e-10
441.564	0.403	-0.435	3.70599782e-09	5.45605494e-10	-5.6883554e-10
442.294	0.356	-0.327	3.137459164e-09	5.2953705e-10	-5.47579032e-10
443.012	0.305	-0.362	3.187394924e-09	5.34525152e-10	-5.5345682e-10
443.731	0.358	-0.414	4.08320794e-09	5.8901528e-10	-6.17503908e-10
444.444	0.302	-0.355	3.149985608e-09	5.35902668e-10	-5.54993082e-10
445.115	0.325	-0.369	3.07161113e-09	5.20636326e-10	-5.39597618e-10
445.892	0.384	-0.452	3.6997156e-09	5.37876528e-10	-5.64780594e-10
446.628	0.307	-0.352	3.141471928e-09	5.33940722e-10	-5.53902146e-10
447.361	0.406	-0.427	3.083639762e-09	4.87542132e-10	-5.0872619e-10
448.223	0.469	-0.456	3.34391848e-09	4.86395168e-10	-5.10264062e-10
449.054	0.368	-0.362	4.20008106e-09	6.17548344e-10	-6.45509536e-10
449.730	0.373	-0.309	3.07876436e-09	5.1688728e-10	-5.33986446e-10
450.517	0.432	-0.414	3.61765068e-09	5.33278046e-10	-5.54450834e-10
451.382	0.418	-0.432	3.60251668e-09	5.31785254e-10	-5.51102356e-10
452.254	0.496	-0.454	3.256225e-09	4.76909692e-10	-4.92904076e-10
453.131	0.309	-0.381	2.952377428e-09	5.12568616e-10	-5.24368628e-10
453.925	0.425	-0.484	3.4357078e-09	4.98981504e-10	-5.15175528e-10
454.688	0.352	-0.339	3.062778992e-09	5.2382477e-10	-5.36040484e-10
455.459	0.560	-0.419	3.176511324e-09	4.70814232e-10	-4.85248204e-10
456.368	0.357	-0.350	3.169847212e-09	5.3271036e-10	-5.45320202e-10
457.188	0.441	-0.463	3.58026648e-09	5.2021354e-10	-5.36419156e-10
458.125	0.528	-0.496	3.157594468e-09	4.59295326e-10	-4.72110604e-10
459.084	0.322	-0.430	2.887859576e-09	4.87685422e-10	-4.96062252e-10
459.771	0.321	-0.365	3.164674926e-09	5.34809478e-10	-5.42657262e-10
460.588	0.416	-0.495	2.385868982e-09	4.0352718e-10	-4.0818169e-10
461.284	0.401	-0.280	3.14396614e-09	5.40025556e-10	-5.44522286e-10
462.158	0.475	-0.473	3.34697104e-09	4.98343944e-10	-5.01763906e-10
462.965	0.360	-0.332	3.140323354e-09	5.32361956e-10	-5.32617946e-10
463.779	0.484	-0.454	3.45125718e-09	5.058942e-10	-5.02754378e-10
464.563	0.394	-0.300	3.132220546e-09	5.31724718e-10	-5.2657948e-10
465.312	0.394	-0.355	2.753478672e-09	4.81681088e-10	-4.74922952e-10
466.037	0.395	-0.331	2.87396431e-09	4.88416684e-10	-4.7865944e-10
466.743	0.407	-0.312	2.99001311e-09	5.0742692e-10	-4.94417798e-10
467.491	0.343	-0.340	3.145739072e-09	5.3461338e-10	-5.19141602e-10
468.189	0.386	-0.355	2.771820758e-09	4.78067604e-10	-4.69001372e-10
468.892	0.409	-0.317	2.83296727e-09	4.87853828e-10	-4.846422e-10
469.709	0.400	-0.408	2.58277005e-09	4.3745632e-10	-4.39551896e-10
470.493	0.434	-0.384	2.439985268e-09	4.3114673e-10	-4.37688804e-10
471.302	0.330	-0.374	2.961057582e-09	4.98174894e-10	-5.12126188e-10
472.009	0.472	-0.377	2.458233974e-09	4.11939108e-10	-4.27058618e-10
472.978	0.396	-0.498	2.3358363e-09	3.90886104e-10	-4.06258384e-10
473.711	0.332	-0.337	3.029626516e-09	5.23364632e-10	-5.41446542e-10
474.419	0.413	-0.377	2.56559135e-09	4.4393335e-10	-4.57791586e-10
475.307	0.392	-0.475	2.373407582e-09	4.05183548e-10	-4.1656013e-10
476.105	0.281	-0.406	3.093533534e-09	5.28924606e-10	-5.41694804e-10
476.778	0.419	-0.392	2.527883862e-09	4.53170886e-10	-4.61615658e-10
477.740	0.555	-0.543	1.953088102e-09	3.34777604e-10	-3.40256756e-10
478.742	0.457	-0.447	2.406445104e-09	4.06704032e-10	-4.12563466e-10
479.639	0.460	-0.440	2.469646942e-09	4.14089746e-10	-4.19208258e-10
480.518	0.419	-0.419	2.558458406e-09	4.39316836e-10	-4.43573354e-10
481.625	0.433	-0.688	1.940435434e-09	3.28521144e-10	-3.3089525e-10
482.628	0.593	-0.571	1.815914814e-09	3.16879234e-10	-3.18255462e-10
483.699	0.520	-0.478	2.179112138e-09	3.69340118e-10	-3.69946766e-10
484.694	0.532	-0.475	2.159848488e-09	3.66243766e-10	-3.65854146e-10
485.896	0.608	-0.670	1.654031246e-09	2.89037504e-10	-2.8788893e-10
487.069	0.501	-0.565	1.967012992e-09	3.3876815e-10	-3.36352184e-10
488.198	0.599	-0.629	1.70578856e-09	2.936744328e-10	-2.92370365e-10
489.322	0.571	-0.525	1.88305278e-09	3.2876683e-10	-3.29269472e-10
490.405	0.488	-0.512	2.124600758e-09	3.59643732e-10	-3.62484738e-10
491.571	0.639	-0.678	1.59058501e-09	2.72835752e-10	-2.765824474e-10
492.790	0.523	-0.580	1.92585302e-09	3.25066728e-10	-3.31189558e-10
493.884	0.500	-0.571	1.955140852e-09	3.34873882e-10	-3.4121052e-10
495.015	0.605	-0.631	1.693517784e-09	2.900347058e-10	-2.956147082e-10
496.290	0.600	-0.670	1.624594972e-09	2.82425234e-10	-2.878096536e-10
497.569	0.622	-0.678	1.595686778e-09	2.731743672e-10	-2.787589742e-10
499.186	0.849	-0.995	1.138452896e-09	1.918040656e-10	-1.96490518e-10
500.691	0.710	-0.657	1.513832768e-09	2.585748872e-10	-2.655040696e-10
502.220	0.881	-0.820	1.216124448e-09	2.075940118e-10	-2.134765654e-10
503.796	0.517	-0.694	1.731919826e-09	2.922341268e-10	-2.979963812e-10
505.057	0.768	-0.744	1.367774856e-09	2.349249854e-10	-2.368664522e-10
506.642	0.683	-0.817	1.399116726e-09	2.374105678e-10	-2.358825168e-10
508.067	0.633	-0.742	1.53569528e-09	2.606516262e-10	-2.584905876e-10
509.813	0.880	-1.113	1.003721656e-09	1.805529026e-10	-1.81541829e-10
511.455	0.666	-0.762	1.463508676e-09	2.506438662e-10	-2.554089832e-10
513.100	0.831	-0.978	1.155543046e-09	1.971007724e-10	-2.03025508e-10
514.967	0.766	-1.036	1.176895832e-09	1.968223712e-10	-2.04749496e-10
516.853	0.951	-1.120	1.009611358e-09	1.705966948e-10	-1.783747658e-10
519.285	1.257	-1.481	7.44620492e-10	1.305412472e-10	-1.349969222e-10
521.738	0.775	-1.196	1.066911258e-09	1.829696092e-10	-1.855629328e-10
523.729	1.250	-1.215	8.15873618e-10	1.468470052e-10	-1.47277809e-10
526.390	1.242	-1.411	7.92840636e-10	1.364844978e-10	-1.359799882e-10
528.697	1.312	-1.065	8.8786831e-10	1.528543016e-10	-1.52217933e-10
531.039	1.196	-1.030	9.58208566e-10	1.64856594e-10	-1.648700858e-10
533.259	0.970	-1.024	1.0693298e-09	1.837876824e-10	-1.847843368e-10
535.609	1.116	-1.380	8.42037084e-10	1.466408608e-10	-1.485365714e-10
537.917	1.160	-1.192	8.80509322e-10	1.553767208e-10	-1.584312128e-10
540.397	1.280	-1.320	7.76727756e-10	1.366825278e-10	-1.403917102e-10
543.252	1.346	-1.576	7.0254443e-10	1.195530616e-10	-1.237520704e-10
546.269	1.590	-1.671	6.29339662e-10	1.069773838e-10	-1.109549854e-10
549.359	1.647	-1.500	6.64732614e-10	1.121702456e-10	-1.141496118e-10
552.334	1.691	-1.328	6.9583717e-10	1.2359165e-10	-1.218930034e-10
556.196	1.935	-2.171	5.1925237e-10	9.08330444e-11	-8.9589094e-11
559.401	1.711	-1.269	7.36493856e-10	1.250662812e-10	-1.23447233e-10
563.410	2.178	-2.298	4.85357684e-10	8.24019574e-11	-8.14995202e-11
567.818	1.750	-2.230	5.3798472e-10	9.2378902e-11	-9.31808108e-11
572.708	3.478	-3.140	3.07479249e-10	5.67994798e-11	-5.8004919e-11
578.151	1.855	-1.965	5.74250614e-10	1.005246326e-10	-9.87892458e-11
581.273	1.972	-1.267	6.9578565e-10	1.17919298e-10	-1.180774322e-10
585.487	2.338	-2.242	4.67081286e-10	8.16119304e-11	-8.12859054e-11
590.039	2.033	-2.214	5.03670468e-10	8.78437574e-11	-8.83009974e-11
594.665	2.452	-2.593	4.3233652e-10	7.30865296e-11	-7.4001235e-11
598.730	1.529	-1.613	6.8230995e-10	1.173700948e-10	-1.17481217e-10
602.319	1.942	-2.060	5.35820236e-10	9.20627302e-11	-9.27059252e-11
606.485	2.442	-2.225	4.33658974e-10	7.92798776e-11	-7.9564268e-11
610.560	1.641	-1.633	6.56183514e-10	1.116588774e-10	-1.154362916e-10
614.510	1.895	-2.309	4.89422612e-10	8.53877346e-11	-8.89691796e-11
618.381	1.757	-1.976	5.68293614e-10	9.52166236e-11	-9.87302876e-11
621.711	0.928	-1.573	8.35896866e-10	1.42902795e-10	-1.463899584e-10
624.344	2.118	-1.705	5.45992216e-10	9.3458407e-11	-9.54093406e-11
629.396	2.302	-2.934	3.95109778e-10	6.74426102e-11	-6.93332332e-11
633.742	1.992	-2.043	4.90442064e-10	8.7504788e-11	-9.01572308e-11
637.745	2.052	-2.011	5.18074816e-10	9.01487944e-11	-9.15564496e-11
641.610	1.986	-1.813	5.7226323e-10	9.69684968e-11	-9.72464472e-11
646.261	1.784	-2.666	4.66424406e-10	8.39575394e-11	-8.41711542e-11
650.430	2.953	-2.385	3.9155683e-10	7.17097542e-11	-7.10848166e-11
655.885	3.129	-2.502	3.82519256e-10	6.79615454e-11	-6.68319372e-11
4534.864	22.710	-22.421	2.712910858e-11	6.09792652e-12	-6.09792652e-12
4591.512	31.252	-33.938	1.870607158e-11	4.22670724e-12	-4.22670724e-12
4648.239	14.643	-25.474	3.136242326e-11	6.86648578e-12	-6.86648578e-12
4680.792	22.207	-17.910	3.004732052e-11	6.7421326e-12	-6.7421326e-12
4740.579	20.088	-37.580	2.099088698e-11	4.75962046e-12	-4.75962046e-12
4787.710	28.118	-27.043	2.191420588e-11	4.92574992e-12	-4.92574992e-12
4840.379	23.087	-24.552	2.497968774e-11	5.63440108e-12	-5.63440108e-12
4880.633	17.937	-17.166	3.40589382e-11	7.65557254e-12	-7.65557254e-12
4918.612	22.581	-20.043	2.824603642e-11	6.38230082e-12	-6.38230082e-12
4966.549	19.777	-25.355	2.791146232e-11	6.121059e-12	-6.121059e-12
5004.759	19.176	-18.434	3.32038994e-11	7.281708e-12	-7.281708e-12
5049.890	19.176	-25.956	2.76861557e-11	6.0918375e-12	-6.0918375e-12
5097.189	27.038	-28.123	2.365938792e-11	5.07615612e-12	-5.07615612e-12
5146.996	24.870	-22.769	2.736586552e-11	5.85284588e-12	-5.85284588e-12
5190.287	16.681	-18.421	3.45339204e-11	7.7488495e-12	-7.7488495e-12
5236.737	22.885	-29.768	2.440216786e-11	5.36034366e-12	-5.36034366e-12
5279.536	25.218	-19.914	2.644336772e-11	5.96454768e-12	-5.96454768e-12
5324.795	22.583	-20.041	2.841090364e-11	6.35287002e-12	-6.35287002e-12
5376.447	21.078	-29.068	2.40455593e-11	5.42370038e-12	-5.42370038e-12
5432.225	22.968	-34.700	2.079901362e-11	4.71611182e-12	-4.71611182e-12
5493.504	34.401	-38.311	1.66822404e-11	3.76283404e-12	-3.76283404e-12
5555.345	25.214	-27.440	2.293645606e-11	5.1555259e-12	-5.1555259e-12
5602.866	15.303	-22.307	3.219020154e-11	7.19794936e-12	-7.19794936e-12
5634.207	19.064	-16.038	3.51622712e-11	7.87616186e-12	-7.87616186e-12
5685.850	22.583	-32.578	2.190917302e-11	4.89904002e-12	-4.89904002e-12
5738.620	27.481	-30.187	2.110878728e-11	4.75298404e-12	-4.75298404e-12
5810.729	58.163	-44.628	2.20640196e-11	3.65466458e-12	-3.65466458e-12
10665.100	66.144	-56.714	1.303131102e-11	2.93335721e-12	-2.93335721e-12
10782.117	46.914	-50.872	1.667592276e-11	3.66213176e-12	-3.66213176e-12
10876.375	42.919	-47.345	1.7302831e-11	3.89054568e-12	-3.89054568e-12
10964.793	22.198	-45.499	2.152063816e-11	4.8174903e-12	-4.8174903e-12
11025.710	31.486	-38.719	1.155177576e-11	2.591854636e-12	-2.591854636e-12
11084.139	25.710	-26.943	1.542781856e-11	3.46545094e-12	-3.46545094e-12
11156.712	35.879	-46.862	9.8594146e-12	2.209632586e-12	-2.209632586e-12
11229.800	50.547	-37.209	1.416855384e-11	3.193070174e-12	-3.193070174e-12
11331.334	46.799	-50.987	1.642001648e-11	3.70027588e-12	-3.70027588e-12
11446.690	46.779	-68.557	1.46584221e-11	3.208871036e-12	-3.208871036e-12
11524.169	39.505	-30.700	1.45684714e-11	3.2724216e-12	-3.2724216e-12
11595.955	32.908	-32.281	1.336870262e-11	2.93309478e-12	-2.93309478e-12
16403.215	45.400	-34.834	9.36228846e-12	2.105414388e-12	-2.105414388e-12
16483.197	50.666	-34.582	8.90093974e-12	1.992571098e-12	-1.992571098e-12
16599.396	54.819	-65.532	6.2446748e-12	1.402717974e-12	-1.402717974e-12
16715.233	51.810	-61.019	6.68616578e-12	1.49677031e-12	-1.49677031e-12
16822.676	42.153	-55.632	7.7228319e-12	1.730805062e-12	-1.730805062e-12
16883.002	26.959	-18.173	1.670609738e-11	3.73984002e-12	-3.73984002e-12
16964.446	55.836	-54.486	6.81902942e-12	1.531732426e-12	-1.531732426e-12
17089.202	41.403	-68.919	6.84512752e-12	1.53409816e-12	-1.53409816e-12
17173.085	42.769	-42.480	8.84398438e-12	1.982072288e-12	-1.982072288e-12
17273.432	57.752	-57.579	6.9008625e-12	1.50915282e-12	-1.50915282e-12
21825.881	110.672	-117.494	3.076853934e-12	8.0642485e-13	-8.0642485e-13
22005.583	78.899	-69.031	6.3620599e-12	1.394236494e-12	-1.394236494e-12
22433.248	118.677	-160.662	3.86090558e-12	8.6816352e-13	-8.6816352e-13
22633.494	96.448	-81.569	5.38299636e-12	1.180935e-12	-1.180935e-12
27678.503	55.061	-70.305	5.77194338e-12	1.300456892e-12	-1.300456892e-12
27787.449	58.945	-53.885	6.4182006e-12	1.449209944e-12	-1.449209944e-12
27926.536	55.252	-80.143	5.70178924e-12	1.248075864e-12	-1.248075864e-12
28036.926	57.691	-55.138	6.47355884e-12	1.449093702e-12	-1.449093702e-12
28158.155	51.798	-63.538	6.2961787e-12	1.413964468e-12	-1.413964468e-12
28364.228	126.540	-154.274	4.90830396e-12	8.01689196e-13	-8.01689196e-13
33458.193	90.183	-90.344	4.05744472e-12	9.10799862e-13	-9.10799862e-13
33629.485	104.432	-81.110	2.952394172e-12	7.68656504e-13	-7.68656504e-13
33824.527	99.946	-90.610	2.901083794e-12	7.5372794e-13	-7.5372794e-13
34032.597	125.057	-108.123	3.124822274e-12	7.0528787e-13	-7.0528787e-13
34250.962	109.784	-93.308	2.69399529e-12	6.98472418e-13	-6.98472418e-13
34482.317	66.471	-121.571	2.905858732e-12	7.59705548e-13	-7.59705548e-13
44572.768	176.834	-184.217	3.12004154e-12	5.74043246e-13	-5.74043246e-13
45832.162	112.367	-90.726	3.68415334e-12	8.2914034e-13	-8.2914034e-13
46064.904	125.339	-120.375	2.589811868e-12	6.33453534e-13	-6.33453534e-13
50758.604	153.270	-130.057	1.972469926e-12	5.11607768e-13	-5.11607768e-13
51061.684	166.111	-149.810	1.763261696e-12	4.60277426e-13	-4.60277426e-13
51321.210	152.302	-93.415	2.718554874e-12	6.45645098e-13	-6.45645098e-13
51701.357	248.545	-227.844	1.868023108e-12	3.84136984e-13	-3.84136984e-13
56476.161	334.145	-267.607	1.710608578e-12	3.3163746e-13	-3.3163746e-13
62387.811	175.671	-157.802	1.742084722e-12	4.52933894e-13	-4.52933894e-13
62723.934	223.169	-160.451	1.51070486e-12	3.92776244e-13	-3.92776244e-13
63172.266	238.682	-225.164	1.667776782e-12	3.76011314e-13	-3.76011314e-13
82760.432	3924.225	-8965.066	5.81642446e-13	1.299328282e-13	-1.299328282e-13
91235.487	854.106	-562.519	6.07321302e-13	1.323978348e-13	-1.323978348e-13
97284.980	564.830	-911.969	6.9386009e-13	1.416190776e-13	-1.416190776e-13
102634.555	914.901	-501.723	6.46034396e-13	1.33966812e-13	-1.33966812e-13
114643.885	11105.557	-6750.680	3.67748794e-13	8.39082412e-14	-8.39082412e-14
139759.599	3989.603	-8611.053	3.22448224e-13	7.25806998e-14	-7.25806998e-14
155681.217	5228.997	-7078.040	3.50474782e-13	7.4746021e-14	-7.4746021e-14
279651.191	75538.259	-73842.561	1.02912166e-13	2.25664201e-14	-2.25664201e-14
512635.004	221513.937	-101233.972	4.992288e-14	1.761092704e-14	-1.450824452e-14