Time	T_+ve	T_-ve	Flux	Fluxpos	Fluxneg
62.6073123360111	0.328333678305533	-0.274761290696269	2.84853496265008e-09	4.24969092318145e-10	-4.25012404155483e-10
63.2159284732947	0.24455157784886	-0.280282458978135	3.21115395866664e-09	4.78693178265957e-10	-4.78696408665553e-10
64.0480137864832	0.519080258305181	-0.587533735339626	1.82202193048281e-09	2.71811188413352e-10	-2.72992977132739e-10
64.9529889301652	0.416569122954542	-0.385894885376757	2.19827459136549e-09	3.28107853973077e-10	-3.28446396499923e-10
65.6696923372468	0.278099673163524	-0.300134284127068	3.01879060887246e-09	4.50149930558883e-10	-4.503308857143e-10
66.3516221324596	0.370091904108094	-0.403830122049314	2.30495302460507e-09	3.39921339066715e-10	-3.40037146640689e-10
67.0886829573959	0.350052067636071	-0.366968920828228	2.47512235841387e-09	3.64971515624183e-10	-3.65048654243474e-10
67.8640455035982	0.316467537524176	-0.425310478566217	2.33273059792209e-09	3.47752098696953e-10	-3.47786915650307e-10
68.5817550050232	0.354875022374046	-0.401241963900759	2.28058375397122e-09	3.39974340117129e-10	-3.39997530933723e-10
69.4035599538363	0.374640093282792	-0.466929926439107	2.05144810834696e-09	3.0581967509291e-10	-3.05843512915294e-10
70.4291649252353	0.727010092121589	-0.650964878116213	2.011943032261e-09	2.3713892845695e-10	-2.37182224291159e-10
79.219	0.738	-0.613	1.301302745e-09	2.016277885e-10	-2.01668267e-10
80.999	1.129	-1.042	8.09826595e-10	1.254673265e-10	-1.254930955e-10
82.888	0.718	-0.760	1.22380631e-09	1.825083585e-10	-1.82549129e-10
84.504	0.775	-0.899	1.049910455e-09	1.626243995e-10	-1.626568845e-10
86.307	1.391	-1.027	7.3766062e-10	1.120844555e-10	-1.1210464e-10
88.516	0.945	-0.818	1.009337785e-09	1.533571225e-10	-1.533816505e-10
90.362	1.077	-0.902	7.8821677e-10	1.402644265e-10	-1.402788075e-10
92.670	1.221	-1.231	7.29757275e-10	1.08793798e-10	-1.088080695e-10
95.418	1.494	-1.527	5.9220666e-10	8.8284448e-11	-8.82928795e-11
98.203	1.854	-1.291	5.6038523e-10	8.51355565e-11	-8.51416885e-11
101.538	1.265	-1.480	6.49237545e-10	9.67843855e-11	-9.6790481e-11
104.531	1.254	-1.728	5.8919103e-10	8.95107385e-11	-8.95150455e-11
107.717	1.284	-1.932	5.5407876e-10	8.259804e-11	-8.2601617e-11
110.994	1.806	-1.993	4.7245746e-10	7.09623875e-11	-7.09651615e-11
114.858	1.457	-2.059	4.70008675e-10	7.7155014e-11	-7.7157204e-11
118.145	1.613	-1.830	5.1682978e-10	7.70449665e-11	-7.70473755e-11
121.268	1.236	-1.510	6.38546695e-10	9.70083495e-11	-9.701116e-11
123.895	1.198	-1.390	6.67859115e-10	1.03417567e-10	-1.034203775e-10
126.526	1.313	-1.433	6.48256425e-10	9.6636962e-11	-9.6639663e-11
129.027	0.848	-1.189	8.61126615e-10	1.30822789e-10	-1.30826366e-10
130.766	0.965	-0.891	8.90623725e-10	1.46201553e-10	-1.46204984e-10
132.769	1.024	-1.038	8.62911465e-10	1.28636074e-10	-1.28639724e-10
134.847	0.829	-1.054	9.3178952e-10	1.4155795e-10	-1.41561746e-10
136.201	0.604	-0.525	1.57496259e-09	2.347830015e-10	-2.34789243e-10
137.435	0.589	-0.630	1.439188795e-09	2.186423e-10	-2.18648067e-10
138.501	0.644	-0.477	1.542198365e-09	2.388084405e-10	-2.388146455e-10
139.634	0.575	-0.489	1.57695257e-09	2.53831512e-10	-2.538378265e-10
140.686	0.455	-0.478	1.908589745e-09	2.845176095e-10	-2.84525822e-10
141.935	0.501	-0.794	1.314990975e-09	2.07587618e-10	-2.075932025e-10
143.022	0.563	-0.586	1.586639305e-09	2.36523869e-10	-2.36531242e-10
144.128	0.612	-0.543	1.53601052e-09	2.37850352e-10	-2.378571775e-10
145.281	0.461	-0.541	1.770605875e-09	2.74177269e-10	-2.74184715e-10
146.209	0.478	-0.467	1.932447605e-09	2.880741695e-10	-2.880824915e-10
147.070	0.523	-0.384	1.983313275e-09	3.013060035e-10	-3.013142525e-10
148.204	0.509	-0.610	1.63136531e-09	2.431912145e-10	-2.431984415e-10
149.175	0.410	-0.462	2.064265165e-09	3.13604204e-10	-3.136127815e-10
150.146	0.496	-0.561	1.72752237e-09	2.575255675e-10	-2.57533342e-10
151.132	0.477	-0.490	1.886280945e-09	2.81192131e-10	-2.812008545e-10
152.327	0.567	-0.718	1.40096928e-09	2.12836026e-10	-2.12842158e-10
153.274	0.420	-0.380	2.24566323e-09	3.34766028e-10	-3.34776248e-10
154.275	0.409	-0.581	1.798852495e-09	2.681589665e-10	-2.681673615e-10
155.153	0.456	-0.469	1.923388305e-09	2.86723779e-10	-2.867326485e-10
156.029	0.425	-0.420	1.955409755e-09	3.209930815e-10	-3.210014765e-10
156.818	0.387	-0.364	2.336242725e-09	3.54923372e-10	-3.5493403e-10
157.531	0.463	-0.327	2.25261648e-09	3.358025915e-10	-3.3581314e-10
158.391	0.424	-0.396	2.107660015e-09	3.263700425e-10	-3.26379788e-10
159.339	0.389	-0.524	1.94970736e-09	2.90647237e-10	-2.90656362e-10
160.163	0.332	-0.435	2.32056342e-09	3.45931743e-10	-3.45943277e-10
160.775	0.292	-0.280	3.017467045e-09	4.6725329e-10	-4.67268255e-10
161.303	0.305	-0.236	3.29000926e-09	4.90449405e-10	-4.90466195e-10
161.949	0.367	-0.341	2.47711849e-09	3.76325585e-10	-3.76337265e-10
162.643	0.305	-0.327	2.81735616e-09	4.19989805e-10	-4.20003675e-10
163.246	0.274	-0.299	2.97316006e-09	4.6935058e-10	-4.69365545e-10
163.874	0.271	-0.353	2.85033464e-09	4.2490672e-10	-4.24923145e-10
164.532	0.222	-0.386	2.884319425e-09	4.3818834e-10	-4.38204035e-10
165.044	0.246	-0.291	3.31361527e-09	4.93968735e-10	-4.9398735e-10
165.625	0.321	-0.334	2.7193303e-09	4.05377395e-10	-4.0539236e-10
166.278	0.277	-0.333	2.91756472e-09	4.34928525e-10	-4.3494422e-10
166.883	0.356	-0.328	3.532673305e-09	4.5231749e-10	-4.52339025e-10
167.519	0.327	-0.280	3.479771665e-09	4.81064525e-10	-4.81085695e-10
168.133	0.266	-0.287	3.217771015e-09	4.7968154e-10	-4.79700155e-10
168.636	0.279	-0.237	3.352279355e-09	5.1909935e-10	-5.19117235e-10
169.222	0.291	-0.307	3.0444942e-09	4.4889014e-10	-4.48906565e-10
169.840	0.334	-0.328	3.89011525e-09	4.9381872e-10	-4.9384427e-10
170.520	0.329	-0.346	3.93126535e-09	4.8028671e-10	-4.8031445e-10
171.181	0.316	-0.332	3.62262062e-09	5.182051e-10	-5.18227365e-10
171.721	0.281	-0.224	5.4029125e-09	6.5044387e-10	-6.5048402e-10
172.290	0.242	-0.289	4.85610235e-09	6.1644412e-10	-6.1647916e-10
172.799	0.265	-0.267	4.7922164e-09	6.16248115e-10	-6.16282425e-10
173.320	0.259	-0.257	5.14353985e-09	6.4267886e-10	-6.4271536e-10
173.891	0.347	-0.311	3.94972705e-09	4.94986355e-10	-4.95012635e-10
174.555	0.288	-0.317	4.3411129e-09	5.37133635e-10	-5.37162835e-10
175.172	0.250	-0.329	4.54239215e-09	5.6203868e-10	-5.620708e-10
175.729	0.279	-0.308	4.51684215e-09	5.51827805e-10	-5.5186102e-10
176.263	0.281	-0.255	4.857128e-09	6.08704295e-10	-6.0873751e-10
176.817	0.232	-0.273	5.38308205e-09	6.5927906e-10	-6.5931556e-10
177.318	0.244	-0.269	5.1259651e-09	6.34244075e-10	-6.3427656e-10
177.860	0.257	-0.298	4.77729885e-09	5.8364741e-10	-5.83679895e-10
178.373	0.253	-0.256	5.4508735e-09	6.6569941e-10	-6.6573956e-10
178.925	0.252	-0.300	4.80825085e-09	5.87430635e-10	-5.87468595e-10
179.432	0.257	-0.256	5.1259651e-09	6.342459e-10	-6.34285685e-10
179.954	0.248	-0.265	6.10251165e-09	6.86597485e-10	-6.8664603e-10
180.463	0.249	-0.262	5.5036525e-09	6.53172975e-10	-6.5321349e-10
180.957	0.257	-0.245	5.7590357e-09	6.74054625e-10	-6.7409952e-10
181.452	0.264	-0.238	6.39026305e-09	7.100418e-10	-7.10094725e-10
181.967	0.255	-0.252	6.0666212e-09	6.9744638e-10	-6.9749602e-10
182.464	0.269	-0.241	5.3486224e-09	6.4390818e-10	-6.43949425e-10
182.985	0.250	-0.252	6.2605968e-09	7.0744519e-10	-7.0749483e-10
183.500	0.247	-0.265	6.05293005e-09	6.8838781e-10	-6.8843745e-10
184.014	0.235	-0.266	5.8378976e-09	6.78652895e-10	-6.7869925e-10
184.482	0.271	-0.233	6.83452645e-09	8.5069017e-10	-8.50045215e-10
185.174	0.518	-0.421	7.5395057e-09	9.6551771e-10	-9.43702025e-10
186.192	0.424	-0.500	7.6703144e-09	9.8466634e-10	-9.59524045e-10
187.161	0.517	-0.545	6.6092959e-09	8.61082085e-10	-8.3656029e-10
188.225	0.511	-0.547	6.5725696e-09	8.6464485e-10	-8.4132281e-10
189.237	0.552	-0.501	6.8430127e-09	8.75495205e-10	-8.3887001e-10
190.356	0.496	-0.566	6.31555485e-09	8.7478382e-10	-8.47392395e-10
191.383	0.483	-0.531	6.8608174e-09	9.00648815e-10	-8.7801918e-10
192.272	0.440	-0.407	8.51035095e-09	1.07468483e-09	-1.041555605e-09
193.224	0.500	-0.512	6.8728843e-09	9.1568791e-10	-8.8114066e-10
194.375	0.563	-0.651	5.8368464e-09	7.54375065e-10	-7.30713575e-10
195.477	0.513	-0.539	6.61512495e-09	8.75571855e-10	-8.4737524e-10
196.541	0.502	-0.551	6.7223072e-09	8.72597835e-10	-8.42013025e-10
197.557	0.515	-0.514	6.8851337e-09	8.88904575e-10	-8.6183946e-10
198.603	0.618	-0.531	6.1060923e-09	8.0319856e-10	-7.73777735e-10
199.751	0.480	-0.530	7.0063502e-09	9.04320715e-10	-8.7699353e-10
200.770	0.500	-0.539	6.6942825e-09	8.7946239e-10	-8.567864e-10
201.782	0.518	-0.512	6.69151945e-09	8.86240805e-10	-8.6607857e-10
202.857	0.596	-0.557	6.1414681e-09	8.00278195e-10	-7.6964411e-10
203.976	0.475	-0.523	7.21895905e-09	9.1107796e-10	-8.83447825e-10
205.023	0.793	-0.571	5.2577228e-09	6.70701005e-10	-6.5067382e-10
206.455	0.629	-0.639	5.8185526e-09	7.5347461e-10	-7.21457905e-10
207.883	0.660	-0.799	5.01510365e-09	6.53937285e-10	-6.285446e-10
209.199	0.623	-0.656	5.5179532e-09	7.5696328e-10	-7.245469e-10
210.602	0.589	-0.779	5.44205145e-09	7.15420805e-10	-6.69551985e-10
212.065	0.681	-0.874	4.6223527e-09	6.13679245e-10	-5.92329665e-10
213.320	0.721	-0.575	5.6986939e-09	7.4100037e-10	-7.06959375e-10
214.893	0.558	-0.853	5.1401563e-09	6.8890246e-10	-6.52983175e-10
216.254	0.841	-0.802	4.54986005e-09	5.9912706e-10	-5.653996e-10
218.086	1.032	-0.991	3.611349055e-09	4.86152625e-10	-4.68289525e-10
219.850	0.907	-0.731	4.66010465e-09	5.98833235e-10	-5.7161044e-10
221.701	0.858	-0.944	4.16350025e-09	5.54605455e-10	-5.2325086e-10
223.481	0.861	-0.922	4.1720741e-09	5.46108255e-10	-5.2836524e-10
225.237	0.939	-0.895	3.76631455e-09	5.348929e-10	-5.2304427e-10
226.840	0.806	-0.664	3.541617995e-09	5.3931086e-10	-5.2582849e-10
228.447	0.905	-0.802	4.2080631e-09	5.53895165e-10	-5.333015e-10
229.758	0.214	-0.407	3.40943507e-09	5.36158355e-10	-5.35878035e-10
230.276	0.327	-0.303	4.21497985e-09	5.1495222e-10	-5.1499164e-10
230.889	0.302	-0.287	3.4553382e-09	4.87084835e-10	-4.8711221e-10
231.507	0.284	-0.316	4.4274719e-09	5.40911385e-10	-5.40950075e-10
232.140	0.342	-0.349	3.8086582e-09	4.7125442e-10	-4.71288e-10
232.756	0.298	-0.275	4.6337188e-09	5.66109525e-10	-5.6615004e-10
233.355	0.307	-0.301	4.32096855e-09	5.34643605e-10	-5.346812e-10
233.985	0.279	-0.322	4.3957461e-09	5.4661305e-10	-5.4664882e-10
234.588	0.336	-0.325	4.0217379e-09	4.91342195e-10	-4.91376505e-10
235.235	0.291	-0.311	4.41436475e-09	5.3931159e-10	-5.3935393e-10
235.746	0.292	-0.221	3.47961289e-09	5.18716465e-10	-5.1874238e-10
236.308	0.339	-0.270	3.474432445e-09	4.8032759e-10	-4.80352045e-10
236.907	0.263	-0.260	3.560093565e-09	5.19299005e-10	-5.19323095e-10
237.467	0.224	-0.297	3.42022812e-09	5.09863755e-10	-5.0988821e-10
237.972	0.329	-0.282	4.3083432e-09	5.3308177e-10	-5.3311973e-10
238.573	0.240	-0.272	5.18076255e-09	6.32941025e-10	-6.32983e-10
239.151	0.309	-0.338	2.73577939e-09	4.1865646e-10	-4.1867471e-10
239.728	0.256	-0.267	3.635878515e-09	5.2479992e-10	-5.24825105e-10
240.186	0.314	-0.202	3.40631724e-09	5.1749189e-10	-5.17514885e-10
240.825	0.320	-0.326	4.13253365e-09	5.074595e-10	-5.0749527e-10
241.454	0.298	-0.308	4.3993012e-09	5.40217155e-10	-5.4025402e-10
242.087	0.297	-0.335	4.20328525e-09	5.1352215e-10	-5.1355865e-10
242.730	0.241	-0.346	3.036955855e-09	4.52728115e-10	-4.5274965e-10
243.301	0.246	-0.330	3.04907203e-09	4.63218945e-10	-4.6324048e-10
243.831	0.304	-0.284	3.03695549e-09	4.52728115e-10	-4.5275038e-10
244.416	0.239	-0.282	3.52369102e-09	5.23387005e-10	-5.2341292e-10
244.939	0.297	-0.283	3.46471651e-09	4.9652921e-10	-4.96555125e-10
245.495	0.340	-0.259	3.370395035e-09	4.71956315e-10	-4.71982595e-10
246.120	0.236	-0.285	3.44767466e-09	5.17837545e-10	-5.1786346e-10
246.597	0.361	-0.240	3.49220466e-09	4.7969906e-10	-4.7972826e-10
247.207	0.362	-0.249	3.63608328e-09	4.8589968e-10	-4.85929245e-10
247.834	0.330	-0.266	3.547279875e-09	4.90398305e-10	-4.90423125e-10
248.392	0.300	-0.228	3.32638078e-09	5.0534761e-10	-5.0536878e-10
248.962	0.236	-0.269	3.52886234e-09	5.26057345e-10	-5.2608107e-10
249.546	0.282	-0.348	2.790707145e-09	4.23967575e-10	-4.2398619e-10
250.097	0.300	-0.270	2.997885525e-09	4.7325535e-10	-4.73275425e-10
250.716	0.300	-0.319	3.5198483e-09	4.74623005e-10	-4.7464965e-10
251.338	0.397	-0.322	3.457200065e-09	4.43834525e-10	-4.438619e-10
252.051	0.228	-0.316	3.1814641e-09	4.92649625e-10	-4.92670065e-10
252.584	0.318	-0.305	2.82235155e-09	4.2877499e-10	-4.2879324e-10
253.217	0.405	-0.315	3.593775765e-09	4.4810831e-10	-4.48137875e-10
253.975	0.356	-0.352	2.517891545e-09	3.75349575e-10	-3.7536673e-10
254.693	0.390	-0.362	2.335279855e-09	3.547786495e-10	-3.54794527e-10
255.428	0.304	-0.345	2.745526715e-09	4.0928326e-10	-4.0930151e-10
255.987	0.252	-0.255	3.46611592e-09	5.2657674e-10	-5.26599735e-10
256.529	0.296	-0.289	3.002557525e-09	4.5615218e-10	-4.56172255e-10
257.165	0.293	-0.340	2.774839865e-09	4.21557115e-10	-4.21575365e-10
257.846	0.342	-0.387	2.444225055e-09	3.64367382e-10	-3.643831135e-10
258.540	0.400	-0.352	2.369077395e-09	3.53164729e-10	-3.53179548e-10
259.195	0.303	-0.254	3.20166393e-09	4.7728057e-10	-4.77299915e-10
259.877	0.312	-0.380	2.57614299e-09	3.8403329e-10	-3.8405081e-10
260.486	0.230	-0.297	3.33724464e-09	5.06998505e-10	-5.070215e-10
260.976	0.393	-0.260	2.73057084e-09	4.07054205e-10	-4.0707355e-10
261.683	0.297	-0.315	2.871583115e-09	4.36254935e-10	-4.3627501e-10
262.366	0.354	-0.385	2.30965138e-09	3.646085375e-10	-3.646234295e-10
263.101	0.444	-0.382	2.00406024e-09	3.28980486e-10	-3.289927135e-10
263.867	0.355	-0.323	2.628094535e-09	3.9177786e-10	-3.9179611e-10
264.542	0.307	-0.319	2.80409863e-09	4.2600245e-10	-4.26021795e-10
265.196	0.283	-0.347	2.82860035e-09	4.21667345e-10	-4.2168596e-10
265.720	0.317	-0.241	3.188881995e-09	4.75375635e-10	-4.7539717e-10
266.338	0.342	-0.301	2.694649365e-09	4.17266905e-10	-4.1728552e-10
266.959	0.290	-0.280	3.084450385e-09	4.6859357e-10	-4.6861474e-10
267.626	0.333	-0.377	2.473741875e-09	3.75813855e-10	-3.75829915e-10
268.421	0.561	-0.462	1.71656215e-09	2.60781988e-10	-2.607926095e-10
269.510	0.479	-0.528	1.74385758e-09	2.649291545e-10	-2.649413455e-10
270.399	0.337	-0.410	2.38406612e-09	3.553996605e-10	-3.554160855e-10
271.262	0.321	-0.526	2.07358033e-09	3.15020915e-10	-3.150349675e-10
271.995	0.349	-0.412	2.30615833e-09	3.5035474e-10	-3.503710555e-10
272.688	0.460	-0.344	2.089421695e-09	3.36321585e-10	-3.363348345e-10
273.631	0.378	-0.483	2.07005151e-09	3.085884105e-10	-3.08602098e-10
274.377	0.478	-0.367	2.10927587e-09	3.144358565e-10	-3.14450274e-10
275.143	0.293	-0.288	3.063968775e-09	4.56755525e-10	-4.5677925e-10
275.866	0.391	-0.429	2.173362205e-09	3.239895855e-10	-3.240049155e-10
276.617	0.408	-0.361	2.253051195e-09	3.48885104e-10	-3.488997405e-10
277.323	0.290	-0.298	3.03607876e-09	4.52596715e-10	-4.5261679e-10
277.995	0.343	-0.383	2.45564919e-09	3.66070545e-10	-3.6608697e-10
278.768	0.356	-0.430	2.266755485e-09	3.37911744e-10	-3.37927074e-10
279.556	0.422	-0.432	2.057524345e-09	3.125815835e-10	-3.12595271e-10
280.345	0.363	-0.367	2.373967665e-09	3.67608655e-10	-3.6762362e-10
281.093	0.469	-0.385	1.84910971e-09	3.223616855e-10	-3.223721245e-10
281.974	0.381	-0.412	2.182328065e-09	3.37933352e-10	-3.3794693e-10
282.854	0.473	-0.499	1.80881444e-09	2.74797331e-10	-2.74809449e-10
283.653	0.323	-0.327	2.74512558e-09	4.0922413e-10	-4.0924311e-10
284.372	0.346	-0.396	2.368622605e-09	3.59844229e-10	-3.59860654e-10
285.110	0.334	-0.392	2.455844465e-09	3.6610011e-10	-3.6611763e-10
285.925	0.392	-0.481	2.011586905e-09	3.05602893e-10	-3.0561669e-10
286.734	0.415	-0.416	2.114965855e-09	3.21308551e-10	-3.21323662e-10
287.468	0.330	-0.319	2.745156605e-09	4.09228875e-10	-4.09249315e-10
288.342	0.347	-0.544	1.91440967e-09	3.022145615e-10	-3.02227154e-10
289.193	0.413	-0.504	1.94560768e-09	2.90037322e-10	-2.90050462e-10
290.015	0.311	-0.410	2.43873801e-09	3.70495805e-10	-3.705115e-10
290.810	0.476	-0.485	1.855525315e-09	2.76608315e-10	-2.76620506e-10
291.681	0.365	-0.394	2.31308895e-09	3.51406816e-10	-3.51420832e-10
292.532	0.388	-0.486	2.01158873e-09	3.056024185e-10	-3.05614062e-10
293.496	0.370	-0.576	1.61475781e-09	2.933460105e-10	-2.93353858e-10
294.214	0.392	-0.348	2.408506155e-09	3.5904247e-10	-3.59057581e-10
295.254	0.498	-0.647	1.51134236e-09	2.340313205e-10	-2.340408835e-10
296.130	0.401	-0.378	2.28739076e-09	3.409874165e-10	-3.410015055e-10
296.990	0.337	-0.458	2.241287245e-09	3.34114576e-10	-3.34128081e-10
297.840	0.493	-0.513	1.77013612e-09	2.638794875e-10	-2.638920435e-10
298.743	0.479	-0.409	2.0077774e-09	2.993056575e-10	-2.993205495e-10
299.741	0.482	-0.520	1.754146565e-09	2.664925225e-10	-2.66505407e-10
300.623	0.572	-0.400	1.834940045e-09	2.73540198e-10	-2.73553703e-10
301.738	0.558	-0.544	1.618541765e-09	2.412805855e-10	-2.41291207e-10
302.861	0.410	-0.565	1.80219845e-09	2.737917195e-10	-2.73802268e-10
303.871	0.600	-0.601	1.463088265e-09	2.222739405e-10	-2.222829925e-10
304.971	0.574	-0.499	1.661682575e-09	2.477117395e-10	-2.47722872e-10
305.950	0.451	-0.405	2.083225455e-09	3.10552512e-10	-3.105668565e-10
306.956	0.590	-0.556	1.55593514e-09	2.31947645e-10	-2.319580475e-10
308.060	0.461	-0.514	1.802421465e-09	2.7382592e-10	-2.73837454e-10
309.025	0.476	-0.504	1.81855191e-09	2.71097253e-10	-2.71110977e-10
310.004	0.447	-0.503	1.876445655e-09	2.797274955e-10	-2.79741183e-10
311.117	0.609	-0.665	1.39948081e-09	2.0862451e-10	-2.086336715e-10
312.612	0.607	-0.887	1.19289373e-09	1.77828e-10	-1.77835811e-10
313.753	0.467	-0.533	1.782983025e-09	2.657942775e-10	-2.6580614e-10
314.822	0.474	-0.602	1.65624371e-09	2.46900892e-10	-2.46911915e-10
316.011	0.559	-0.715	1.399284805e-09	2.085952735e-10	-2.08604362e-10
317.195	0.681	-0.625	1.34548052e-09	2.044068985e-10	-2.04415403e-10
318.346	0.616	-0.471	1.63973038e-09	2.4443977e-10	-2.44452107e-10
319.800	0.793	-0.837	1.07814722e-09	1.637934215e-10	-1.638005025e-10
321.229	0.529	-0.636	1.5296274e-09	2.28026158e-10	-2.28037108e-10
322.442	0.548	-0.685	1.445712075e-09	2.15516513e-10	-2.155264775e-10
323.747	0.779	-0.757	1.16092192e-09	1.73061976e-10	-1.730698235e-10
325.055	0.576	-0.529	1.613325915e-09	2.405032085e-10	-2.405143775e-10
326.038	0.520	-0.407	1.923077325e-09	2.866790665e-10	-2.86693265e-10
327.157	0.535	-0.600	1.570526015e-09	2.34123337e-10	-2.341353455e-10
328.340	0.803	-0.647	1.22944264e-09	1.832766835e-10	-1.83285407e-10
330.034	0.587	-0.891	1.205788085e-09	1.79750455e-10	-1.79759069e-10
331.310	0.655	-0.689	1.32716482e-09	1.97844965e-10	-1.978557325e-10
332.873	0.851	-0.908	9.98686355e-10	1.51721667e-10	-1.51728383e-10
334.336	0.831	-0.612	1.217880535e-09	1.850218945e-10	-1.85029961e-10
335.823	0.659	-0.656	1.355880465e-09	2.021249915e-10	-2.02134153e-10
337.307	0.989	-0.825	9.82468675e-10	1.464595715e-10	-1.46466616e-10
339.070	0.842	-0.774	1.087953675e-09	1.652834245e-10	-1.65291126e-10
340.762	0.835	-0.850	1.058222965e-09	1.577525985e-10	-1.57760519e-10
342.218	0.668	-0.621	1.38225865e-09	2.06057611e-10	-2.06067977e-10
343.589	0.961	-0.703	9.95351715e-10	1.633942575e-10	-1.63401156e-10
345.228	0.795	-0.678	1.2103108e-09	1.804247925e-10	-1.804336985e-10
347.040	0.984	-1.017	8.65381055e-10	1.340043845e-10	-1.340103705e-10
349.097	1.107	-1.072	8.06392675e-10	1.225084175e-10	-1.2251444e-10
350.933	0.682	-0.729	1.20962533e-09	1.909552615e-10	-1.90963328e-10
352.723	0.839	-1.108	9.1601641e-10	1.365531795e-10	-1.36559421e-10
354.426	0.863	-0.865	1.03205356e-09	1.538511135e-10	-1.53857939e-10
356.277	1.163	-0.988	8.1707367e-10	1.24130733e-10	-1.241358795e-10
358.461	1.414	-1.021	7.00499605e-10	1.10582882e-10	-1.10587116e-10
361.023	1.145	-1.148	7.7710471e-10	1.158451965e-10	-1.158503065e-10
363.238	1.215	-1.070	7.6900682e-10	1.1682847e-10	-1.168336165e-10
365.911	1.467	-1.458	6.09304355e-10	9.08308705e-11	-9.083536e-11
368.523	1.187	-1.145	7.7208596e-10	1.15097275e-10	-1.15103115e-10
370.954	0.977	-1.244	8.2370134e-10	1.22791767e-10	-1.22797972e-10
373.024	1.286	-1.093	7.6887615e-10	1.146187965e-10	-1.14624527e-10
375.919	1.867	-1.609	5.11082125e-10	7.9141198e-11	-7.9144775e-11
378.952	1.176	-1.166	7.5330233e-10	1.166489265e-10	-1.16653781e-10
381.508	1.224	-1.380	6.84403105e-10	1.020257855e-10	-1.02029983e-10
383.959	0.752	-1.227	7.98207185e-10	1.391541695e-10	-1.391585495e-10
386.141	1.877	-1.431	5.3129108e-10	8.0714421e-11	-8.07180345e-11
389.351	1.718	-1.333	5.67550545e-10	8.78852475e-11	-8.7889007e-11
392.528	1.665	-1.459	5.70526025e-10	8.5049891e-11	-8.5053687e-11
396.079	1.934	-1.886	4.66622935e-10	6.95607875e-11	-6.95639265e-11
399.960	2.461	-1.947	3.478566435e-10	5.7408003e-11	-5.74100835e-11
404.646	1.799	-2.224	3.9261298e-10	6.8445603e-11	-6.84479025e-11
408.434	1.798	-1.989	4.6395807e-10	7.048515e-11	-7.04883255e-11
412.002	2.370	-1.770	4.24391705e-10	6.44741475e-11	-6.44770675e-11
416.460	2.703	-2.088	3.295071445e-10	5.7444138e-11	-5.7446036e-11
421.259	1.966	-2.096	4.2623605e-10	6.6002658e-11	-6.6005359e-11
425.103	1.769	-1.878	3.257453085e-10	5.94731e-11	-5.94748155e-11
428.441	1.687	-1.569	3.570922385e-10	6.7077948e-11	-6.7079773e-11
432.163	1.890	-2.035	2.962411175e-10	5.5647389e-11	-5.56489585e-11
437.024	2.389	-2.972	2.07426945e-10	4.1294567e-11	-4.1295589e-11
442.579	2.627	-3.166	1.891945015e-10	3.87997555e-11	-3.88007045e-11
447.176	1.540	-1.970	3.32493173e-10	6.42847125e-11	-6.4286574e-11
450.498	2.377	-1.782	2.86858756e-10	5.38849865e-11	-5.3886556e-11
454.999	1.579	-2.123	3.22611309e-10	5.89009625e-11	-5.8902751e-11
458.891	1.435	-2.313	3.03406104e-10	5.86609385e-11	-5.8662508e-11
461.833	2.502	-1.506	4.38300395e-10	6.6587096e-11	-6.65899065e-11
466.360	1.818	-2.025	2.562525935e-10	5.9470107e-11	-5.9471202e-11
471.400	2.447	-3.222	1.91669895e-10	3.93073975e-11	-3.930831e-11
477.616	3.592	-3.770	1.37251899e-10	3.08584286e-11	-3.085908195e-11
485.167	2.936	-3.958	1.68707088e-10	3.16908111e-11	-3.169178565e-11
490.964	2.219	-2.862	2.288625555e-10	4.2990722e-11	-4.29919995e-11
496.441	3.261	-3.258	1.783989695e-10	3.351139825e-11	-3.35124604e-11
514.231	8.327	-9.224	1.39734118e-10	3.054797785e-11	-3.054797785e-11
529.836	7.766	-7.278	1.68698766e-10	3.60291719e-11	-3.60291719e-11
546.722	8.431	-9.120	1.32169785e-10	2.966722555e-11	-2.966722555e-11
567.908	9.811	-12.755	1.02610041e-10	2.29881526e-11	-2.29881526e-11
589.395	8.383	-11.676	1.36767763e-10	2.796204045e-11	-2.796204045e-11
606.966	8.363	-9.188	1.5067711e-10	3.152290745e-11	-3.152290745e-11
624.075	11.313	-8.746	1.260966595e-10	2.693059425e-11	-2.693059425e-11
646.885	11.069	-11.497	1.031243625e-10	2.31033758e-11	-2.31033758e-11
667.964	7.541	-10.010	1.33199377e-10	2.98412028e-11	-2.98412028e-11
689.500	8.571	-13.995	1.070227815e-10	2.339678105e-11	-2.339678105e-11
718.955	11.711	-20.884	7.0570049e-11	1.593185215e-11	-1.593185215e-11
745.345	15.409	-14.679	8.06027675e-11	1.765309725e-11	-1.765309725e-11
774.510	11.317	-13.756	1.02298477e-10	2.19241411e-11	-2.19241411e-11
796.824	14.076	-10.998	9.6674557e-11	2.12116976e-11	-2.12116976e-11
826.792	11.688	-15.892	8.51911825e-11	1.91222697e-11	-1.91222697e-11
852.711	8.335	-14.231	1.129503085e-10	2.43341996e-11	-2.43341996e-11
880.688	12.953	-19.642	7.1115651e-11	1.59628297e-11	-1.59628297e-11
911.288	12.442	-17.646	7.73071095e-11	1.74192746e-11	-1.74192746e-11
945.407	13.425	-21.677	7.9166456e-11	1.62372002e-11	-1.62372002e-11
971.099	10.299	-12.267	1.03910171e-10	2.32794153e-11	-2.32794153e-11
989.919	11.537	-8.521	1.22337342e-10	2.69408471e-11	-2.69408471e-11
1019.846	16.713	-18.390	6.4606898e-11	1.46703282e-11	-1.46703282e-11
1054.190	19.974	-17.631	8.22764385e-11	1.603799415e-11	-1.603799415e-11
4637.536	35.385	-24.790	4.75132545e-11	1.064564475e-11	-1.064564475e-11
4712.083	41.072	-39.162	3.6833391e-11	8.0996055e-12	-8.0996055e-12
4792.090	36.285	-38.934	3.8358799e-11	8.6292205e-12	-8.6292205e-12
4860.943	20.085	-32.568	5.98925215e-11	1.281588e-11	-1.281588e-11
4919.955	36.293	-38.927	4.17586645e-11	8.9684004e-12	-8.9684004e-12
4990.069	28.862	-33.821	4.6189436e-11	1.034903845e-11	-1.034903845e-11
5045.464	26.121	-26.533	5.7369094e-11	1.25911349e-11	-1.25911349e-11
5090.256	16.431	-18.671	8.23065145e-11	1.84784462e-11	-1.84784462e-11
5143.644	33.249	-36.956	4.12892015e-11	9.2884543e-12	-9.2884543e-12
5207.838	29.230	-30.945	4.75304825e-11	1.06924925e-11	-1.06924925e-11
5254.854	27.345	-17.786	6.3384513e-11	1.43168111e-11	-1.43168111e-11
5319.541	25.341	-37.342	4.56730705e-11	1.02954236e-11	-1.02954236e-11
5366.686	18.313	-21.804	7.1698045e-11	1.609675915e-11	-1.609675915e-11
5407.301	20.323	-22.302	6.6945453e-11	1.51211251e-11	-1.51211251e-11
5461.540	36.289	-33.916	4.49355515e-11	9.65069855e-12	-9.65069855e-12
5531.367	49.204	-33.538	3.498237015e-11	7.85381085e-12	-7.85381085e-12
5609.124	26.608	-28.553	5.17414875e-11	1.161635495e-11	-1.161635495e-11
5661.565	21.806	-25.833	6.3152665e-11	1.38339088e-11	-1.38339088e-11
5733.478	30.126	-50.108	3.57920679e-11	8.0355918e-12	-8.0355918e-12
5810.652	55.753	-47.047	2.76830016e-11	6.2150448e-12	-6.2150448e-12
5910.092	54.099	-43.687	2.93827117e-11	6.596645e-12	-6.596645e-12
5994.015	17.814	-29.825	5.9915772e-11	1.34515494e-11	-1.34515494e-11
6055.178	29.364	-43.349	3.93963845e-11	8.8447895e-12	-8.8447895e-12
6125.378	26.861	-40.837	4.19675905e-11	9.46015395e-12	-9.46015395e-12
6198.455	36.526	-46.215	3.46489536e-11	7.74774185e-12	-7.74774185e-12
6269.670	35.516	-34.689	4.07381975e-11	9.164493e-12	-9.164493e-12
6329.985	30.362	-24.799	5.19857455e-11	1.1647734e-11	-1.1647734e-11
6386.395	46.665	-26.048	3.9894427e-11	8.9385945e-12	-8.9385945e-12
6471.034	42.260	-37.975	3.716503e-11	8.2519492e-12	-8.2519492e-12
6544.002	34.483	-30.707	4.63674465e-11	1.01375757e-11	-1.01375757e-11
6610.808	30.360	-32.323	4.5902692e-11	1.03471879e-11	-1.03471879e-11
6689.129	34.781	-47.961	3.48925327e-11	7.81789485e-12	-7.81789485e-12
6747.088	29.476	-23.178	5.4824679e-11	1.23334011e-11	-1.23334011e-11
6820.651	33.640	-44.087	3.7172622e-11	8.36237995e-12	-8.36237995e-12
6879.341	35.125	-25.051	4.7719954e-11	1.071349095e-11	-1.071349095e-11
6950.299	29.357	-35.833	4.42789895e-11	9.9610325e-12	-9.9610325e-12
7054.359	78.223	-74.703	3.6632714e-11	5.9330677e-12	-5.9330677e-12
10545.016	30.976	-29.199	1.710756095e-11	3.84109575e-12	-3.84109575e-12
10609.951	26.217	-33.959	1.656179835e-11	3.72366065e-12	-3.72366065e-12
10677.517	38.885	-41.349	2.41184554e-11	5.2901932e-12	-5.2901932e-12
10760.858	30.764	-44.456	2.295328415e-11	5.0217503e-12	-5.0217503e-12
10822.943	38.885	-31.320	1.425188855e-11	3.122193575e-12	-3.122193575e-12
10907.230	34.832	-45.402	2.173221315e-11	4.7667905e-12	-4.7667905e-12
10975.267	34.492	-33.205	2.82563217e-11	6.3267786e-12	-6.3267786e-12
11066.866	58.230	-57.107	1.59868394e-11	3.608587465e-12	-3.608587465e-12
11155.545	32.234	-30.449	1.66762368e-11	3.7441554e-12	-3.7441554e-12
11217.352	35.618	-29.573	2.207352465e-11	4.94882695e-12	-4.94882695e-12
11300.696	55.073	-47.727	4.0987383e-11	9.18838225e-12	-9.18838225e-12
11419.601	76.578	-63.832	2.98332312e-11	6.7393454e-12	-6.7393454e-12
11552.660	68.886	-56.480	3.37704059e-11	7.57051245e-12	-7.57051245e-12
11704.309	87.735	-82.763	2.474825195e-11	5.56922475e-12	-5.56922475e-12
11859.956	44.918	-67.912	1.82811637e-11	4.11023215e-12	-4.11023215e-12
11933.319	29.223	-28.446	1.641646265e-11	3.7011438e-12	-3.7011438e-12
12008.676	34.100	-46.134	1.29746988e-11	2.776550985e-12	-2.776550985e-12
12069.966	32.985	-27.190	1.569198145e-11	3.513629795e-12	-3.513629795e-12
12126.765	21.319	-23.813	2.112722565e-11	4.72419135e-12	-4.72419135e-12
12172.772	25.459	-24.688	1.89825769e-11	4.25043595e-12	-4.25043595e-12
12238.935	44.545	-40.704	1.110907065e-11	2.494276775e-12	-2.494276775e-12
12308.545	22.574	-25.066	2.006392955e-11	4.48643035e-12	-4.48643035e-12
12366.338	22.449	-35.219	1.669593585e-11	3.73842855e-12	-3.73842855e-12
12441.587	47.493	-52.800	2.29877438e-11	5.0482274e-12	-5.0482274e-12
12585.039	64.510	-95.959	1.7229095e-11	3.80279995e-12	-3.80279995e-12
12685.412	29.328	-35.863	1.554901825e-11	3.397490445e-12	-3.397490445e-12
12747.701	32.229	-32.961	1.490371285e-11	3.33712711e-12	-3.33712711e-12
12815.079	27.534	-35.149	1.607554535e-11	3.521705785e-12	-3.521705785e-12
12893.548	54.369	-50.935	1.59872336e-11	2.70867376e-12	-2.70867376e-12
16328.846	59.083	-66.283	2.44813019e-11	5.3838522e-12	-5.3838522e-12
16453.071	65.238	-65.143	2.22601309e-11	5.0182244e-12	-5.0182244e-12
16594.358	71.883	-76.049	1.969206025e-11	4.4332462e-12	-4.4332462e-12
16745.669	71.011	-79.428	1.951576525e-11	4.38758835e-12	-4.38758835e-12
16874.311	50.184	-57.630	2.699116235e-11	6.1013984e-12	-6.1013984e-12
16990.146	57.209	-65.650	2.40223874e-11	5.40077725e-12	-5.40077725e-12
17102.853	57.331	-55.498	2.59522811e-11	5.83466005e-12	-5.83466005e-12
17212.431	48.046	-52.247	2.917193515e-11	6.55851345e-12	-6.55851345e-12
17357.785	88.234	-97.308	1.573420465e-11	3.556744325e-12	-3.556744325e-12
17523.808	75.157	-77.789	1.907390355e-11	4.29993725e-12	-4.29993725e-12
17633.560	25.582	-34.594	1.78946141e-11	4.0306804e-12	-4.0306804e-12
17688.323	33.502	-29.182	1.477182375e-11	3.245966535e-12	-3.245966535e-12
17750.270	46.774	-28.445	1.76957548e-11	3.96833475e-12	-3.96833475e-12
17852.124	32.677	-55.080	1.77345397e-11	3.8805559e-12	-3.8805559e-12
17928.159	46.905	-43.358	1.626689295e-11	3.642593785e-12	-3.642593785e-12
18019.806	40.508	-44.741	1.715852225e-11	3.85882015e-12	-3.85882015e-12
18086.508	28.967	-26.194	2.656185665e-11	5.94791225e-12	-5.94791225e-12
18141.796	23.825	-26.321	2.92096433e-11	6.53147425e-12	-6.53147425e-12
18208.482	39.882	-42.860	1.76185354e-11	3.9622721e-12	-3.9622721e-12
18293.353	40.260	-44.989	1.682997115e-11	3.77949835e-12	-3.77949835e-12
18374.337	52.046	-40.725	1.35062702e-11	3.0289087e-12	-3.0289087e-12
18465.116	26.458	-38.733	1.4123821e-11	3.090636405e-12	-3.090636405e-12
18533.312	28.467	-41.738	2.07771067e-11	4.6525528e-12	-4.6525528e-12
18627.037	60.108	-65.258	1.82709291e-11	2.93006305e-12	-2.93006305e-12
22073.418	31.003	-71.797	1.888056305e-11	4.142458e-12	-4.142458e-12
22181.104	76.264	-76.683	1.28753239e-11	2.89131173e-12	-2.89131173e-12
22319.131	41.036	-61.764	2.00109279e-11	4.3726489e-12	-4.3726489e-12
22437.292	65.793	-77.124	1.510095155e-11	3.24042255e-12	-3.24042255e-12
22587.661	73.385	-84.577	1.23384527e-11	2.77075004e-12	-2.77075004e-12
22720.311	68.608	-59.265	1.51862484e-11	3.419999265e-12	-3.419999265e-12
22879.047	82.878	-90.127	1.171813155e-11	2.581511775e-12	-2.581511775e-12
23109.690	102.956	-147.765	1.461752365e-11	2.398123365e-12	-2.398123365e-12
27618.260	29.215	-23.439	1.570978615e-11	3.512815115e-12	-3.512815115e-12
27680.437	44.764	-32.963	1.052047895e-11	2.368448865e-12	-2.368448865e-12
27758.540	36.866	-33.338	1.174492255e-11	2.63335966e-12	-2.63335966e-12
27829.487	36.124	-34.081	1.22726797e-11	2.68849583e-12	-2.68849583e-12
27907.452	30.871	-41.841	1.18486008e-11	2.59895257e-12	-2.59895257e-12
27975.044	41.006	-36.721	1.055539485e-11	2.37630914e-12	-2.37630914e-12
28045.881	37.867	-29.831	1.21678444e-11	2.724493955e-12	-2.724493955e-12
28134.262	37.242	-50.515	1.00531001e-11	2.25403195e-12	-2.25403195e-12
28219.756	49.533	-48.252	1.4946312e-11	3.359818065e-12	-3.359818065e-12
28319.295	45.272	-50.006	1.533387995e-11	3.437826595e-12	-3.437826595e-12
28427.056	40.311	-62.489	1.543211605e-11	3.39312979e-12	-3.39312979e-12
28546.705	56.058	-79.338	1.096992535e-11	2.462691865e-12	-2.462691865e-12
28648.382	47.152	-45.619	1.58609144e-11	3.546608275e-12	-3.546608275e-12
28741.789	41.501	-46.255	1.09627239e-11	2.39843471e-12	-2.39843471e-12
28827.409	36.115	-44.119	1.039701405e-11	2.33430348e-12	-2.33430348e-12
28895.609	40.627	-32.085	1.130882055e-11	2.5459261e-12	-2.5459261e-12
28969.124	29.795	-32.888	1.37679314e-11	3.016050845e-12	-3.016050845e-12
29047.782	68.981	-48.863	1.70871538e-11	3.9357366e-12	-3.9357366e-12
29160.759	36.238	-43.996	1.48865907e-11	3.439096795e-12	-3.439096795e-12
29270.290	79.654	-73.293	6.6714919e-12	1.70667868e-12	-1.70667868e-12
29471.640	85.777	-121.695	9.10872465e-12	1.732675075e-12	-1.732675075e-12
33351.608	27.458	-20.181	1.75788818e-11	3.930758e-12	-3.930758e-12
33422.453	46.876	-43.388	9.5724681e-12	2.10533387e-12	-2.10533387e-12
33495.527	28.963	-26.198	1.49508672e-11	3.3431153e-12	-3.3431153e-12
33563.471	46.268	-38.981	9.62100945e-12	2.163155345e-12	-2.163155345e-12
33645.840	29.089	-36.101	1.265393315e-11	2.82950555e-12	-2.82950555e-12
33719.927	37.743	-44.998	9.8864776e-12	2.235132615e-12	-2.235132615e-12
33800.034	40.378	-42.363	9.99735e-12	2.244683935e-12	-2.244683935e-12
33887.540	45.643	-47.128	8.8312918e-12	1.993820165e-12	-1.993820165e-12
33978.050	50.411	-44.867	8.6348561e-12	1.938766485e-12	-1.938766485e-12
34078.348	42.884	-49.887	8.92099055e-12	2.003010865e-12	-2.003010865e-12
34185.154	38.878	-63.923	8.0232475e-12	1.79897258e-12	-1.79897258e-12
34272.663	49.155	-48.631	8.40712895e-12	1.88763473e-12	-1.88763473e-12
34349.019	22.945	-27.201	1.668468655e-11	3.73591735e-12	-3.73591735e-12
34448.418	46.404	-76.455	7.0514058e-12	1.548828225e-12	-1.548828225e-12
34525.918	44.124	-31.096	1.155039945e-11	2.540352915e-12	-2.540352915e-12
34607.646	30.093	-37.604	1.222692695e-11	2.760444995e-12	-2.760444995e-12
34682.207	38.274	-44.467	1.046245125e-11	2.289056255e-12	-2.289056255e-12
34791.397	59.453	-70.916	7.5410898e-12	1.55706007e-12	-1.55706007e-12
39109.615	24.575	-40.615	1.26858013e-11	2.840571985e-12	-2.840571985e-12
39178.061	33.855	-43.871	1.069575925e-11	2.398297835e-12	-2.398297835e-12
39243.755	33.352	-31.838	1.27058471e-11	2.84505966e-12	-2.84505966e-12
39317.218	37.616	-40.111	1.061872965e-11	2.38766721e-12	-2.38766721e-12
39409.438	58.225	-54.605	7.6617515e-12	1.68528822e-12	-1.68528822e-12
39518.545	69.470	-50.882	6.85953625e-12	1.54239583e-12	-1.54239583e-12
39651.315	39.499	-63.301	8.00682615e-12	1.805404975e-12	-1.805404975e-12
39740.950	42.635	-50.135	8.9030435e-12	2.001887395e-12	-2.001887395e-12
39819.058	32.224	-35.473	1.228488895e-11	2.76230978e-12	-2.76230978e-12
39896.109	37.915	-44.826	1.05220229e-11	2.302176545e-12	-2.302176545e-12
39961.658	42.571	-27.634	1.23882314e-11	2.71049511e-12	-2.71049511e-12
40042.833	39.123	-38.604	1.072812745e-11	2.402214285e-12	-2.402214285e-12
40121.189	30.972	-39.233	1.18767642e-11	2.663113365e-12	-2.663113365e-12
40209.566	42.887	-57.405	8.278857e-12	1.86674286e-12	-1.86674286e-12
40299.461	40.749	-47.007	9.4945771e-12	2.131923025e-12	-2.131923025e-12
40377.315	30.593	-37.105	1.21346367e-11	2.74383056e-12	-2.74383056e-12
40513.980	97.010	-106.072	8.24726625e-12	1.312197265e-12	-1.312197265e-12
44869.776	36.615	-56.156	8.7668036e-12	1.96632946e-12	-1.96632946e-12
44967.562	34.107	-61.171	8.50014555e-12	1.909447495e-12	-1.909447495e-12
45054.190	40.250	-52.520	8.77808575e-12	1.96584547e-12	-1.96584547e-12
45142.133	35.048	-47.693	1.035849195e-11	2.2604085e-12	-2.2604085e-12
45237.599	44.890	-60.417	7.7321527e-12	1.731609275e-12	-1.731609275e-12
45320.469	42.254	-37.980	1.009728335e-11	2.25782138e-12	-2.25782138e-12
45404.964	37.993	-42.242	1.00212502e-11	2.258080165e-12	-2.258080165e-12
45496.602	46.647	-53.645	8.1092853e-12	1.816067355e-12	-1.816067355e-12
45608.420	72.732	-65.171	5.84814315e-12	1.313709825e-12	-1.313709825e-12
45727.528	53.917	-46.376	7.99289045e-12	1.8065967e-12	-1.8065967e-12
45832.709	54.044	-51.263	7.6815856e-12	1.720284785e-12	-1.720284785e-12
45927.108	54.923	-40.355	8.41329015e-12	1.90161715e-12	-1.90161715e-12
46012.991	49.274	-30.960	1.009292525e-11	2.26376869e-12	-2.26376869e-12
46101.874	43.123	-39.609	9.78950075e-12	2.19571298e-12	-2.19571298e-12
79466.750	62.633	-62.733	7.72784205e-12	1.6993816e-12	-1.6993816e-12
79600.705	66.580	-71.322	6.8165867e-12	1.53910134e-12	-1.53910134e-12
79833.699	136.968	-166.414	5.76644155e-12	9.5548021e-13	-9.5548021e-13
85410.455	200.099	-238.678	3.41963536e-12	8.92645825e-13	-8.92645825e-13
97265.001	119.958	-145.818	2.58729082e-12	6.71733225e-13	-6.71733225e-13
97514.462	216.503	-129.503	3.169080015e-12	6.5648316e-13	-6.5648316e-13
102531.684	162.269	-131.087	2.639857025e-12	6.9223564e-13	-6.9223564e-13
102820.439	81.621	-126.486	5.35928405e-12	1.17485981e-12	-1.17485981e-12
103098.832	159.267	-196.772	2.24458575e-12	5.85542855e-13	-5.85542855e-13
103421.130	82.686	-163.031	3.19661306e-12	8.31747035e-13	-8.31747035e-13
103774.966	257.883	-271.150	2.63558762e-12	5.23058505e-13	-5.23058505e-13
126376.085	176.235	-192.340	1.956201075e-12	4.82616505e-13	-4.82616505e-13
126631.293	73.974	-78.973	5.60848415e-12	1.259271535e-12	-1.259271535e-12
126931.452	190.029	-226.186	1.51143726e-12	3.9899756e-13	-3.9899756e-13
127301.707	130.673	-180.226	3.12391163e-12	6.60229885e-13	-6.60229885e-13
137055.764	135.680	-180.241	1.94778235e-12	5.1210741e-13	-5.1210741e-13
137327.800	184.578	-136.355	2.448134205e-12	5.6595951e-13	-5.6595951e-13
183059.792	232.798	-266.155	1.54596188e-12	3.68164185e-13	-3.68164185e-13
194481.392	269.980	-201.393	1.75336656e-12	4.07036685e-13	-4.07036685e-13
200207.341	96.542	-166.726	2.4920083e-12	6.4966204e-13	-6.4966204e-13
200549.312	203.377	-245.429	1.4503786e-12	3.78111165e-13	-3.78111165e-13
211971.249	361.127	-428.673	1.358077765e-12	2.752009115e-13	-2.752009115e-13
246127.327	332.447	-214.148	1.155761915e-12	3.04470955e-13	-3.04470955e-13
246692.901	318.476	-233.127	1.844789935e-12	3.80157355e-13	-3.80157355e-13
255206.184	2657.654	-3532.567	5.6682529e-13	1.462898465e-13	-1.462898465e-13
258033.363	319.395	-169.525	1.456770845e-12	3.67513025e-13	-3.67513025e-13
263605.549	505.266	-472.581	1.49314054e-12	3.23799676e-13	-3.23799676e-13
269419.574	451.663	-526.184	1.26016761e-12	2.36350859e-13	-2.36350859e-13
274866.301	217.925	-213.333	1.68402459e-12	4.3982062e-13	-4.3982062e-13
275450.560	481.131	-366.334	9.4367465e-13	2.32821455e-13	-2.32821455e-13
356175.399	28057.101	-18401.992	7.50928735e-13	1.640687045e-13	-1.640687045e-13
391349.878	321.487	-425.688	9.1642448e-13	2.32765026e-13	-2.32765026e-13
410252.985	2897.991	-3617.562	6.5131111e-13	1.45512506e-13	-1.45512506e-13
418584.800	566.307	-524.369	6.34209035e-13	1.629809315e-13	-1.629809315e-13
439768.811	13255.130	-10032.843	5.59640995e-13	1.30621966e-13	-1.30621966e-13
518236.373	9516.587	-8214.130	3.141894815e-13	8.4048842e-14	-8.4048842e-14
575339.231	15531.298	-19466.415	5.1883728e-13	1.110896845e-13	-1.110896845e-13
684399.071	9792.031	-2313.324	4.9775342e-13	1.00473696e-13	-1.00473696e-13
716115.906	47375.118	-10999.943	3.78690055e-13	8.1302071e-14	-8.1302071e-14
894364.614	7606.709	-10261.644	2.071208195e-13	4.67141235e-14	-4.67141235e-14
1079939.640	12051.074	-7229.255	2.1566828e-13	4.72491405e-14	-4.72491405e-14
1343624.997	92406.383	-103976.293	8.45060775e-14	2.122449815e-14	-2.122449815e-14
1659841.706	114092.243	-70243.559	9.41967545e-14	2.422067365e-14	-2.422067365e-14
2203876.886	6935.163	-11806.923	8.70072035e-14	3.373709965e-14	-2.727375995e-14