Time	T_+ve	T_-ve	Flux	Fluxpos	Fluxneg
1738.346	1.416	-1.433	7.5840338e-10	1.15374808e-10	-1.15374762e-10
1740.889	1.321	-1.127	8.148049e-10	1.3759934e-10	-1.3759934e-10
1743.920	1.695	-1.710	6.4409062e-10	9.6015432e-11	-9.6015432e-11
1747.316	1.713	-1.701	3.21814482e-10	8.4587422e-11	-8.4587422e-11
1750.366	1.652	-1.337	7.2358184e-10	1.10077494e-10	-1.10077494e-10
1753.766	1.360	-1.748	6.9584384e-10	1.0585773e-10	-1.0585773e-10
1756.877	1.391	-1.751	6.6731602e-10	1.05783532e-10	-1.05783486e-10
1759.963	1.029	-1.695	7.9446002e-10	1.20860032e-10	-1.20860032e-10
1762.268	1.414	-1.276	7.9212322e-10	1.22998434e-10	-1.22998434e-10
1765.870	2.050	-2.188	5.106276e-10	7.7681028e-11	-7.7681028e-11
1769.334	1.504	-1.414	7.4197678e-10	1.12875904e-10	-1.12875858e-10
1772.570	1.607	-1.733	6.4841232e-10	9.8642032e-11	-9.8641986e-11
1775.838	1.536	-1.661	6.8766412e-10	1.02511046e-10	-1.02511046e-10
1778.728	2.066	-1.354	6.2353414e-10	9.6820478e-11	-9.6820432e-11
1781.993	1.276	-1.199	8.883796e-10	1.3243193e-10	-1.32431884e-10
1784.999	0.969	-1.730	8.022998e-10	1.22052674e-10	-1.22052674e-10
1787.501	1.188	-1.534	7.9547708e-10	1.21014776e-10	-1.21014776e-10
1790.327	1.205	-1.638	7.4996974e-10	1.16453002e-10	-1.16453002e-10
1793.814	1.568	-2.282	5.2796362e-10	8.7279894e-11	-8.7279848e-11
1797.022	1.615	-1.639	6.7564248e-10	1.00718978e-10	-1.00718932e-10
1800.665	1.642	-2.028	5.7175884e-10	9.0635686e-11	-9.0635686e-11
1803.740	1.574	-1.433	6.8675608e-10	1.1116176e-10	-1.1116176e-10
1806.923	1.561	-1.610	6.8267312e-10	1.03854062e-10	-1.03854062e-10
1810.495	1.592	-2.011	5.639324e-10	9.3226084e-11	-9.3226038e-11
1813.513	1.568	-1.426	7.1166646e-10	1.10505386e-10	-1.10505386e-10
1816.795	1.376	-1.714	7.002764e-10	1.06532044e-10	-1.06531998e-10
1820.236	1.494	-2.065	5.802325e-10	9.3919304e-11	-9.3919304e-11
1822.849	1.334	-1.120	8.8541904e-10	1.37485122e-10	-1.37485122e-10
1825.790	1.363	-1.607	7.5845168e-10	1.130634e-10	-1.13063354e-10
1828.560	1.599	-1.407	7.4901708e-10	1.1165695e-10	-1.1165695e-10
1831.836	1.556	-1.677	6.8278306e-10	1.0387076e-10	-1.0387076e-10
1835.067	1.673	-1.676	4.42055676e-10	8.1774982e-11	-8.1774982e-11
1838.813	2.045	-2.074	4.9311448e-10	8.1518808e-11	-8.1518808e-11
1842.664	1.777	-1.806	6.0380198e-10	9.1855468e-11	-9.1855468e-11
1846.208	1.717	-1.766	6.115286e-10	9.4956282e-11	-9.4956282e-11
1849.515	1.330	-1.590	7.41014e-10	1.1272944e-10	-1.12729394e-10
1852.645	1.400	-1.800	6.759286e-10	1.02828078e-10	-1.02828032e-10
1855.681	1.205	-1.636	7.1479722e-10	1.1816618e-10	-1.1816618e-10
1858.437	1.204	-1.550	7.6149044e-10	1.20712096e-10	-1.2071205e-10
1860.989	1.531	-1.348	7.6309308e-10	1.13755286e-10	-1.13755286e-10
1863.952	1.605	-1.432	7.2330262e-10	1.07823724e-10	-1.07823724e-10
1866.868	1.628	-1.312	7.4737764e-10	1.11412598e-10	-1.11412552e-10
1870.246	1.674	-1.751	6.1235338e-10	9.707081e-11	-9.707081e-11
1874.158	1.746	-2.238	5.0983548e-10	8.428304e-11	-8.428304e-11
1877.706	1.530	-1.802	6.0946228e-10	1.00752834e-10	-1.00752834e-10
1880.897	1.801	-1.661	5.865989e-10	9.6973152e-11	-9.6973152e-11
1884.739	1.935	-2.041	5.2742082e-10	8.3607208e-11	-8.3607208e-11
1888.481	1.802	-1.807	5.8124956e-10	9.2140208e-11	-9.2140208e-11
1891.872	1.387	-1.589	7.2686854e-10	1.10577422e-10	-1.10577422e-10
1894.589	1.115	-1.330	8.7147368e-10	1.35319718e-10	-1.35319718e-10
1897.161	1.254	-1.457	7.8570346e-10	1.22001614e-10	-1.22001614e-10
1900.532	1.783	-2.117	5.4626242e-10	8.482193e-11	-8.4821884e-11
1903.958	1.816	-1.643	6.2552686e-10	9.5160476e-11	-9.5160476e-11
1907.901	1.577	-2.128	5.7512742e-10	8.9304032e-11	-8.9304032e-11
1911.152	2.010	-1.675	5.5119408e-10	9.1120204e-11	-9.1120204e-11
1914.709	1.820	-1.546	5.934989e-10	1.00226548e-10	-1.00226548e-10
1917.951	1.189	-1.423	8.283565e-10	1.26016678e-10	-1.26016678e-10
1921.030	1.208	-1.890	6.9846906e-10	1.06257102e-10	-1.06257102e-10
1923.992	1.786	-1.754	6.204365e-10	9.2489348e-11	-9.2489302e-11
1927.382	1.673	-1.604	6.6016762e-10	1.00430374e-10	-1.00430374e-10
1930.449	1.414	-1.393	7.588091e-10	1.1782555e-10	-1.1782555e-10
1934.041	1.408	-2.179	6.031957e-10	9.1763284e-11	-9.1763284e-11
1937.227	1.868	-1.778	5.9347866e-10	9.0285028e-11	-9.0285028e-11
1940.979	2.186	-1.884	5.1520414e-10	8.1670608e-11	-8.1670562e-11
1944.895	1.713	-1.730	6.1882006e-10	9.608848e-11	-9.608848e-11
1947.945	1.407	-1.337	7.8860882e-10	1.19969932e-10	-1.19969932e-10
1950.563	1.318	-1.212	8.5517312e-10	1.30096234e-10	-1.30096234e-10
1953.870	1.644	-1.989	5.8639006e-10	9.105286e-11	-9.105286e-11
1956.962	1.701	-1.448	6.870215e-10	1.04515588e-10	-1.04515542e-10
1960.638	1.567	-1.975	6.0141458e-10	9.3385796e-11	-9.3385796e-11
1963.445	1.155	-1.239	9.172883e-10	1.36741394e-10	-1.36741348e-10
1966.486	1.639	-1.885	5.8564118e-10	9.4794776e-11	-9.4794776e-11
1969.515	1.386	-1.391	7.7900402e-10	1.18508742e-10	-1.18508742e-10
1972.240	1.811	-1.338	6.8701644e-10	1.0451476e-10	-1.0451476e-10
1975.484	1.294	-1.433	8.053818e-10	1.2005931e-10	-1.2005931e-10
1978.061	1.653	-1.283	7.4826222e-10	1.1154448e-10	-1.1154448e-10
1981.196	1.347	-1.482	7.7650714e-10	1.15754998e-10	-1.15754952e-10
1984.179	1.673	-1.636	6.6379932e-10	9.8953498e-11	-9.8953452e-11
1987.526	2.169	-1.674	5.4573158e-10	8.6509808e-11	-8.6509808e-11
1991.527	1.743	-1.833	6.0499522e-10	9.203703e-11	-9.203703e-11
1994.681	1.406	-1.411	7.7994058e-10	1.16266748e-10	-1.16266748e-10
1998.221	1.732	-2.134	5.681805e-10	8.4699432e-11	-8.4699432e-11
2001.352	1.371	-1.399	7.8100042e-10	1.1881248e-10	-1.18812434e-10
2004.145	1.720	-1.422	6.4689524e-10	1.09243836e-10	-1.0924379e-10
2007.868	1.808	-2.003	5.9096108e-10	8.8095382e-11	-8.8095336e-11
2011.219	1.652	-1.543	6.835462e-10	1.06138974e-10	-1.06138974e-10
2014.642	1.811	-1.771	5.8182548e-10	9.417718e-11	-9.4177134e-11
2018.515	1.700	-2.062	5.8376944e-10	8.7023306e-11	-8.702326e-11
2022.284	2.105	-2.068	5.1834778e-10	7.88555e-11	-7.88555e-11
2025.950	2.002	-1.560	6.0741114e-10	9.240457e-11	-9.240457e-11
2029.526	1.507	-1.575	7.0210904e-10	1.0681085e-10	-1.0681085e-10
2032.229	1.225	-1.196	8.7979968e-10	1.36612594e-10	-1.36612548e-10
2034.964	2.018	-1.510	4.59043292e-10	7.9909222e-11	-7.9909222e-11
2038.469	1.303	-1.487	7.7075898e-10	1.22181382e-10	-1.22181382e-10
2040.809	1.219	-1.037	8.7779638e-10	1.54797544e-10	-1.54797544e-10
2043.588	1.735	-1.560	6.7319482e-10	1.02412146e-10	-1.02412146e-10
2046.741	1.220	-1.418	8.3909336e-10	1.25084764e-10	-1.25084718e-10
2049.784	1.628	-1.823	5.9801104e-10	9.6797064e-11	-9.6797018e-11
2053.267	1.903	-1.854	5.581364e-10	8.8476216e-11	-8.8476216e-11
2056.733	1.465	-1.563	7.0352814e-10	1.09241674e-10	-1.09241674e-10
2059.636	1.566	-1.437	7.2039864e-10	1.09593206e-10	-1.09593206e-10
2063.376	1.713	-2.175	5.394811e-10	8.5519014e-11	-8.5519014e-11
2066.816	2.029	-1.727	5.5839446e-10	8.851711e-11	-8.851711e-11
2070.820	1.686	-1.975	5.7277222e-10	9.0796318e-11	-9.0796318e-11
2074.446	1.571	-1.940	5.9745398e-10	9.4708894e-11	-9.4708848e-11
2078.019	1.728	-2.003	5.8877148e-10	8.7768966e-11	-8.776892e-11
2081.536	1.552	-1.789	6.5744074e-10	9.8005576e-11	-9.8005576e-11
2085.269	2.028	-2.181	4.8246732e-10	7.9758756e-11	-7.975871e-11
2089.368	1.310	-2.071	6.302184e-10	9.7858376e-11	-9.7858376e-11
2091.956	1.533	-1.278	7.3428052e-10	1.18854294e-10	-1.18854248e-10
2095.191	1.522	-1.702	6.711055e-10	1.02094332e-10	-1.02094332e-10
2098.358	1.158	-1.645	7.5978798e-10	1.17977534e-10	-1.17977534e-10
2100.709	1.233	-1.192	9.0585224e-10	1.35036634e-10	-1.35036588e-10
2104.081	2.262	-2.140	4.54694682e-10	7.1011442e-11	-7.1011442e-11
2108.248	1.710	-1.905	4.8842524e-10	9.6421612e-11	-9.6421566e-11
2111.497	1.592	-1.539	6.6976368e-10	1.06171496e-10	-1.0617145e-10
2115.116	2.243	-2.027	5.0668632e-10	7.7081464e-11	-7.7081464e-11
2118.960	1.943	-1.601	6.104637e-10	9.286894e-11	-9.286894e-11
2122.855	1.534	-1.951	6.0171266e-10	9.538399e-11	-9.538399e-11
2126.816	2.036	-2.428	4.623828e-10	7.4843564e-11	-7.4843564e-11
2130.334	1.789	-1.481	6.514589e-10	1.0115653e-10	-1.0115653e-10
2134.019	2.012	-1.897	5.619774e-10	8.3774694e-11	-8.3774694e-11
2137.901	1.824	-1.870	3.87517018e-10	7.2943212e-11	-7.2943212e-11
2141.415	1.998	-1.690	3.7010634e-10	7.414671e-11	-7.414671e-11
2145.472	2.214	-2.059	4.6749938e-10	7.8948512e-11	-7.8948512e-11
2149.384	1.781	-1.698	6.220419e-10	9.4630326e-11	-9.463028e-11
2152.993	2.259	-1.828	5.3594278e-10	8.1532194e-11	-8.1532194e-11
2157.157	1.777	-1.906	5.8383568e-10	9.2550114e-11	-9.2550114e-11
2160.859	1.632	-1.925	6.2367536e-10	9.4878864e-11	-9.4878818e-11
2164.255	1.755	-1.764	6.2134178e-10	9.452379e-11	-9.452379e-11
2167.457	1.232	-1.448	7.8271576e-10	1.2407672e-10	-1.2407672e-10
2170.024	1.208	-1.335	7.8578396e-10	1.326985e-10	-1.326985e-10
2172.583	1.244	-1.351	8.0794078e-10	1.28075408e-10	-1.28075408e-10
2174.921	1.259	-1.093	9.1985188e-10	1.39935726e-10	-1.39935726e-10
2178.098	2.045	-1.919	4.55644398e-10	7.490755e-11	-7.490755e-11
2182.480	1.865	-2.337	4.9906274e-10	7.9111858e-11	-7.9111858e-11
2186.140	1.306	-1.795	6.4422172e-10	1.08792254e-10	-1.08792254e-10
2189.203	1.251	-1.757	6.9708446e-10	1.10502442e-10	-1.10502396e-10
2191.910	1.136	-1.455	8.0958068e-10	1.28335446e-10	-1.283354e-10
2194.437	1.729	-1.392	6.9328854e-10	1.05468938e-10	-1.05468938e-10
2197.699	1.539	-1.534	5.6390112e-10	1.13962792e-10	-1.13962792e-10
2200.960	1.702	-1.721	6.0298962e-10	9.7602938e-11	-9.7602938e-11
2204.520	1.785	-1.859	6.02876e-10	8.9871534e-11	-8.9871534e-11
2207.828	1.610	-1.523	6.9053866e-10	1.0505066e-10	-1.05050614e-10
2211.582	1.644	-2.144	5.7992614e-10	8.6450376e-11	-8.645033e-11
2214.920	1.866	-1.694	6.1703112e-10	9.1981646e-11	-9.19816e-11
2218.197	1.576	-1.411	7.5184056e-10	1.12077896e-10	-1.12077896e-10
2221.167	1.388	-1.394	8.0933458e-10	1.2064857e-10	-1.2064857e-10
2224.439	2.214	-1.883	5.3304938e-10	8.2770284e-11	-8.2770238e-11
2228.541	1.420	-1.888	6.6787446e-10	9.9560928e-11	-9.9560882e-11
2231.766	1.937	-1.806	5.8681556e-10	8.7477418e-11	-8.7477372e-11
2235.552	1.471	-1.848	6.2172358e-10	1.00635212e-10	-1.00635212e-10
2238.364	1.445	-1.341	7.9770532e-10	1.18914968e-10	-1.18914968e-10
2242.039	1.662	-2.229	5.613357e-10	8.7162456e-11	-8.7162456e-11
2245.135	1.467	-1.435	7.6440132e-10	1.16287264e-10	-1.16287218e-10
2248.212	1.517	-1.610	6.9641608e-10	1.08137352e-10	-1.08137352e-10
2251.619	1.643	-1.889	6.2204006e-10	9.2728318e-11	-9.2728318e-11
2254.814	1.730	-1.552	6.2884852e-10	1.01788524e-10	-1.01788524e-10
2258.274	1.524	-1.730	3.88947894e-10	8.5875928e-11	-8.5875928e-11
2261.229	1.805	-1.431	6.7874104e-10	1.01180818e-10	-1.01180818e-10
2264.927	1.746	-1.893	5.8551928e-10	9.091762e-11	-9.0917574e-11
2268.192	1.372	-1.519	7.1391218e-10	1.15557336e-10	-1.15557336e-10
2270.872	1.230	-1.309	7.9993402e-10	1.32240524e-10	-1.32240478e-10
2273.659	1.293	-1.557	7.5908924e-10	1.15479136e-10	-1.15479136e-10
2276.616	1.626	-1.663	6.2744552e-10	1.01561468e-10	-1.01561468e-10
2280.245	2.002	-2.003	5.3195136e-10	8.2599762e-11	-8.2599762e-11
2283.981	1.485	-1.734	6.4134304e-10	1.0381096e-10	-1.03810914e-10
2286.955	1.543	-1.489	7.0272866e-10	1.0911752e-10	-1.0911752e-10
2289.974	1.387	-1.477	7.6690602e-10	1.14323754e-10	-1.14323708e-10
2293.369	1.944	-2.008	5.5591598e-10	8.2871116e-11	-8.2871116e-11
2297.043	1.760	-1.730	6.292938e-10	9.3809686e-11	-9.380964e-11
2300.147	1.343	-1.343	7.5598102e-10	1.24974456e-10	-1.24974456e-10
2303.230	1.943	-1.740	5.9645854e-10	8.8914872e-11	-8.8914826e-11
2306.651	1.454	-1.478	7.3788876e-10	1.12253938e-10	-1.12253938e-10
2309.735	1.100	-1.630	8.043468e-10	1.19905072e-10	-1.19905026e-10
2312.626	1.500	-1.790	6.5766522e-10	1.00049678e-10	-1.00049678e-10
2316.040	1.558	-1.915	6.1342426e-10	9.525059e-11	-9.525059e-11
2318.515	1.481	-0.917	9.020922e-10	1.37233962e-10	-1.37233916e-10
2321.485	1.844	-1.488	4.29510786e-10	8.0847806e-11	-8.0847806e-11
2325.190	1.894	-1.861	5.8487022e-10	8.7187388e-11	-8.7187388e-11
2328.937	1.824	-1.852	5.9760302e-10	8.9085486e-11	-8.9085486e-11
2332.010	1.757	-1.250	7.3055728e-10	1.08905138e-10	-1.08905092e-10
2335.530	1.743	-1.763	6.2978462e-10	9.5808202e-11	-9.5808202e-11
2339.107	1.634	-1.833	6.494901e-10	9.682034e-11	-9.682034e-11
2342.798	1.300	-2.057	6.6071456e-10	1.00513542e-10	-1.00513542e-10
2345.538	1.484	-1.439	7.467686e-10	1.1360482e-10	-1.1360482e-10
2348.648	1.501	-1.627	6.4930472e-10	1.07339344e-10	-1.07339344e-10
2351.815	1.302	-1.666	7.2901904e-10	1.1090462e-10	-1.1090462e-10
2355.183	2.071	-2.066	5.2830908e-10	8.0370924e-11	-8.0370878e-11
2359.137	2.701	-1.884	4.54165682e-10	7.508005e-11	-7.508005e-11
2363.621	3.268	-1.783	4.32199808e-10	6.7110642e-11	-6.7110642e-11
2369.040	1.388	-2.151	5.6456214e-10	9.5339876e-11	-9.533983e-11
2371.928	1.590	-1.501	7.1080764e-10	1.05961046e-10	-1.05961046e-10
2375.427	2.277	-1.909	5.0889064e-10	7.9018984e-11	-7.9018984e-11
2379.386	1.594	-1.682	5.6946528e-10	1.04973334e-10	-1.04973334e-10
2382.567	1.576	-1.587	6.839441e-10	1.040474e-10	-1.040474e-10
2385.912	1.827	-1.769	5.7405286e-10	9.2919034e-11	-9.2918988e-11
2389.949	1.756	-2.210	4.6197156e-10	8.7100908e-11	-8.7100908e-11
2393.614	2.165	-1.910	5.3915312e-10	8.0372304e-11	-8.0372304e-11
2396.846	1.184	-1.068	9.6053842e-10	1.46125348e-10	-1.46125302e-10
2399.787	1.715	-1.757	6.2326366e-10	9.4816212e-11	-9.4816212e-11
2403.385	1.720	-1.883	5.9128308e-10	9.1812642e-11	-9.1812596e-11
2406.694	1.065	-1.589	7.9002976e-10	1.2523615e-10	-1.2523615e-10
2409.667	1.864	-1.908	5.7358826e-10	8.7259148e-11	-8.7259102e-11
2413.195	1.654	-1.664	4.21368556e-10	8.1807642e-11	-8.1807642e-11
2417.129	2.059	-2.280	4.9094098e-10	7.6231844e-11	-7.6231844e-11
2420.833	1.720	-1.645	6.529194e-10	9.7331584e-11	-9.7331538e-11
2424.130	1.447	-1.578	7.2627744e-10	1.08267164e-10	-1.08267164e-10
2426.933	1.621	-1.356	7.157186e-10	1.1113462e-10	-1.11134574e-10
2430.434	1.692	-1.880	6.0559598e-10	9.2128386e-11	-9.2128386e-11
2433.591	1.602	-1.465	6.945586e-10	1.07848886e-10	-1.07848886e-10
2436.987	1.748	-1.794	5.8269718e-10	9.4318262e-11	-9.4318262e-11
2440.055	1.301	-1.319	8.2554866e-10	1.25589522e-10	-1.25589522e-10
2442.811	1.550	-1.455	7.3099934e-10	1.08971056e-10	-1.0897101e-10
2445.895	1.069	-1.534	7.2930746e-10	1.3147559e-10	-1.31475544e-10
2449.053	1.504	-2.089	6.0198406e-10	9.1578962e-11	-9.1578962e-11
2451.772	1.798	-1.214	6.9630752e-10	1.10379254e-10	-1.10379254e-10
2455.594	2.242	-2.024	5.1495068e-10	7.6764386e-11	-7.676434e-11
2459.871	1.217	-2.035	6.7551828e-10	1.0070044e-10	-1.00700394e-10
2462.335	1.237	-1.246	8.7116088e-10	1.32528438e-10	-1.32528392e-10
2465.873	2.426	-2.301	4.50649764e-10	6.9975522e-11	-6.9975476e-11
2470.216	1.604	-1.917	5.862148e-10	9.488765e-11	-9.4887604e-11
2473.728	1.679	-1.908	5.8470462e-10	9.2687838e-11	-9.2687838e-11
2477.260	1.862	-1.853	5.8239542e-10	8.8598944e-11	-8.8598944e-11
2481.471	1.581	-2.350	5.5893036e-10	8.332049e-11	-8.332049e-11
2484.769	1.672	-1.717	6.3839582e-10	9.7118236e-11	-9.7118236e-11
2488.667	1.997	-2.226	5.0445256e-10	7.8329858e-11	-7.8329858e-11
2492.296	1.685	-1.631	6.5246032e-10	9.925788e-11	-9.925788e-11
2495.773	1.570	-1.792	6.0398644e-10	9.9847554e-11	-9.9847554e-11
2498.916	1.822	-1.573	6.2756696e-10	9.744663e-11	-9.744663e-11
2502.513	1.471	-1.775	6.561095e-10	1.01878638e-10	-1.01878638e-10
2506.095	1.605	-2.110	5.8239266e-10	8.859853e-11	-8.859853e-11
2509.570	1.392	-1.871	6.3257406e-10	1.02391584e-10	-1.02391584e-10
2513.087	1.615	-2.125	5.8737768e-10	8.7561184e-11	-8.7561138e-11
2516.670	2.106	-1.968	5.1475334e-10	8.1599124e-11	-8.1599124e-11
2520.054	1.532	-1.277	7.4653768e-10	1.18341808e-10	-1.18341808e-10
2523.112	1.347	-1.526	7.414326e-10	1.15127374e-10	-1.15127374e-10
2526.122	1.757	-1.663	6.4239644e-10	9.5762892e-11	-9.5762892e-11
2530.008	1.913	-2.130	5.434279e-10	8.1009496e-11	-8.1009496e-11
2533.498	2.045	-1.577	5.972686e-10	9.0861638e-11	-9.0861592e-11
2537.661	2.076	-2.118	5.0802354e-10	7.8884342e-11	-7.8884342e-11
2540.780	1.355	-1.044	8.744577e-10	1.38619758e-10	-1.38619712e-10
2543.917	1.716	-1.782	5.806258e-10	9.5985716e-11	-9.5985716e-11
2547.737	1.931	-2.105	5.1973928e-10	8.2389496e-11	-8.2389496e-11
2551.501	1.682	-1.834	5.776864e-10	9.5499818e-11	-9.5499818e-11
2554.563	1.810	-1.380	4.48679032e-10	8.4455862e-11	-8.4455862e-11
2557.936	2.138	-1.563	5.8018006e-10	9.0088562e-11	-9.0088516e-11
2562.035	1.965	-1.961	5.5620854e-10	8.636638e-11	-8.636638e-11
2565.997	2.186	-1.997	5.3026086e-10	8.0667854e-11	-8.0667854e-11
2569.633	1.914	-1.450	6.3207956e-10	1.00197798e-10	-1.00197798e-10
2573.540	1.571	-1.993	5.6990642e-10	9.4213658e-11	-9.4213658e-11
2577.022	1.774	-1.911	3.97445612e-10	7.2563344e-11	-7.2563344e-11
2580.076	1.580	-1.281	7.6783338e-10	1.14461938e-10	-1.14461892e-10
2583.124	1.144	-1.467	8.2838042e-10	1.26020312e-10	-1.26020312e-10
2585.587	1.602	-1.319	7.2924674e-10	1.1323521e-10	-1.13235164e-10
2588.703	2.510	-1.514	4.40863402e-10	7.4291104e-11	-7.4291104e-11
2593.236	2.128	-2.023	5.3437142e-10	8.1293178e-11	-8.1293132e-11
2596.368	1.099	-1.004	1.07088736e-09	1.59638584e-10	-1.59638538e-10
2598.955	1.779	-1.488	4.49218704e-10	8.4557476e-11	-8.4557476e-11
2602.509	1.637	-1.775	4.11450956e-10	7.9882174e-11	-7.9882174e-11
2605.641	1.460	-1.495	7.3211484e-10	1.11375568e-10	-1.11375568e-10
2608.866	2.100	-1.765	5.1698526e-10	8.7305378e-11	-8.7305378e-11
2612.900	1.748	-1.935	3.79641542e-10	7.370649e-11	-7.3706444e-11
2616.782	1.777	-2.134	5.4476788e-10	8.4589906e-11	-8.4589906e-11
2620.434	1.861	-1.875	5.524508e-10	8.9422436e-11	-8.942239e-11
2623.949	1.679	-1.654	6.7433424e-10	1.00523938e-10	-1.00523892e-10
2627.514	1.793	-1.887	6.0285346e-10	9.1711212e-11	-9.1711212e-11
2631.619	1.818	-2.313	4.793315e-10	8.4529094e-11	-8.4529094e-11
2635.491	1.948	-2.054	5.5431748e-10	8.4327522e-11	-8.4327522e-11
2639.271	1.441	-1.833	4.48233016e-10	8.4371912e-11	-8.4371912e-11
2642.496	1.626	-1.783	6.3003348e-10	9.9873406e-11	-9.9873406e-11
2645.999	2.104	-1.878	5.2670598e-10	8.349391e-11	-8.3493864e-11
2650.439	1.829	-2.336	5.2740794e-10	7.8621452e-11	-7.8621406e-11
2654.078	2.154	-1.810	5.5415786e-10	8.2609054e-11	-8.2609054e-11
2658.225	1.567	-1.993	5.6115492e-10	9.4764462e-11	-9.4764416e-11
2661.718	1.513	-1.926	6.290868e-10	9.5702034e-11	-9.5702034e-11
2665.225	1.951	-1.994	5.4010578e-10	8.3865958e-11	-8.3865958e-11
2669.198	1.987	-2.023	5.0644896e-10	8.372322e-11	-8.372322e-11
2672.876	1.491	-1.691	6.5927614e-10	1.04508964e-10	-1.04508964e-10
2676.468	1.820	-2.102	5.4329082e-10	8.436055e-11	-8.4360504e-11
2679.985	1.548	-1.697	6.6669732e-10	1.01423652e-10	-1.01423652e-10
2683.370	1.581	-1.837	6.4272258e-10	9.5811514e-11	-9.5811468e-11
2686.425	1.526	-1.474	7.2125562e-10	1.09723616e-10	-1.0972357e-10
2689.208	1.917	-1.258	6.8124482e-10	1.03636804e-10	-1.03636804e-10
2693.201	1.684	-2.075	5.4022584e-10	8.9307022e-11	-8.9307022e-11
2696.808	2.203	-1.923	5.0830644e-10	8.0577142e-11	-8.0577142e-11
2700.895	2.094	-1.884	5.5217434e-10	8.2313366e-11	-8.2313366e-11
2704.813	2.229	-1.824	4.495051e-10	7.4695168e-11	-7.4695168e-11
2709.177	1.896	-2.135	5.2018778e-10	8.2460566e-11	-8.2460566e-11
2713.293	1.502	-2.220	4.9221058e-10	9.280224e-11	-9.280224e-11
2716.576	1.712	-1.781	6.2894788e-10	9.3758074e-11	-9.3758074e-11
2719.790	1.817	-1.503	4.31123684e-10	8.1151406e-11	-8.1151406e-11
2722.974	1.188	-1.367	8.468071e-10	1.28823506e-10	-1.28823506e-10
2726.440	2.286	-2.278	4.7408244e-10	7.2121468e-11	-7.2121468e-11
2730.526	1.981	-1.800	5.7224874e-10	8.7055368e-11	-8.7055368e-11
2734.339	1.846	-1.833	5.9703032e-10	8.900011e-11	-8.9000064e-11
2738.088	1.938	-1.902	5.5486212e-10	8.6157264e-11	-8.6157264e-11
2742.026	2.125	-2.001	4.7941982e-10	8.4544642e-11	-8.4544642e-11
2745.749	1.725	-1.598	4.41516004e-10	8.3107556e-11	-8.3107556e-11
2749.059	1.739	-1.584	4.4151881e-10	8.3108108e-11	-8.3108108e-11
2752.647	1.580	-1.850	6.4074826e-10	9.5517206e-11	-9.551716e-11
2756.208	1.467	-1.981	4.24196866e-10	8.1798764e-11	-8.1798764e-11
2759.289	1.705	-1.613	6.5203298e-10	9.9192836e-11	-9.9192836e-11
2762.769	1.945	-1.775	5.9044358e-10	8.801824e-11	-8.801824e-11
2766.629	2.141	-1.915	5.1698204e-10	8.195245e-11	-8.1952404e-11
2770.606	1.893	-1.836	5.7126112e-10	8.870364e-11	-8.870364e-11
2773.944	2.100	-1.444	6.0111006e-10	9.3338508e-11	-9.3338508e-11
2777.810	1.681	-1.767	4.15113844e-10	7.8137854e-11	-7.8137808e-11
2781.552	1.571	-2.060	3.94159924e-10	7.419363e-11	-7.419363e-11
2785.050	2.044	-1.927	5.4478674e-10	8.2877602e-11	-8.2877602e-11
2789.076	2.132	-1.982	5.017634e-10	8.1217876e-11	-8.1217876e-11
2792.878	1.752	-1.671	6.320124e-10	9.6147084e-11	-9.6147084e-11
2796.664	1.830	-2.034	5.5986002e-10	8.5170702e-11	-8.5170702e-11
2800.677	2.063	-2.182	5.0964872e-10	7.7532126e-11	-7.7532126e-11
2804.448	1.610	-1.708	6.6201774e-10	9.8687894e-11	-9.8687848e-11
2807.969	1.481	-1.912	2.75318188e-10	8.7961016e-11	-8.796097e-11
2811.531	2.146	-2.081	4.882808e-10	7.9035498e-11	-7.9035498e-11
2815.582	1.947	-1.905	5.530649e-10	8.5878182e-11	-8.5878182e-11
2819.329	1.524	-1.799	4.30653932e-10	8.1062994e-11	-8.1062994e-11
2822.500	1.498	-1.648	6.8778924e-10	1.04632382e-10	-1.04632336e-10
2825.893	1.406	-1.895	4.03546684e-10	8.3464562e-11	-8.3464562e-11
2829.303	1.933	-2.004	4.46328662e-10	7.4388164e-11	-7.4388164e-11
2832.853	1.862	-1.618	6.312189e-10	9.4096634e-11	-9.4096634e-11
2836.380	1.776	-1.664	3.96700504e-10	7.9474568e-11	-7.9474568e-11
2840.323	1.836	-2.167	3.57546224e-10	6.7301726e-11	-6.7301726e-11
2843.882	1.835	-1.723	3.55667308e-10	7.8527888e-11	-7.8527888e-11
2847.160	1.669	-1.442	7.059206e-10	1.05232498e-10	-1.05232498e-10
2850.268	2.380	-1.438	3.57510482e-10	7.1623288e-11	-7.1623288e-11
2854.782	1.509	-2.135	5.5738568e-10	9.2143842e-11	-9.2143796e-11
2858.786	1.476	-2.495	5.4480008e-10	8.2879626e-11	-8.2879626e-11
2861.758	2.009	-1.496	4.0284776e-10	8.328967e-11	-8.328967e-11
2865.830	2.186	-2.063	4.9360898e-10	7.8247288e-11	-7.8247288e-11
2870.069	2.670	-2.053	4.58012064e-10	6.9676706e-11	-6.9676706e-11
2874.180	1.708	-1.441	6.6596822e-10	1.05569816e-10	-1.05569816e-10
2877.646	1.922	-1.758	4.33073394e-10	7.840355e-11	-7.8403504e-11
2881.420	1.471	-1.853	4.30669434e-10	8.1065892e-11	-8.1065892e-11
2884.304	1.845	-1.413	4.49544844e-10	8.2075316e-11	-8.2075316e-11
2888.054	1.754	-1.906	5.7306248e-10	9.0842364e-11	-9.0842364e-11
2891.661	1.705	-1.853	3.92918016e-10	7.6284054e-11	-7.6284054e-11
2895.209	2.070	-1.842	5.2756894e-10	8.5394952e-11	-8.5394906e-11
2898.995	2.408	-1.716	5.2460332e-10	7.9807148e-11	-7.9807148e-11
2903.249	1.767	-1.846	3.96102366e-10	7.4559238e-11	-7.4559238e-11
2907.150	2.608	-2.134	4.42315944e-10	7.0116282e-11	-7.0116282e-11
2912.008	2.478	-2.251	4.36476934e-10	7.0650342e-11	-7.0650296e-11
2916.673	1.980	-2.187	5.1127528e-10	7.9389238e-11	-7.9389238e-11
2920.437	1.339	-1.784	6.940687e-10	1.0558771e-10	-1.05587664e-10
2923.533	1.539	-1.758	4.55418722e-10	8.314776e-11	-8.314776e-11
2926.946	1.686	-1.874	6.1351488e-10	9.5264712e-11	-9.5264712e-11
2930.673	1.645	-2.041	5.9249012e-10	9.2000046e-11	-9.2000046e-11
2933.957	1.624	-1.639	4.2848885e-10	8.3190034e-11	-8.3190034e-11
2937.591	1.452	-2.010	6.3445546e-10	9.4579128e-11	-9.4579128e-11
2941.379	2.205	-2.336	4.7650112e-10	7.2489422e-11	-7.2489422e-11
2945.823	1.782	-2.239	5.4631348e-10	8.1439642e-11	-8.1439642e-11
2949.194	1.757	-1.589	6.5638504e-10	9.784821e-11	-9.784821e-11
2953.132	1.868	-2.181	5.4856886e-10	8.1775902e-11	-8.1775856e-11
2956.673	1.806	-1.672	5.8888096e-10	9.944671e-11	-9.944671e-11
2960.935	2.143	-2.456	4.896999e-10	7.3000252e-11	-7.3000206e-11
2965.217	2.419	-2.139	4.56638366e-10	7.3913766e-11	-7.3913766e-11
2969.270	1.809	-1.634	6.2842532e-10	9.5601478e-11	-9.5601432e-11
2972.946	1.515	-1.867	6.4946572e-10	9.6816752e-11	-9.6816752e-11
2976.016	1.747	-1.555	4.3819347e-10	8.3522752e-11	-8.3522752e-11
2979.916	1.420	-2.153	6.1487372e-10	9.166006e-11	-9.166006e-11
2982.819	1.969	-1.484	5.6890822e-10	9.8165104e-11	-9.8165058e-11
2986.962	2.113	-2.173	5.1473586e-10	7.8305984e-11	-7.8305984e-11
2991.442	2.632	-2.367	3.96130334e-10	6.985675e-11	-6.985675e-11
2995.642	1.829	-1.568	4.42080332e-10	8.071252e-11	-8.071252e-11
2999.281	2.205	-1.811	3.56959678e-10	6.9302864e-11	-6.9302818e-11
3003.427	1.611	-1.942	4.0343748e-10	7.8326408e-11	-7.8326408e-11
3007.340	1.744	-2.302	5.1560664e-10	8.3458674e-11	-8.3458674e-11
3010.934	2.022	-1.849	5.4171808e-10	8.5873628e-11	-8.5873582e-11
3015.235	1.987	-2.279	5.0710124e-10	7.7144576e-11	-7.714453e-11
3018.973	2.209	-1.751	5.3792078e-10	8.3526662e-11	-8.3526662e-11
3022.906	2.373	-1.724	5.2802112e-10	8.0327132e-11	-8.0327132e-11
3027.213	1.513	-1.934	4.05700864e-10	7.87658e-11	-7.87658e-11
3030.599	1.833	-1.873	3.95146762e-10	7.214364e-11	-7.214364e-11
3034.512	1.717	-2.080	5.7855304e-10	8.6245676e-11	-8.6245676e-11
3037.734	1.766	-1.506	6.7323668e-10	1.00360316e-10	-1.00360316e-10
3041.604	1.969	-2.103	5.362956e-10	8.3274352e-11	-8.3274352e-11
3045.631	2.429	-2.058	4.7160258e-10	7.6335896e-11	-7.6335896e-11
3050.149	1.921	-2.089	4.44999262e-10	8.784873e-11	-8.784873e-11
3053.791	1.778	-1.721	6.0874606e-10	9.4524204e-11	-9.4524158e-11
3057.493	2.118	-1.924	4.50692038e-10	7.4892416e-11	-7.489237e-11
3061.008	1.103	-1.397	8.6550794e-10	1.31668468e-10	-1.31668468e-10
3064.035	1.370	-1.924	4.04424088e-10	8.3646032e-11	-8.3646032e-11
3067.196	1.548	-1.791	4.38521726e-10	8.0062816e-11	-8.006277e-11
3070.836	2.037	-2.092	5.2169106e-10	8.1006598e-11	-8.1006598e-11
3075.280	2.123	-2.407	4.821927e-10	7.4873418e-11	-7.4873418e-11
3079.554	1.533	-2.151	6.1122776e-10	9.111657e-11	-9.111657e-11
3083.325	2.185	-2.238	4.757619e-10	7.541815e-11	-7.541815e-11
3086.953	1.849	-1.443	4.34854422e-10	8.1853642e-11	-8.1853642e-11
3090.703	1.630	-1.901	4.14665252e-10	7.5707214e-11	-7.5707214e-11
3094.149	1.436	-1.816	4.29901096e-10	8.346424e-11	-8.346424e-11
3097.014	2.044	-1.429	4.21682828e-10	7.6988452e-11	-7.6988452e-11
3101.077	1.310	-2.019	4.39936042e-10	8.0321014e-11	-8.0321014e-11
3104.544	1.871	-2.157	5.2889788e-10	8.212564e-11	-8.212564e-11
3108.539	1.874	-2.124	4.9973204e-10	8.4391738e-11	-8.4391692e-11
3111.537	1.357	-1.124	8.583669e-10	1.3328454e-10	-1.3328454e-10
3114.762	1.661	-1.867	3.96297222e-10	7.6940152e-11	-7.6940106e-11
3118.751	1.967	-2.328	5.0375198e-10	7.663508e-11	-7.663508e-11
3122.892	1.912	-2.174	5.0507586e-10	8.1754098e-11	-8.1754098e-11
3127.125	1.620	-2.321	5.0695404e-10	8.5611382e-11	-8.5611382e-11
3130.589	2.113	-1.844	5.2166208e-10	8.4438796e-11	-8.4438796e-11
3134.255	1.722	-1.554	6.6053976e-10	1.00487e-10	-1.00486954e-10
3138.143	1.882	-2.165	3.45431664e-10	6.7064688e-11	-6.7064688e-11
3141.589	1.882	-1.564	6.2780248e-10	9.5506672e-11	-9.5506626e-11
3145.014	1.888	-1.544	4.55151784e-10	8.0460302e-11	-8.0460256e-11
3148.733	1.418	-1.830	4.40548808e-10	8.2925534e-11	-8.2925534e-11
3152.239	2.501	-2.088	4.1410051e-10	7.196815e-11	-7.1968104e-11
3156.619	1.467	-1.879	4.42266034e-10	8.1813898e-11	-8.1813898e-11
3159.936	1.696	-1.850	6.1015826e-10	9.2822526e-11	-9.282248e-11
3163.079	1.896	-1.447	6.471763e-10	9.845403e-11	-9.8453984e-11
3166.499	1.913	-1.524	4.44802704e-10	8.0912114e-11	-8.0912114e-11
3170.068	1.691	-1.656	2.89024624e-10	8.8624014e-11	-8.8624014e-11
3173.565	1.986	-1.806	3.86256112e-10	7.0520438e-11	-7.0520438e-11
3177.234	1.945	-1.684	3.98666728e-10	7.5988688e-11	-7.5988688e-11
3181.449	1.581	-2.269	5.7054628e-10	8.5052068e-11	-8.5052068e-11
3185.193	2.224	-2.164	4.8557002e-10	7.5397818e-11	-7.5397818e-11
3188.753	2.130	-1.336	3.93846342e-10	7.8902788e-11	-7.8902788e-11
3192.688	2.061	-1.805	3.61639626e-10	7.0211456e-11	-7.021141e-11
3196.423	1.991	-1.674	5.9935194e-10	8.9346214e-11	-8.9346214e-11
3200.205	1.559	-1.792	4.3712673e-10	7.9808114e-11	-7.9808114e-11
3203.780	1.956	-2.016	3.60265238e-10	6.7813568e-11	-6.7813568e-11
3207.811	1.770	-2.074	5.7133932e-10	8.5170334e-11	-8.5170334e-11
3211.291	1.872	-1.709	3.81133506e-10	7.6355906e-11	-7.6355906e-11
3214.724	1.650	-1.561	4.5601939e-10	8.3257424e-11	-8.3257424e-11
3218.394	1.950	-2.020	5.2836198e-10	8.3756386e-11	-8.3756386e-11
3222.309	1.706	-1.966	5.9819918e-10	8.9174358e-11	-8.9174358e-11
3225.638	1.605	-1.622	4.4349198e-10	8.3479512e-11	-8.3479512e-11
3228.455	1.965	-1.212	6.8087958e-10	1.03581236e-10	-1.03581236e-10
3232.114	1.787	-1.693	4.18198834e-10	7.8718512e-11	-7.8718512e-11
3235.528	2.524	-1.628	4.5795921e-10	7.4290874e-11	-7.4290828e-11
3240.011	1.967	-1.958	5.2127522e-10	8.8029786e-11	-8.8029786e-11
3243.704	1.987	-1.726	4.1128048e-10	7.8709358e-11	-7.8709358e-11
3247.999	2.367	-2.308	2.7776571e-10	5.9340782e-11	-5.9340782e-11
3252.571	1.736	-2.205	3.2954837e-10	7.040346e-11	-7.040346e-11
3256.428	1.753	-2.121	5.4975428e-10	8.5364178e-11	-8.5364132e-11
3260.231	1.838	-2.049	5.4799386e-10	8.50908e-11	-8.50908e-11
3264.123	2.232	-2.054	5.2057464e-10	7.7602782e-11	-7.7602782e-11
3268.032	1.677	-1.677	4.47700198e-10	8.173855e-11	-8.173855e-11
3271.929	2.207	-2.220	4.8496374e-10	7.6876902e-11	-7.6876902e-11
3276.219	2.110	-2.084	5.0801296e-10	7.8882686e-11	-7.8882686e-11
3280.579	1.899	-2.250	5.2145278e-10	7.9327874e-11	-7.9327874e-11
3284.207	1.985	-1.730	5.69595e-10	9.0292664e-11	-9.0292664e-11
3288.005	1.506	-1.812	4.01258782e-10	8.5723392e-11	-8.5723392e-11
3291.369	2.116	-1.858	4.53274386e-10	7.55458e-11	-7.55458e-11
3295.469	2.197	-1.984	5.232592e-10	7.9602678e-11	-7.9602678e-11
3299.660	2.436	-1.994	4.8837694e-10	7.4296118e-11	-7.4296072e-11
3304.330	2.380	-2.234	4.6179492e-10	7.1706088e-11	-7.1706088e-11
3308.468	2.070	-1.759	5.7373316e-10	8.5527202e-11	-8.5527202e-11
3312.567	1.990	-2.029	5.4655866e-10	8.1476212e-11	-8.1476212e-11
3316.191	1.673	-1.634	6.441173e-10	1.00016558e-10	-1.00016512e-10
3319.577	1.944	-1.712	5.4642158e-10	9.2276414e-11	-9.2276414e-11
3323.304	1.487	-1.783	4.27564158e-10	8.3010542e-11	-8.3010496e-11
3326.722	1.834	-1.931	4.45025896e-10	7.7215002e-11	-7.7215002e-11
3330.343	1.745	-1.788	6.1230324e-10	9.3148804e-11	-9.3148804e-11
3334.050	1.696	-1.962	5.7333112e-10	9.088496e-11	-9.088496e-11
3337.867	1.799	-2.121	5.0970622e-10	8.6076166e-11	-8.6076166e-11
3341.241	2.166	-1.575	4.3472875e-10	7.6588758e-11	-7.6588758e-11
3345.178	1.857	-1.771	3.9454499e-10	7.4266126e-11	-7.4266126e-11
3348.890	1.988	-1.855	3.3794567e-10	7.2197414e-11	-7.2197414e-11
3353.374	2.158	-2.496	3.07529458e-10	5.7886998e-11	-5.7886952e-11
3357.235	1.850	-1.703	6.089388e-10	9.2636962e-11	-9.2636916e-11
3360.715	1.558	-1.630	4.59315704e-10	8.3859242e-11	-8.3859242e-11
3363.979	2.257	-1.705	4.55838978e-10	7.493952e-11	-7.493952e-11
3368.159	1.766	-1.924	3.69914474e-10	7.41083e-11	-7.41083e-11
3371.284	1.972	-1.359	4.44393488e-10	8.2207474e-11	-8.2207474e-11
3375.084	1.750	-1.828	6.046792e-10	9.1989006e-11	-9.1989006e-11
3378.750	2.058	-1.917	5.5266424e-10	8.2386368e-11	-8.2386368e-11
3382.959	2.048	-2.151	5.073938e-10	7.8786546e-11	-7.87865e-11
3386.945	2.287	-1.939	4.23315368e-10	7.2074824e-11	-7.2074824e-11
3391.628	2.226	-2.396	4.6709826e-10	7.2529534e-11	-7.2529534e-11
3395.396	2.170	-1.541	2.98986752e-10	8.2015332e-11	-8.2015286e-11
3399.270	1.727	-1.704	4.1765447e-10	8.1086592e-11	-8.1086592e-11
3403.304	1.963	-2.307	5.2741622e-10	7.8622694e-11	-7.8622648e-11
3407.614	2.171	-2.346	4.9854248e-10	7.4318382e-11	-7.4318382e-11
3411.471	1.982	-1.687	4.20494142e-10	7.9632578e-11	-7.9632532e-11
3415.081	1.836	-1.628	6.3413392e-10	9.4531196e-11	-9.453115e-11
3418.510	1.857	-1.592	5.6949058e-10	9.8265522e-11	-9.8265522e-11
3422.682	2.293	-2.315	4.6950866e-10	7.1425672e-11	-7.1425672e-11
3427.128	1.359	-2.153	3.98102952e-10	7.7290718e-11	-7.7290718e-11
3430.287	2.034	-1.800	4.41055222e-10	7.7363122e-11	-7.7363076e-11
3434.340	2.184	-2.019	5.1483476e-10	7.8321072e-11	-7.8321072e-11
3438.328	1.401	-1.805	4.46435474e-10	8.4033582e-11	-8.4033582e-11
3441.681	2.640	-1.952	4.783632e-10	7.1310212e-11	-7.1310212e-11
3446.014	1.627	-1.693	6.6166032e-10	9.863458e-11	-9.863458e-11
3449.517	1.651	-1.876	6.0413962e-10	9.380895e-11	-9.380895e-11
3453.095	1.700	-1.928	5.9638862e-10	9.0727732e-11	-9.0727732e-11
3456.631	1.349	-1.836	4.4942299e-10	8.4595932e-11	-8.4595932e-11
3459.514	1.095	-1.534	8.3535264e-10	1.24527152e-10	-1.24527152e-10
3462.617	2.322	-2.008	4.6132802e-10	7.7906336e-11	-7.790629e-11
3466.942	1.698	-2.003	5.9358492e-10	8.8486474e-11	-8.8486474e-11
3470.625	1.878	-1.985	4.5496714e-10	7.5827918e-11	-7.5827918e-11
3474.178	1.721	-1.676	4.21408852e-10	7.9322768e-11	-7.9322768e-11
3478.071	2.141	-2.172	4.37387044e-10	7.240791e-11	-7.240791e-11
3482.140	1.772	-1.929	3.9572604e-10	7.2249394e-11	-7.2249394e-11
3485.524	1.649	-1.612	4.38886506e-10	8.2612596e-11	-8.2612596e-11
3488.871	1.874	-1.698	3.91364228e-10	7.5982386e-11	-7.5982386e-11
3492.797	2.428	-2.052	4.6814476e-10	7.4210696e-11	-7.4210696e-11
3496.771	1.468	-1.546	7.2885068e-10	1.08650712e-10	-1.08650712e-10
3499.998	2.310	-1.759	4.4773801e-10	7.4401504e-11	-7.4401504e-11
3504.979	1.729	-2.671	4.29617506e-10	8.0867908e-11	-8.0867908e-11
3508.875	1.847	-2.166	5.390234e-10	8.2000842e-11	-8.2000842e-11
3512.047	1.982	-1.326	4.02682942e-10	8.3285898e-11	-8.3285898e-11
3516.142	2.266	-2.113	4.9412372e-10	7.5170302e-11	-7.5170302e-11
3520.245	1.586	-1.837	4.32490804e-10	7.8961714e-11	-7.8961714e-11
3523.643	1.726	-1.812	5.8840118e-10	9.7271094e-11	-9.7271048e-11
3527.521	2.116	-2.152	4.57300536e-10	7.3226756e-11	-7.3226756e-11
3531.904	2.078	-2.266	4.56019988e-10	7.8686174e-11	-7.8686174e-11
3535.652	1.942	-1.670	3.96324776e-10	7.4601144e-11	-7.4601098e-11
3539.242	1.551	-1.648	4.16377602e-10	8.6118348e-11	-8.6118348e-11
3542.687	1.916	-1.894	3.0094028e-10	8.0459382e-11	-8.0459382e-11
3546.180	1.800	-1.576	6.4069858e-10	9.7468572e-11	-9.7468572e-11
3549.758	2.256	-1.778	3.54869254e-10	6.6797842e-11	-6.6797842e-11
3554.268	2.448	-2.254	3.97041088e-10	7.0581204e-11	-7.0581204e-11
3558.511	1.539	-1.795	4.53870178e-10	8.151752e-11	-8.151752e-11
3561.975	1.680	-1.925	5.6438136e-10	9.3300328e-11	-9.3300282e-11
3565.884	2.342	-2.230	4.7766906e-10	7.4170952e-11	-7.4170952e-11
3570.432	1.454	-2.206	3.91676246e-10	7.6042968e-11	-7.6042968e-11
3573.772	1.888	-1.886	5.909275e-10	8.8090322e-11	-8.8090322e-11
3578.036	2.089	-2.377	4.918987e-10	7.3328002e-11	-7.3328002e-11
3581.677	2.149	-1.552	5.8463884e-10	8.8940264e-11	-8.8940264e-11
3585.740	2.045	-1.914	5.2139896e-10	8.4396246e-11	-8.4396246e-11
3589.672	1.877	-1.888	5.746711e-10	8.7423874e-11	-8.7423874e-11
3592.970	1.837	-1.421	3.37604626e-10	8.8737818e-11	-8.8737818e-11
3596.508	1.485	-1.702	4.49148784e-10	8.454432e-11	-8.454432e-11
3599.804	1.721	-1.810	3.67713788e-10	7.855696e-11	-7.855696e-11
3603.672	1.724	-2.147	5.4167622e-10	8.5866958e-11	-8.5866958e-11
3607.521	2.270	-2.124	4.9231132e-10	7.4894624e-11	-7.4894624e-11
3611.597	2.204	-1.806	4.50381354e-10	7.404229e-11	-7.404229e-11
3615.352	1.770	-1.551	4.30890004e-10	8.110743e-11	-8.110743e-11
3619.303	2.100	-2.181	5.054135e-10	7.688785e-11	-7.688785e-11
3623.303	1.674	-1.900	6.1456782e-10	9.1614474e-11	-9.1614474e-11
3626.898	1.496	-1.920	4.18995232e-10	7.8868426e-11	-7.8868426e-11
3630.184	1.693	-1.791	6.0202454e-10	9.543344e-11	-9.543344e-11
3634.004	2.027	-2.128	5.0482884e-10	8.0025878e-11	-8.0025878e-11
3638.199	2.070	-2.168	4.9486064e-10	7.8445778e-11	-7.8445732e-11
3642.219	1.648	-1.950	3.97862004e-10	7.4890484e-11	-7.4890484e-11
3646.081	1.557	-2.215	5.8237794e-10	8.6815846e-11	-8.6815846e-11
3649.233	2.598	-1.595	4.10728848e-10	7.3478606e-11	-7.3478606e-11
3653.993	2.131	-2.162	3.41119348e-10	6.227963e-11	-6.227963e-11
3658.091	1.682	-1.967	4.01324838e-10	7.3271606e-11	-7.3271606e-11
3661.724	2.230	-1.951	4.3948699e-10	7.3770154e-11	-7.3770154e-11
3666.218	1.547	-2.264	5.7640944e-10	8.5926114e-11	-8.5926114e-11
3669.433	1.580	-1.668	4.20270076e-10	8.4196468e-11	-8.4196468e-11
13062.503	3.392	-3.874	2.11557864e-10	4.1289324e-11	-4.1496485e-11
13069.310	3.628	-3.416	2.24450974e-10	4.24144518e-11	-4.25698076e-11
7326.525	14.250	-10.823	3.2624833e-10	6.955637e-11	-6.955637e-11
7360.196	23.204	-19.420	1.705542e-10	3.94237342e-11	-3.94237342e-11
7403.824	19.693	-20.425	1.82825436e-10	4.1837092e-11	-4.1837092e-11
7435.273	13.317	-11.756	3.02639796e-10	6.7942322e-11	-6.7942322e-11
7462.614	16.064	-14.024	2.5344367e-10	5.6716574e-11	-5.6716574e-11
7493.341	12.917	-14.663	2.66499298e-10	6.0379784e-11	-6.0379784e-11
7527.189	14.172	-20.930	2.0965328e-10	4.7500382e-11	-4.7500382e-11
7559.505	11.943	-18.145	2.80961054e-10	5.9428182e-11	-5.9428182e-11
7585.613	10.909	-14.164	2.91930306e-10	6.6581918e-11	-6.6581918e-11
7618.303	15.829	-21.781	2.04693146e-10	4.53732362e-11	-4.53732362e-11
7650.674	16.053	-16.542	2.25138628e-10	5.134842e-11	-5.134842e-11
7681.011	23.325	-14.285	1.95585744e-10	4.46081688e-11	-4.46081688e-11
7717.995	16.429	-13.659	2.45845206e-10	5.5334136e-11	-5.5334136e-11
7748.449	13.555	-14.025	2.79733636e-10	6.200708e-11	-6.200708e-11
7779.421	20.194	-17.416	1.92471222e-10	4.41919194e-11	-4.41919194e-11
7819.038	20.694	-19.423	1.83626066e-10	4.17415316e-11	-4.17415316e-11
7873.444	28.970	-33.713	1.2616788e-10	2.78920494e-11	-2.78920494e-11
7918.707	18.811	-16.292	2.1634306e-10	4.8568778e-11	-4.8568778e-11
7958.572	16.555	-21.054	1.9508669e-10	4.46429126e-11	-4.46429126e-11
7991.535	13.680	-16.408	2.70342506e-10	5.7981574e-11	-5.7981574e-11
8022.008	20.817	-16.793	1.921742e-10	4.4123729e-11	-4.4123729e-11
8057.687	10.211	-14.862	3.02722136e-10	6.7744338e-11	-6.7744338e-11
8085.265	12.721	-17.367	2.57323586e-10	5.6860002e-11	-5.6860002e-11
8115.260	12.814	-17.274	2.80966666e-10	5.9258718e-11	-5.9258718e-11
8143.681	14.480	-15.608	2.70137668e-10	5.8285726e-11	-5.8285726e-11
8184.587	28.736	-26.425	1.445987e-10	3.16745006e-11	-3.16745006e-11
8243.816	22.160	-30.493	1.45858594e-10	3.25371294e-11	-3.25371294e-11
8286.155	14.924	-20.178	2.05415714e-10	4.7804166e-11	-4.7804166e-11
8319.041	19.648	-17.962	2.02952644e-10	4.5417525e-11	-4.5417525e-11
8355.607	18.184	-16.918	2.08578858e-10	4.757159e-11	-4.757159e-11
8393.465	20.443	-19.674	1.8328217e-10	4.16633638e-11	-4.16633638e-11
8444.977	34.122	-31.069	1.08844556e-10	2.55905222e-11	-2.55905222e-11
8496.985	19.724	-17.886	2.14072224e-10	4.6467958e-11	-4.6467958e-11
8537.298	19.527	-20.590	1.91078434e-10	4.2489487e-11	-4.2489487e-11
8569.483	17.431	-12.657	2.43813524e-10	5.5239928e-11	-5.5239928e-11
8617.932	19.129	-31.018	1.74048958e-10	3.63180626e-11	-3.63180626e-11
8659.079	23.113	-22.018	1.70614276e-10	3.79389416e-11	-3.79389416e-11
8700.614	21.695	-18.422	1.824475e-10	4.17506074e-11	-4.17506074e-11
8739.040	10.850	-16.731	3.04150758e-10	6.4705762e-11	-6.4705762e-11
8764.805	15.173	-14.915	2.44195692e-10	5.514411e-11	-5.514411e-11
8801.911	15.677	-21.933	1.95181266e-10	4.43682374e-11	-4.43682374e-11
8839.106	18.599	-21.518	2.08856146e-10	4.45615432e-11	-4.45615432e-11
8879.508	20.821	-21.804	1.69727258e-10	3.9100782e-11	-3.9100782e-11
8926.648	21.320	-26.319	1.52609048e-10	3.4922487e-11	-3.4922487e-11
8962.458	10.584	-14.490	3.68189106e-10	7.4024672e-11	-7.4024672e-11
8989.570	18.574	-16.529	2.2068063e-10	4.8610086e-11	-4.8610086e-11
9022.307	13.417	-14.163	2.63673794e-10	6.0137318e-11	-6.0137318e-11
9056.780	19.062	-21.055	1.82040906e-10	4.15189376e-11	-4.15189376e-11
9101.029	22.452	-25.187	1.51207244e-10	3.48342544e-11	-3.48342544e-11
9139.523	14.046	-16.042	2.45720914e-10	5.5306168e-11	-5.5306168e-11
9169.860	18.811	-16.292	2.08276684e-10	4.7502636e-11	-4.7502636e-11
9209.227	17.054	-20.556	1.96598618e-10	4.43957684e-11	-4.43957684e-11
9253.312	23.115	-27.031	1.51872082e-10	3.39865112e-11	-3.39865112e-11
9296.102	25.457	-19.675	1.60728416e-10	3.6903684e-11	-3.6903684e-11
9339.643	19.526	-18.083	2.06415386e-10	4.5325525e-11	-4.5325525e-11
9386.970	27.342	-27.801	2.1341838e-10	3.82742034e-11	-3.82742034e-11
13105.675	25.958	-24.188	6.773063e-11	1.54267854e-11	-1.54267854e-11
13146.800	12.413	-15.167	1.25275296e-10	2.83228578e-11	-2.83228578e-11
13173.114	18.695	-13.901	1.11430446e-10	2.4158188e-11	-2.4158188e-11
13221.889	20.066	-30.080	7.2888426e-11	1.6128635e-11	-1.6128635e-11
13267.082	17.498	-25.126	8.1808608e-11	1.85619246e-11	-1.85619246e-11
13302.666	14.509	-18.086	1.09886318e-10	2.4317601e-11	-2.4317601e-11
13332.051	17.719	-14.876	1.20287654e-10	2.53230874e-11	-2.53230874e-11
13374.064	13.316	-24.294	9.409645e-11	2.07501538e-11	-2.07501538e-11
13403.047	14.421	-15.667	1.12418664e-10	2.5510358e-11	-2.5510358e-11
13433.306	16.757	-15.838	1.15003404e-10	2.46005424e-11	-2.46005424e-11
13469.490	18.183	-19.427	8.9031482e-11	2.02784146e-11	-2.02784146e-11
13501.084	14.169	-13.412	1.22521736e-10	2.74971854e-11	-2.74971854e-11
13536.107	11.742	-20.853	1.13399844e-10	2.47521906e-11	-2.47521906e-11
13576.927	18.561	-29.079	6.9733838e-11	1.60020246e-11	-1.60020246e-11
13613.413	9.655	-17.925	1.2098805e-10	2.73535734e-11	-2.73535734e-11
13640.741	14.922	-17.673	1.04382786e-10	2.34263142e-11	-2.34263142e-11
13676.019	9.732	-20.356	1.16754164e-10	2.57466278e-11	-2.57466278e-11
13707.175	26.215	-21.424	7.3214382e-11	1.63753744e-11	-1.63753744e-11
13749.684	18.808	-16.294	9.9817792e-11	2.2246336e-11	-2.2246336e-11
13784.536	14.045	-16.043	1.10090834e-10	2.51686102e-11	-2.51686102e-11
13817.740	15.943	-19.160	1.00723716e-10	2.22115922e-11	-2.22115922e-11
13866.648	17.181	-32.965	6.5588732e-11	1.50508274e-11	-1.50508274e-11
13899.248	12.162	-15.418	1.23562946e-10	2.77308608e-11	-2.77308608e-11
13925.676	10.807	-14.266	1.43326616e-10	3.16063838e-11	-3.16063838e-11
13954.279	19.814	-17.796	8.7922606e-11	2.0175853e-11	-2.0175853e-11
13992.517	19.185	-18.424	8.9869096e-11	2.03933456e-11	-2.03933456e-11
14026.870	12.413	-15.167	1.2371976e-10	2.7868249e-11	-2.7868249e-11
14071.367	25.585	-32.083	5.6512196e-11	1.31650896e-11	-1.31650896e-11
14114.876	17.178	-17.925	9.4181826e-11	2.1531542e-11	-2.1531542e-11
14153.236	21.443	-21.182	7.9259794e-11	1.78535108e-11	-1.78535108e-11
14197.418	22.393	-22.739	7.7927174e-11	1.73675852e-11	-1.73675852e-11
14233.598	16.300	-13.788	1.18000626e-10	2.60214962e-11	-2.60214962e-11
14268.580	16.421	-18.681	1.0050724e-10	2.22420304e-11	-2.22420304e-11
14301.295	21.316	-16.294	8.8046438e-11	2.02801948e-11	-2.02801948e-11
14343.168	14.545	-20.558	9.5765376e-11	2.15714378e-11	-2.15714378e-11
14380.653	12.163	-22.940	9.676169e-11	2.1876358e-11	-2.1876358e-11
14409.864	13.040	-17.048	1.13098406e-10	2.56646052e-11	-2.56646052e-11
14446.841	21.194	-23.937	7.4455784e-11	1.69585532e-11	-1.69585532e-11
14486.836	18.810	-18.800	9.4290064e-11	2.10143732e-11	-2.10143732e-11
14524.947	20.815	-19.302	8.4280694e-11	1.92679786e-11	-1.92679786e-11
14575.299	33.147	-29.536	5.4065226e-11	1.23562946e-11	-1.23562946e-11
14625.217	18.331	-16.772	1.01101054e-10	2.23734386e-11	-2.23734386e-11
14660.846	15.298	-17.298	1.04871168e-10	2.34499076e-11	-2.34499076e-11
14694.290	16.956	-18.146	1.11664908e-10	2.3357972e-11	-2.3357972e-11
14725.536	13.291	-14.290	1.23137768e-10	2.78396002e-11	-2.78396002e-11
14761.763	17.180	-22.937	8.3749072e-11	1.8795554e-11	-1.8795554e-11
14793.358	15.674	-14.414	1.11416646e-10	2.52829754e-11	-2.52829754e-11
14829.360	12.267	-20.328	1.1965221e-10	2.53518742e-11	-2.53518742e-11
14855.165	16.550	-13.538	1.10908162e-10	2.5355453e-11	-2.5355453e-11
14894.650	22.196	-22.936	7.4524554e-11	1.70375536e-11	-1.70375536e-11
14942.214	17.257	-25.367	8.3149968e-11	1.84660238e-11	-1.84660238e-11
14979.866	22.229	-20.396	8.5464274e-11	1.85914428e-11	-1.85914428e-11
15024.657	15.048	-22.562	9.0540236e-11	2.0319672e-11	-2.0319672e-11
15063.267	21.570	-23.562	7.5338938e-11	1.70329996e-11	-1.70329996e-11
15105.895	14.044	-21.058	9.7164558e-11	2.19674426e-11	-2.19674426e-11
15141.606	18.433	-21.667	8.8868412e-11	1.9597265e-11	-1.9597265e-11
18830.303	20.861	-21.764	8.8503632e-11	1.91910712e-11	-1.91910712e-11
18879.739	29.092	-28.576	5.9087138e-11	1.36660848e-11	-1.36660848e-11
18929.425	14.509	-20.593	1.0368538e-10	2.28672532e-11	-2.28672532e-11
18965.601	20.958	-21.666	8.4861214e-11	1.87824072e-11	-1.87824072e-11
19021.087	18.126	-34.528	7.2053664e-11	1.55709494e-11	-1.55709494e-11
19058.141	18.682	-18.928	9.0879256e-11	2.07814384e-11	-2.07814384e-11
19098.505	23.449	-21.683	7.4767434e-11	1.71618594e-11	-1.71618594e-11
19136.198	15.844	-14.244	1.26375524e-10	2.72174456e-11	-2.72174456e-11
19167.836	19.309	-15.794	9.7862884e-11	2.21279274e-11	-2.21279274e-11
19214.420	27.886	-27.275	6.4955956e-11	1.43767572e-11	-1.43767572e-11
19267.124	25.328	-24.818	6.7863708e-11	1.55184542e-11	-1.55184542e-11
19310.418	19.644	-17.966	9.6049702e-11	2.1258762e-11	-2.1258762e-11
19352.851	17.328	-22.789	9.3253546e-11	2.05717198e-11	-2.05717198e-11
19383.466	14.293	-13.287	1.23266844e-10	2.82942504e-11	-2.82942504e-11
19419.444	20.940	-21.685	8.0423042e-11	1.83212986e-11	-1.83212986e-11
19460.500	12.479	-20.116	1.1126572e-10	2.4452174e-11	-2.4452174e-11
19489.392	21.197	-16.413	9.7118328e-11	2.13430846e-11	-2.13430846e-11
19538.822	16.898	-28.233	7.9071148e-11	1.76265192e-11	-1.76265192e-11
19575.525	20.313	-19.804	8.5809596e-11	1.96221556e-11	-1.96221556e-11
19629.322	21.677	-33.484	6.459113e-11	1.45552694e-11	-1.45552694e-11
19679.348	26.812	-28.349	6.51038e-11	1.44610292e-11	-1.44610292e-11
19720.700	15.548	-14.540	1.14993422e-10	2.59046424e-11	-2.59046424e-11
19766.332	17.555	-30.084	7.9287026e-11	1.71340892e-11	-1.71340892e-11
19804.821	21.691	-20.933	7.9925506e-11	1.82766372e-11	-1.82766372e-11
19848.447	18.181	-21.936	8.655314e-11	1.9425616e-11	-1.9425616e-11
19890.692	23.575	-24.064	7.2791412e-11	1.6336992e-11	-1.6336992e-11
19939.838	22.069	-25.570	7.2080344e-11	1.63592376e-11	-1.63592376e-11
19982.498	22.033	-20.591	8.3949494e-11	1.88492452e-11	-1.88492452e-11
20032.860	21.818	-28.328	6.907912e-11	1.56195806e-11	-1.56195806e-11
20073.354	23.948	-18.676	8.0811834e-11	1.82724788e-11	-1.82724788e-11
20122.943	16.984	-25.640	8.8502942e-11	1.91909194e-11	-1.91909194e-11
20154.844	17.679	-14.917	1.07956388e-10	2.42292672e-11	-2.42292672e-11
20195.210	22.444	-22.688	7.6762316e-11	1.7421856e-11	-1.7421856e-11
20238.712	19.059	-21.058	8.5619156e-11	1.93594772e-11	-1.93594772e-11
20287.915	17.496	-30.143	7.5169198e-11	1.68170342e-11	-1.68170342e-11
20338.536	29.557	-33.126	5.7548576e-11	1.26920256e-11	-1.26920256e-11
20382.885	15.296	-14.792	1.17465692e-10	2.63635016e-11	-2.63635016e-11
20410.214	20.563	-12.033	1.07561708e-10	2.44120344e-11	-2.44120344e-11
20463.995	14.421	-33.218	7.2053066e-11	1.63530552e-11	-1.63530552e-11
20508.120	32.979	-29.704	5.5906974e-11	1.25475258e-11	-1.25475258e-11
20575.895	22.873	-34.796	6.1502598e-11	1.39096962e-11	-1.39096962e-11
20621.029	25.377	-22.262	7.6261054e-11	1.69393022e-11	-1.69393022e-11
20669.624	21.915	-23.217	8.1043858e-11	1.78737876e-11	-1.78737876e-11
20707.959	18.682	-16.420	9.8530436e-11	2.22788626e-11	-2.22788626e-11
20755.342	31.474	-28.702	5.6786264e-11	1.2985363e-11	-1.2985363e-11
20814.932	14.509	-28.116	8.4834764e-11	1.88437206e-11	-1.88437206e-11
20863.823	40.819	-34.382	7.2517896e-11	1.30299232e-11	-1.30299232e-11
24635.634	43.141	-49.629	5.8713618e-11	1.35481546e-11	-1.35481546e-11
24716.434	32.546	-37.659	8.1842004e-11	1.84019274e-11	-1.84019274e-11
24789.710	36.997	-40.730	7.1357684e-11	1.6178775e-11	-1.6178775e-11
24855.412	18.934	-28.705	1.1774344e-10	2.6510743e-11	-2.6510743e-11
24908.311	38.747	-33.965	7.6115602e-11	1.7317919e-11	-1.7317919e-11
25003.581	46.278	-56.522	5.3566724e-11	1.22303604e-11	-1.22303604e-11
25070.288	29.717	-20.430	1.11134712e-10	2.5109744e-11	-2.5109744e-11
25147.756	47.527	-47.751	5.7919474e-11	1.32241812e-11	-1.32241812e-11
25236.638	51.416	-41.354	5.9127848e-11	1.35476348e-11	-1.35476348e-11
25337.534	35.769	-49.480	6.8071674e-11	1.51523724e-11	-1.51523724e-11
25408.933	42.097	-35.630	7.4804924e-11	1.6595719e-11	-1.6595719e-11
25524.844	59.074	-73.814	4.04522252e-11	9.5027122e-12	-9.5027122e-12
25624.517	59.694	-40.599	5.4923862e-11	1.2584404e-11	-1.2584404e-11
25742.860	51.674	-58.649	4.9208592e-11	1.1435945e-11	-1.1435945e-11
25833.890	33.356	-39.357	7.5269616e-11	1.7307063e-11	-1.7307063e-11
25901.966	30.471	-34.720	8.4943968e-11	1.93265642e-11	-1.93265642e-11
25963.899	31.221	-31.462	8.7678714e-11	2.0160351e-11	-2.0160351e-11
26048.008	39.882	-52.889	5.9351822e-11	1.35989616e-11	-1.35989616e-11
26121.354	41.756	-33.464	7.3492452e-11	1.67798156e-11	-1.67798156e-11
26221.385	52.047	-58.275	4.9889484e-11	1.1430908e-11	-1.1430908e-11
26314.165	39.502	-40.733	6.858577e-11	1.5770226e-11	-1.5770226e-11
26385.002	33.855	-31.336	8.669413e-11	1.9452365e-11	-1.9452365e-11
26469.754	59.425	-50.898	5.2942872e-11	1.17847906e-11	-1.17847906e-11
26585.460	66.560	-56.281	5.416339e-11	1.12825028e-11	-1.12825028e-11
30421.766	44.393	-65.929	3.03676268e-11	7.098996e-12	-7.098996e-12
30494.739	21.567	-28.580	6.7605096e-11	1.55105054e-11	-1.55105054e-11
30550.151	26.330	-33.846	5.689648e-11	1.30053178e-11	-1.30053178e-11
30630.256	26.459	-53.775	4.27007006e-11	9.6531874e-12	-9.6531874e-12
30692.315	27.083	-35.600	5.4582588e-11	1.23392838e-11	-1.23392838e-11
30749.732	37.364	-30.333	5.041945e-11	1.148229e-11	-1.148229e-11
30808.906	28.336	-21.810	6.8665626e-11	1.55229806e-11	-1.55229806e-11
30857.048	22.819	-19.805	8.078911e-11	1.82636974e-11	-1.82636974e-11
30913.209	29.340	-33.343	5.3613138e-11	1.23003586e-11	-1.23003586e-11
30994.947	30.345	-52.397	4.12024806e-11	9.3832548e-12	-9.3832548e-12
31049.733	28.212	-24.442	6.3868746e-11	1.4653277e-11	-1.4653277e-11
31116.554	24.074	-38.609	5.4405396e-11	1.23900218e-11	-1.23900218e-11
31169.708	26.081	-29.080	6.155375e-11	1.40698636e-11	-1.40698636e-11
31215.187	25.734	-19.398	7.9980568e-11	1.76359262e-11	-1.76359262e-11
31281.155	34.986	-40.234	4.39304554e-11	1.03477966e-11	-1.03477966e-11
31350.988	25.329	-34.847	5.6530596e-11	1.29216852e-11	-1.29216852e-11
31403.714	22.749	-27.398	7.2584642e-11	1.59494512e-11	-1.59494512e-11
31468.075	38.622	-41.613	4.25799046e-11	9.661288e-12	-9.661288e-12
31542.170	32.225	-35.473	4.998567e-11	1.14256548e-11	-1.14256548e-11
31629.046	33.105	-54.651	3.90338888e-11	8.824249e-12	-8.824249e-12
31716.552	28.340	-54.401	4.08812534e-11	9.4142818e-12	-9.4142818e-12
31785.124	50.033	-40.231	3.67889968e-11	8.6001094e-12	-8.6001094e-12
31878.777	31.599	-43.621	4.58687666e-11	1.03693798e-11	-1.03693798e-11
31944.720	30.846	-34.344	5.301408e-11	1.18543104e-11	-1.18543104e-11
31999.883	25.830	-24.317	6.7900002e-11	1.52938362e-11	-1.52938362e-11
32060.558	37.867	-34.846	4.6914848e-11	1.06448784e-11	-1.06448784e-11
32133.462	32.661	-35.037	5.2948576e-11	1.17161678e-11	-1.17161678e-11
32222.528	36.366	-56.405	3.7269522e-11	8.3640558e-12	-8.3640558e-12
32300.008	29.091	-41.114	4.9114568e-11	1.11031488e-11	-1.11031488e-11
32369.072	27.707	-39.974	6.8210134e-11	1.33057484e-11	-1.33057484e-11
36080.287	28.838	-33.845	4.45129626e-11	1.01483084e-11	-1.01483084e-11
36144.999	29.317	-35.873	4.47007668e-11	9.8264326e-12	-9.8264326e-12
36204.524	32.475	-30.208	4.24841924e-11	9.8397312e-12	-9.8397312e-12
36277.565	29.638	-40.567	4.30425128e-11	9.3067154e-12	-9.3067154e-12
36332.024	27.834	-24.820	5.1525152e-11	1.16557238e-11	-1.16557238e-11
36392.986	27.047	-33.129	4.789589e-11	1.06069744e-11	-1.06069744e-11
36453.399	31.825	-33.365	4.42044268e-11	9.7894716e-12	-9.7894716e-12
36524.083	31.346	-38.859	4.05390502e-11	9.1129496e-12	-9.1129496e-12
36578.368	24.700	-22.939	5.7504462e-11	1.30083262e-11	-1.30083262e-11
36642.680	28.086	-39.612	4.09682486e-11	9.2676062e-12	-9.2676062e-12
36717.141	46.396	-46.375	3.07901736e-11	6.818764e-12	-6.818764e-12
36790.219	23.464	-26.683	5.8042202e-11	1.27123852e-11	-1.27123852e-11
36861.063	45.391	-47.380	2.96351044e-11	6.7038836e-12	-6.7038836e-12
36945.548	43.648	-39.094	3.43149006e-11	7.684875e-12	-7.684875e-12
37027.926	33.982	-38.731	3.78952278e-11	8.6395636e-12	-8.6395636e-12
37091.367	18.180	-29.459	5.805775e-11	1.31334922e-11	-1.31334922e-11
37149.839	34.928	-40.291	3.88889796e-11	8.548847e-12	-8.548847e-12
37216.481	25.954	-31.714	4.7570578e-11	1.08454062e-11	-1.08454062e-11
37273.272	21.817	-30.837	5.157842e-11	1.18053296e-11	-1.18053296e-11
37317.652	30.091	-22.563	5.1791308e-11	1.18076618e-11	-1.18076618e-11
37371.685	21.189	-23.942	6.1887664e-11	1.38918942e-11	-1.38918942e-11
37464.487	56.248	-71.612	3.21553202e-11	5.9778932e-12	-5.9778932e-12
37683.132	26.331	-28.830	3.34727326e-11	7.38691e-12	-7.38691e-12
37736.504	20.598	-27.041	3.84056576e-11	8.4437232e-12	-8.4437232e-12
37775.906	18.807	-18.803	4.9080436e-11	1.07906432e-11	-1.07906432e-11
37816.148	16.174	-21.436	4.7314496e-11	1.06214092e-11	-1.06214092e-11
37858.647	18.807	-26.325	3.91320988e-11	8.7502028e-12	-8.7502028e-12
37893.625	18.932	-16.171	4.9848038e-11	1.13686516e-11	-1.13686516e-11
37936.750	20.938	-24.194	3.99590868e-11	9.0412218e-12	-9.0412218e-12
37996.787	21.077	-39.099	3.04416316e-11	6.7433838e-12	-6.7433838e-12
38037.043	18.430	-19.180	4.6702788e-11	1.05254164e-11	-1.05254164e-11
38103.341	42.392	-47.867	3.13793554e-11	5.601926e-12	-5.601926e-12
41809.932	27.709	-29.960	3.29596716e-11	7.5104752e-12	-7.5104752e-12
41857.906	14.837	-20.266	6.3646934e-11	1.30325176e-11	-1.30325176e-11
41892.674	22.693	-19.931	4.38419468e-11	9.8401866e-12	-9.8401866e-12
41945.244	30.298	-29.876	3.85682262e-11	7.8973398e-12	-7.8973398e-12
43263.309	16.299	-18.804	5.5557604e-11	1.25539474e-11	-1.25539474e-11
43296.502	18.209	-16.893	5.3707392e-11	1.18374514e-11	-1.18374514e-11
43351.440	25.954	-36.729	2.89656112e-11	6.6383198e-12	-6.6383198e-12
43393.313	26.705	-15.919	4.4129594e-11	9.9367498e-12	-9.9367498e-12
43443.207	39.495	-23.188	2.97956812e-11	6.780308e-12	-6.780308e-12
43510.155	22.693	-27.453	3.61399552e-11	8.2825346e-12	-8.2825346e-12
43560.551	27.458	-27.703	3.48957012e-11	7.8851222e-12	-7.8851222e-12
43627.871	27.836	-39.862	2.75431026e-11	6.180307e-12	-6.180307e-12
43693.687	32.224	-37.980	2.65229468e-11	5.9931928e-12	-5.9931928e-12
43764.203	19.377	-38.291	3.63274144e-11	7.794286e-12	-7.794286e-12
43826.119	65.270	-42.539	2.9363226e-11	5.0982812e-12	-5.0982812e-12
48661.916	33.099	-24.570	2.97245422e-11	6.8429968e-12	-6.8429968e-12
48731.616	41.125	-36.602	2.25673056e-11	5.109082e-12	-5.109082e-12
48801.198	21.690	-28.457	3.62200964e-11	8.132432e-12	-8.132432e-12
48861.619	33.981	-38.731	2.47897956e-11	5.6122392e-12	-5.6122392e-12
48920.731	25.016	-25.131	3.27255178e-11	7.2550786e-12	-7.2550786e-12
48970.192	23.195	-24.444	2.15604208e-11	4.8412148e-12	-4.8412148e-12
49030.492	25.577	-37.105	2.45809234e-11	4.53822016e-12	-4.53822016e-12
53298.902	13.666	-18.930	5.2899034e-11	1.19632936e-11	-1.19632936e-11
53333.126	24.573	-20.559	3.89079224e-11	8.7991606e-12	-8.7991606e-12
53376.503	23.821	-18.804	4.031877e-11	9.1182258e-12	-9.1182258e-12
53448.017	37.556	-47.693	2.1566065e-11	4.774363e-12	-4.774363e-12
53512.853	25.374	-27.280	3.5558506e-11	7.843621e-12	-7.843621e-12
53571.695	34.229	-33.468	2.56202704e-11	5.8833678e-12	-5.8833678e-12
53622.597	28.459	-16.672	3.8513592e-11	8.7099804e-12	-8.7099804e-12
53687.281	46.516	-36.225	2.1234428e-11	4.7840828e-12	-4.7840828e-12
53757.615	23.822	-23.817	3.69149402e-11	8.380234e-12	-8.380234e-12
53808.013	23.571	-26.576	3.47806736e-11	7.8957252e-12	-7.8957252e-12
53861.214	20.516	-29.630	3.86345766e-11	8.322113e-12	-8.322113e-12
53910.436	36.485	-28.706	2.6899834e-11	6.0604862e-12	-6.0604862e-12
53978.761	28.335	-31.840	2.94873846e-11	6.643458e-12	-6.643458e-12
54055.147	34.691	-48.051	2.17993724e-11	4.8969714e-12	-4.8969714e-12
54129.700	32.850	-39.862	2.4034379e-11	5.4980212e-12	-5.4980212e-12
54196.146	21.565	-33.596	3.17587726e-11	7.1823526e-12	-7.1823526e-12
54246.417	31.469	-28.706	2.88337982e-11	6.4717308e-12	-6.4717308e-12
54311.105	26.957	-33.219	2.8870336e-11	6.529125e-12	-6.529125e-12
54366.416	34.329	-28.354	2.92972022e-11	6.4161168e-12	-6.4161168e-12
54428.699	34.730	-27.954	2.79902732e-11	6.3542054e-12	-6.3542054e-12
54498.587	32.539	-35.158	2.72396866e-11	5.9869966e-12	-5.9869966e-12
54568.606	37.740	-37.479	2.29009436e-11	5.2387422e-12	-5.2387422e-12
54633.173	20.812	-26.827	3.28340962e-11	7.4259916e-12	-7.4259916e-12
54706.533	50.252	-52.548	1.91802336e-11	3.11391802e-12	-3.11391802e-12
59147.580	48.560	-44.211	2.23816726e-11	4.8270468e-12	-4.8270468e-12
59225.972	55.417	-29.832	2.33184948e-11	5.2806712e-12	-5.2806712e-12
59329.895	74.352	-48.506	1.53143062e-11	3.53105246e-12	-3.53105246e-12
59453.728	60.842	-49.480	1.83077792e-11	4.07323146e-12	-4.07323146e-12
59551.800	25.452	-37.231	2.92007862e-11	6.6131578e-12	-6.6131578e-12
59599.942	27.457	-22.689	2.15118724e-11	4.8226308e-12	-4.8226308e-12
59650.590	21.941	-23.191	2.3924393e-11	5.3496574e-12	-5.3496574e-12
59699.607	33.099	-27.076	2.95273126e-11	6.6867118e-12	-6.6867118e-12
59783.097	32.351	-50.391	2.37795896e-11	5.3577626e-12	-5.3577626e-12
59857.818	30.342	-42.370	2.74171868e-11	6.1773492e-12	-6.1773492e-12
59916.155	27.166	-27.995	3.6694085e-11	8.1045008e-12	-8.1045008e-12
59976.540	34.479	-33.219	1.57077672e-11	3.53056348e-12	-3.53056348e-12
60047.749	28.461	-36.730	1.68196838e-11	3.8300796e-12	-3.8300796e-12
60105.416	28.461	-29.207	3.4346268e-11	7.7189472e-12	-7.7189472e-12
60187.905	41.251	-54.027	2.03687908e-11	4.6126868e-12	-4.6126868e-12
60263.836	35.525	-34.680	2.91401398e-11	6.3895564e-12	-6.3895564e-12
60334.962	32.096	-35.601	1.5924211e-11	3.57921354e-12	-3.57921354e-12
60428.408	86.582	-61.349	3.0829522e-11	5.143904e-12	-5.143904e-12
64795.657	30.341	-32.342	2.82767842e-11	6.3576922e-12	-6.3576922e-12
64863.424	40.301	-37.426	2.4567404e-11	5.4033072e-12	-5.4033072e-12
64955.747	43.256	-52.022	1.92913328e-11	4.3735236e-12	-4.3735236e-12
65040.132	31.583	-41.129	2.58890438e-11	5.7089818e-12	-5.7089818e-12
65093.653	25.701	-21.938	2.66067128e-11	5.9825484e-12	-5.9825484e-12
65145.805	28.711	-26.450	1.83129266e-11	4.1412098e-12	-4.1412098e-12
65210.742	38.993	-36.227	2.22694786e-11	5.0070218e-12	-5.0070218e-12
65305.457	44.571	-55.722	2.05325508e-11	4.41048138e-12	-4.41048138e-12
65409.568	58.303	-59.541	1.53402134e-11	3.48744124e-12	-3.48744124e-12
65498.641	26.899	-30.769	3.51136906e-11	7.5997152e-12	-7.5997152e-12
65569.916	33.351	-44.376	2.34333706e-11	5.312563e-12	-5.312563e-12
65643.380	32.599	-40.113	2.54337312e-11	5.7660632e-12	-5.7660632e-12
65701.946	24.180	-25.967	2.47164164e-11	5.4221396e-12	-5.4221396e-12
65760.211	26.091	-34.085	1.7881442e-11	3.95470096e-12	-3.95470096e-12
65827.044	26.955	-40.742	1.49435048e-11	3.3508401e-12	-3.3508401e-12
65876.564	20.060	-22.565	2.40689848e-11	5.427517e-12	-5.427517e-12
65924.202	25.075	-27.579	1.94387168e-11	4.35881924e-12	-4.35881924e-12
65980.992	25.954	-31.715	1.7951937e-11	4.02543286e-12	-4.02543286e-12
66049.441	32.724	-42.496	1.35102552e-11	3.06381344e-12	-3.06381344e-12
66119.317	25.532	-37.151	1.81146436e-11	3.86205466e-12	-3.86205466e-12
66178.786	36.262	-33.938	1.96528376e-11	3.8217674e-12	-3.8217674e-12
70652.305	26.831	-28.330	3.2637414e-11	7.3187886e-12	-7.3187886e-12
70724.799	39.585	-45.663	1.71892984e-11	3.83482128e-12	-3.83482128e-12
70793.216	28.837	-28.832	1.79597708e-11	4.03940812e-12	-4.03940812e-12
70869.435	52.910	-47.382	1.0289878e-11	2.31433958e-12	-2.31433958e-12
70965.027	25.016	-42.682	1.5881546e-11	3.50443456e-12	-3.50443456e-12
71022.635	32.597	-32.593	1.57050532e-11	3.5530584e-12	-3.5530584e-12
71073.159	27.206	-17.926	2.28785922e-11	5.1307204e-12	-5.1307204e-12
71133.375	37.195	-33.010	1.53928696e-11	3.3776995e-12	-3.3776995e-12
71216.593	29.196	-46.023	2.24085274e-11	4.998912e-12	-4.998912e-12
71281.889	51.656	-36.100	1.1598325e-11	2.63947954e-12	-2.63947954e-12
71354.605	24.071	-21.060	2.28076556e-11	5.1297636e-12	-5.1297636e-12
71431.570	59.936	-52.893	3.06044532e-11	7.0681714e-12	-7.0681714e-12
71517.455	29.212	-25.949	1.86111262e-11	4.19817712e-12	-4.19817712e-12
71571.560	20.239	-24.893	2.41259972e-11	5.2940342e-12	-5.2940342e-12
71634.599	29.912	-42.800	1.49447192e-11	3.2793607e-12	-3.2793607e-12
71699.360	37.863	-34.849	1.4156822e-11	3.18407032e-12	-3.18407032e-12
71761.543	20.812	-24.320	2.29451772e-11	5.1306974e-12	-5.1306974e-12
71816.578	23.446	-34.223	1.78474296e-11	4.01414078e-12	-4.01414078e-12
71865.595	39.619	-25.571	1.57908294e-11	3.5515818e-12	-3.5515818e-12
71935.675	29.715	-30.461	1.70604708e-11	3.84839128e-12	-3.84839128e-12
71987.202	23.320	-21.812	2.27463928e-11	5.1309826e-12	-5.1309826e-12
72040.481	35.231	-29.959	1.56113834e-11	3.5527479e-12	-3.5527479e-12
72106.801	21.564	-31.089	1.93797678e-11	4.39733734e-12	-4.39733734e-12
72159.830	36.233	-31.464	1.50743104e-11	3.42041326e-12	-3.42041326e-12
72227.403	31.343	-31.340	1.70016966e-11	3.82392342e-12	-3.82392342e-12
72306.756	39.746	-48.010	2.01615976e-11	4.58661124e-12	-4.58661124e-12
72414.693	54.667	-68.192	1.44601322e-11	3.26124222e-12	-3.26124222e-12
72549.804	72.501	-80.443	1.99375178e-11	3.46568876e-12	-3.46568876e-12
76288.153	26.926	-28.235	2.09626922e-11	4.6306958e-12	-4.6306958e-12
76360.026	45.316	-44.948	1.22739454e-11	2.69806514e-12	-2.69806514e-12
76449.218	26.329	-43.876	1.50925908e-11	3.4096051e-12	-3.4096051e-12
76505.383	25.325	-29.836	1.9266433e-11	4.34133878e-12	-4.34133878e-12
76558.412	29.964	-27.704	1.82193672e-11	4.14804724e-12	-4.14804724e-12
76634.258	26.831	-45.881	1.46850814e-11	3.29208522e-12	-3.29208522e-12
76685.282	35.982	-24.194	1.76820182e-11	3.97410192e-12	-3.97410192e-12
76759.768	24.179	-38.504	1.78473468e-11	3.91363308e-12	-3.91363308e-12
76806.636	34.979	-22.689	1.85354976e-11	4.14466348e-12	-4.14466348e-12
76875.223	26.567	-33.608	1.85078654e-11	4.0783899e-12	-4.0783899e-12
76957.963	39.106	-56.172	1.4545545e-11	3.18183196e-12	-3.18183196e-12
77029.535	65.320	-32.466	1.96088708e-11	4.41771764e-12	-4.41771764e-12
77139.228	50.905	-44.373	2.00981222e-11	4.52794192e-12	-4.52794192e-12
77276.256	41.750	-86.123	1.49021692e-11	3.36578918e-12	-3.36578918e-12
77372.032	56.296	-54.026	1.62631298e-11	3.73903456e-12	-3.73903456e-12
77470.054	38.508	-41.726	1.39001052e-11	3.05552838e-12	-3.05552838e-12
77545.293	35.982	-36.730	1.46755732e-11	3.2899545e-12	-3.2899545e-12
77642.194	49.402	-60.920	1.88717668e-11	4.24087754e-12	-4.24087754e-12
77750.993	28.360	-59.397	1.27452338e-11	2.79482246e-12	-2.79482246e-12
77820.471	34.101	-41.118	1.78503276e-11	4.03237242e-12	-4.03237242e-12
77898.070	44.259	-43.497	2.17431466e-11	4.886281e-12	-4.886281e-12
77977.679	32.347	-35.350	2.79911656e-11	6.322056e-12	-6.322056e-12
78055.655	42.128	-45.628	2.19735284e-11	4.938054e-12	-4.938054e-12
78142.282	45.764	-44.499	2.1014226e-11	4.770269e-12	-4.770269e-12
78282.410	88.666	-94.364	1.82147258e-11	3.10539422e-12	-3.10539422e-12
82079.957	46.767	-46.004	1.09544814e-11	2.48548902e-12	-2.48548902e-12
82147.031	24.824	-20.308	2.26252196e-11	5.0738506e-12	-5.0738506e-12
82209.211	35.357	-37.356	1.40258324e-11	3.18235544e-12	-3.18235544e-12
82283.052	31.720	-38.485	1.44420588e-11	3.28644792e-12	-3.28644792e-12
82350.624	41.875	-35.852	1.30487878e-11	2.96067132e-12	-2.96067132e-12
82415.440	17.176	-22.941	2.54289012e-11	5.7866252e-12	-5.7866252e-12
82453.091	17.134	-20.476	2.889444e-11	6.340272e-12	-6.340272e-12
82513.976	28.962	-43.750	1.40295032e-11	3.16459254e-12	-3.16459254e-12
82573.150	22.442	-30.212	1.94262508e-11	4.36915636e-12	-4.36915636e-12
82647.989	50.403	-52.397	9.9263354e-12	2.2522106e-12	-2.2522106e-12
82737.128	26.454	-38.736	1.56480316e-11	3.5504203e-12	-3.5504203e-12
82818.238	28.085	-54.657	1.22628732e-11	2.79879456e-12	-2.79879456e-12
82883.429	33.099	-37.106	1.46147658e-11	3.30626656e-12	-3.30626656e-12
82968.163	33.614	-51.635	1.27231308e-11	2.78409664e-12	-2.78409664e-12
83027.476	36.984	-25.699	1.62113476e-11	3.66745856e-12	-3.66745856e-12
83101.566	30.591	-37.106	1.517586e-11	3.43320218e-12	-3.43320218e-12
83168.135	31.720	-35.977	1.52133132e-11	3.43162116e-12	-3.43162116e-12
83231.446	31.092	-31.591	1.62702736e-11	3.67003686e-12	-3.67003686e-12
83304.910	32.848	-42.372	1.35994308e-11	3.08560824e-12	-3.08560824e-12
83378.498	39.494	-40.740	1.27267878e-11	2.87074316e-12	-2.87074316e-12
83459.860	45.889	-41.867	2.07482448e-11	4.692713e-12	-4.692713e-12
83573.817	37.239	-68.069	1.37894016e-11	3.10987922e-12	-3.10987922e-12
83648.789	32.472	-37.733	1.46141816e-11	3.26782988e-12	-3.26782988e-12
83717.490	21.439	-36.229	1.76599198e-11	3.99516578e-12	-3.99516578e-12
83766.007	33.098	-27.077	1.711246e-11	3.83758082e-12	-3.83758082e-12
83841.725	37.614	-42.620	1.28218146e-11	2.89217778e-12	-2.89217778e-12
83918.701	33.350	-39.362	1.6641213e-11	3.79784786e-12	-3.79784786e-12
84029.908	87.625	-77.857	1.87479394e-11	3.236859e-12	-3.236859e-12
87809.436	31.846	-45.881	1.36879716e-11	3.12434484e-12	-3.12434484e-12
87917.098	79.635	-75.817	1.19971174e-11	2.06696814e-12	-2.06696814e-12
89249.569	26.830	-45.882	1.54913786e-11	3.4823932e-12	-3.4823932e-12
89340.689	38.510	-64.290	1.14730302e-11	2.5226768e-12	-2.5226768e-12
89429.965	62.063	-50.766	9.9614058e-12	2.25727382e-12	-2.25727382e-12
89533.773	35.983	-41.744	1.45477806e-11	3.261607e-12	-3.261607e-12
89605.482	47.015	-35.727	1.34481138e-11	3.03113182e-12	-3.03113182e-12
89694.364	48.396	-41.868	1.23401716e-11	2.78883832e-12	-2.78883832e-12
89805.184	62.937	-62.424	1.33830192e-11	2.4783351e-12	-2.4783351e-12
93681.609	75.080	-72.851	1.26098236e-11	2.18894588e-12	-2.18894588e-12
95143.928	59.805	-53.024	9.4765796e-12	2.139943e-12	-2.139943e-12
95245.227	33.726	-41.494	1.41158912e-11	3.17971918e-12	-3.17971918e-12
95316.684	57.546	-37.732	1.12419446e-11	2.51993382e-12	-2.51993382e-12
95420.111	39.368	-45.881	1.24979056e-11	2.80146348e-12	-2.80146348e-12
95536.545	75.877	-77.066	1.00173372e-11	1.88237658e-12	-1.88237658e-12
99660.176	73.094	-42.242	1.02101462e-11	2.28305774e-12	-2.28305774e-12
99814.370	74.354	-81.100	7.4621982e-12	1.71086696e-12	-1.71086696e-12
99975.964	78.242	-87.241	6.96486e-12	1.60906022e-12	-1.60906022e-12
100110.866	68.707	-56.659	9.3227418e-12	2.11600276e-12	-2.11600276e-12
100274.207	70.849	-94.634	7.1052566e-12	1.62082288e-12	-1.62082288e-12
100522.469	156.052	-177.413	4.9916394e-12	9.6131122e-13	-9.6131122e-13
156923.305	5717.770	-127.547	5.7707598e-12	1.47182658e-12	-1.47182658e-12
163661.297	60.808	-69.572	8.35774e-12	1.91228762e-12	-1.91228762e-12
163801.326	116.351	-79.220	5.5887424e-12	1.2624309e-12	-1.2624309e-12
163993.139	95.035	-75.463	6.3409022e-12	1.45082712e-12	-1.45082712e-12
164141.481	52.000	-53.308	1.10052838e-11	2.41900108e-12	-2.41900108e-12
164386.638	195.470	-193.157	5.2834174e-12	8.8047496e-13	-8.8047496e-13
168364.796	61.811	-93.643	6.6069892e-12	1.49700422e-12	-1.49700422e-12
168492.168	69.834	-65.561	7.4571382e-12	1.70320474e-12	-1.70320474e-12
168650.755	66.701	-88.753	6.5296356e-12	1.49536754e-12	-1.49536754e-12
168776.973	40.776	-59.517	1.06486734e-11	2.36509092e-12	-2.36509092e-12
168908.299	94.991	-90.550	5.6923252e-12	1.27725762e-12	-1.27725762e-12
169087.406	68.831	-84.115	6.6873696e-12	1.50720472e-12	-1.50720472e-12
169219.292	52.281	-63.056	8.8346496e-12	2.00707752e-12	-2.00707752e-12
169350.046	76.981	-78.473	6.5805944e-12	1.48707144e-12	-1.48707144e-12
169505.125	89.893	-78.097	5.9946188e-12	1.3728424e-12	-1.3728424e-12
169660.706	49.648	-65.689	8.811576e-12	2.00183536e-12	-2.00183536e-12
169774.038	71.712	-63.683	7.506694e-12	1.70538928e-12	-1.70538928e-12
169907.050	81.617	-61.300	7.1304278e-12	1.61560372e-12	-1.61560372e-12
170079.298	72.345	-90.631	6.2266474e-12	1.4145851e-12	-1.4145851e-12
170243.249	83.890	-91.606	7.5223984e-12	1.50254998e-12	-1.50254998e-12
175365.526	70.459	-62.429	7.722273e-12	1.76495468e-12	-1.76495468e-12
175551.131	118.032	-115.146	6.1357284e-12	1.18394984e-12	-1.18394984e-12
197622.668	78.613	-106.929	5.5772332e-12	1.28449296e-12	-1.28449296e-12
197784.511	139.921	-83.231	4.6401856e-12	1.06231618e-12	-1.06231618e-12
198027.385	127.715	-102.953	5.142501e-12	1.0944504e-12	-1.0944504e-12
215184.639	83.499	-94.521	4.20763104e-12	1.11047772e-12	-1.11047772e-12
215427.401	189.250	-159.264	4.8569192e-12	8.5196646e-13	-8.5196646e-13
254952.928	111.926	-113.733	3.52237272e-12	9.3482028e-13	-9.3482028e-13
255187.111	141.011	-122.257	3.027697e-12	8.0150584e-13	-8.0150584e-13
255416.123	97.541	-88.001	4.33817812e-12	1.1369314e-12	-1.1369314e-12
255648.748	168.294	-135.084	3.62333858e-12	8.1804054e-13	-8.1804054e-13
261222.194	151.537	-109.225	2.93991566e-12	7.9032416e-13	-7.9032416e-13
261499.333	135.159	-125.602	2.97654776e-12	7.9202708e-13	-7.9202708e-13
261799.577	195.962	-165.085	3.28506562e-12	7.0661934e-13	-7.0661934e-13
272929.093	139.853	-238.753	2.11469544e-12	5.7906272e-13	-5.7906272e-13
273294.206	160.861	-225.260	3.27999918e-12	7.021187e-13	-7.021187e-13
278404.607	124.456	-136.305	3.1180801e-12	8.1919744e-13	-8.1919744e-13
278647.985	129.302	-118.923	3.21419526e-12	8.5569338e-13	-8.5569338e-13
278962.513	193.373	-185.225	2.98570452e-12	6.617123e-13	-6.617123e-13
283451.610	112.753	-107.891	3.7924102e-12	1.0036257e-12	-1.0036257e-12
283711.704	98.377	-147.341	3.3738079e-12	8.9284666e-13	-8.9284666e-13
283961.429	94.370	-151.348	3.31716028e-12	8.9118652e-13	-8.9118652e-13
284246.401	160.423	-190.602	2.62157496e-12	6.61388e-13	-6.61388e-13
284546.198	128.898	-139.374	4.54915436e-12	9.8459228e-13	-9.8459228e-13
289196.832	170.431	-92.838	3.39672924e-12	8.3829158e-13	-8.3829158e-13
289472.051	100.813	-104.788	4.29784624e-12	1.07007086e-12	-1.07007086e-12
289679.754	113.755	-106.890	3.54757198e-12	9.365807e-13	-9.365807e-13
289938.172	133.650	-144.663	2.83267402e-12	7.5159814e-13	-7.5159814e-13
290256.920	178.460	-185.098	2.10316784e-12	5.723987e-13	-5.723987e-13
300801.684	94.534	-158.705	3.0644188e-12	8.1295478e-13	-8.1295478e-13
301067.454	122.121	-171.236	2.67246016e-12	7.10746e-13	-7.10746e-13
301377.697	132.816	-188.122	2.42815324e-12	6.4739112e-13	-6.4739112e-13
301688.892	207.736	-178.379	3.11780594e-12	6.6810262e-13	-6.6810262e-13
306626.437	154.543	-103.711	2.95615964e-12	7.806062e-13	-7.806062e-13
306916.117	100.552	-135.137	3.26371564e-12	8.5534838e-13	-8.5534838e-13
307169.522	92.864	-152.854	3.04005352e-12	8.192807e-13	-8.192807e-13
307449.161	206.863	-186.775	1.86418864e-12	5.1159682e-13	-5.1159682e-13
381211.923	304.998	-193.955	2.3037812e-12	5.073869e-13	-5.073869e-13
386967.586	308.747	-232.829	2.33821036e-12	4.890053e-13	-4.890053e-13
392799.652	236.403	-290.130	1.84724408e-12	4.44035976e-13	-4.44035976e-13
398470.874	264.121	-222.295	1.99467316e-12	4.8247698e-13	-4.8247698e-13
407670.891	2585.222	-3661.920	1.38712356e-12	2.86492278e-13	-2.86492278e-13
418596.745	3119.688	-3118.433	1.57985758e-12	3.06113716e-13	-3.06113716e-13
444375.318	201.021	-215.191	4.8121658e-12	1.00168818e-12	-1.00168818e-12
517224.454	8533.150	-31686.953	1.08679922e-12	2.90481674e-13	-2.90481674e-13
526062.073	294.773	-304.469	1.56973574e-12	3.81724376e-13	-3.81724376e-13
531203.344	265.883	-230.566	1.64695226e-12	4.37513958e-13	-4.37513958e-13
531761.579	294.352	-292.353	1.6635256e-12	4.02445306e-13	-4.02445306e-13
536570.098	646.184	-557.320	1.27851664e-12	2.516292e-13	-2.516292e-13
547860.976	575.879	-427.041	1.08270614e-12	2.5052336e-13	-2.5052336e-13
553588.412	427.552	-455.018	9.2935502e-13	2.58077388e-13	-2.58077388e-13
582165.069	270.901	-303.274	1.51862974e-12	4.0385079e-13	-4.0385079e-13
582982.158	554.513	-546.188	9.8155628e-13	2.36018042e-13	-2.36018042e-13
587982.737	411.069	-431.383	1.34237476e-12	3.0306065e-13	-3.0306065e-13
674033.869	462.087	-458.092	1.0961639e-12	2.68272828e-13	-2.68272828e-13
679888.109	648.819	-519.582	8.9206098e-13	2.08386578e-13	-2.08386578e-13
685662.057	626.494	-580.590	7.6713004e-13	2.13075818e-13	-2.13075818e-13
691377.827	666.978	-544.048	8.3029448e-13	2.0017429e-13	-2.0017429e-13
725818.525	518.429	-567.232	1.00113894e-12	2.32854668e-13	-2.32854668e-13
731744.531	532.172	-696.405	6.4912026e-13	1.76692118e-13	-1.76692118e-13
739458.138	4339.132	-2674.239	5.9729666e-13	1.15675142e-13	-1.15675142e-13
806192.122	243.138	-303.453	1.4424082e-12	3.89034052e-13	-3.89034052e-13
816073.951	2181.863	-4485.980	5.5465466e-13	1.41705898e-13	-1.41705898e-13
835036.014	28341.306	-11927.677	6.0818118e-13	1.274637e-13	-1.274637e-13
903601.297	695.990	-517.543	6.950876e-13	1.84172316e-13	-1.84172316e-13
909614.288	740.909	-793.559	6.4211124e-13	1.5847368e-13	-1.5847368e-13
917989.627	3645.694	-2352.846	5.609102e-13	1.23951278e-13	-1.23951278e-13
1028714.505	13820.513	-10182.535	5.1857686e-13	9.5435602e-14	-9.5435602e-14
1197347.426	10552.704	-7330.666	3.7958671e-13	1.020878e-13	-1.020878e-13
1216488.825	3108.254	-3683.708	4.40378654e-13	1.1250703e-13	-1.1250703e-13
1345721.163	6113.838	-6752.428	3.56717994e-13	8.4158794e-14	-8.4158794e-14
1522107.776	18247.603	-16516.244	2.82948116e-13	6.7715956e-14	-6.7715956e-14
1821529.184	108826.445	-126317.463	2.49005038e-13	4.6791752e-14	-4.6791752e-14
2039971.178	11224.848	-17874.265	2.94220968e-13	6.3006062e-14	-6.3006062e-14
2384337.591	177759.814	-179128.792	1.55732356e-13	3.0451034e-14	-3.0451034e-14
2979580.469	196734.977	-195128.351	1.00070148e-13	2.84004e-14	-2.84004e-14
3578342.386	90693.432	-144321.596	1.03330168e-13	3.39650246e-14	-3.39650246e-14
4228865.014	278609.969	-307343.225	5.1422848e-14	1.74425376e-14	-1.74425376e-14
5211490.111	277104.458	-469534.532	5.862079e-14	1.72714314e-14	-1.72714314e-14
5948997.805	250119.292	-82278.488	1.06607944e-13	3.95755112e-14	-3.95755112e-14