Time	T_+ve	T_-ve	Flux	Fluxpos	Fluxneg
133.301474140845	2.15920385732366	-3.62820715076333	1.84837392143952e-10	3.37468729588852e-11	-3.37469654526208e-11
136.356060777232	0.894436223087581	-0.895382779063425	8.80243725821768e-10	1.31219426293531e-10	-1.31219335070707e-10
138.554975118516	1.19432089102528	-1.30447811819573	1.23228030011102e-09	1.31362555951742e-10	-1.31362337137709e-10
147.329	0.268	-0.307	2.833680333e-09	4.22422616e-10	-4.22421934e-10
147.896	0.296	-0.298	2.6451029e-09	4.14024468e-10	-4.14024127e-10
148.492	0.305	-0.300	2.598428525e-09	4.06718884e-10	-4.06718202e-10
149.100	0.341	-0.303	3.158687433e-09	4.26471309e-10	-4.26470286e-10
149.688	0.255	-0.247	3.27710889e-09	5.00866597e-10	-5.00865915e-10
150.279	0.297	-0.337	3.82793983e-09	4.6766104e-10	-4.67660358e-10
150.831	0.246	-0.255	3.261389131e-09	4.92426165e-10	-4.92425483e-10
151.381	0.397	-0.304	3.45874595e-09	4.22556629e-10	-4.22555947e-10
152.098	0.341	-0.319	3.19171567e-09	4.23287733e-10	-4.23287051e-10
152.797	0.229	-0.358	2.725421699e-09	4.16269953e-10	-4.16269271e-10
153.291	0.258	-0.265	3.251612661e-09	4.74298946e-10	-4.74298264e-10
153.864	0.288	-0.315	3.9730592e-09	4.93359141e-10	-4.93358118e-10
154.415	0.246	-0.263	3.286929008e-09	4.90725257e-10	-4.90724575e-10
154.991	0.257	-0.330	4.08134034e-09	5.06804771e-10	-5.06804089e-10
155.574	0.302	-0.326	3.86047123e-09	4.71635395e-10	-4.71634372e-10
156.180	0.285	-0.304	3.97289552e-09	5.09823644e-10	-5.09822621e-10
156.782	0.302	-0.317	3.91593829e-09	4.78411747e-10	-4.78410724e-10
157.341	0.245	-0.257	5.16773565e-09	6.28055846e-10	-6.28054823e-10
157.840	0.254	-0.255	4.76133526e-09	5.81694168e-10	-5.81693145e-10
158.364	0.259	-0.269	4.53143988e-09	5.62696717e-10	-5.62695694e-10
158.918	0.309	-0.296	4.00519845e-09	4.89316586e-10	-4.89315563e-10
159.485	0.260	-0.258	5.37805422e-09	6.12891235e-10	-6.12889871e-10
160.041	0.267	-0.296	4.15848818e-09	5.33639766e-10	-5.33638743e-10
160.571	0.239	-0.263	5.47763986e-09	6.28333761e-10	-6.28332397e-10
161.090	0.221	-0.281	4.7318524e-09	6.02296024e-10	-6.02295001e-10
161.580	0.299	-0.269	4.16912397e-09	5.26256775e-10	-5.26255752e-10
162.131	0.253	-0.253	4.98478915e-09	6.14943714e-10	-6.14942691e-10
162.639	0.252	-0.255	5.57803026e-09	6.36306341e-10	-6.36304977e-10
163.169	0.233	-0.278	4.6893638e-09	5.82306604e-10	-5.82305581e-10
163.704	0.236	-0.303	4.44173301e-09	5.51556929e-10	-5.51555906e-10
164.209	0.247	-0.269	4.58604421e-09	5.78883305e-10	-5.78882282e-10
164.732	0.232	-0.275	4.55495865e-09	5.94295823e-10	-5.94295141e-10
165.270	0.197	-0.306	4.81185441e-09	5.87865586e-10	-5.87864563e-10
165.786	0.319	-0.319	3.79332492e-09	4.63431617e-10	-4.63430594e-10
166.410	0.226	-0.304	4.63780801e-09	5.62420848e-10	-5.62419825e-10
166.952	0.340	-0.316	3.64719278e-09	4.52894035e-10	-4.52893353e-10
167.563	0.256	-0.271	4.49316604e-09	5.67159725e-10	-5.67158702e-10
168.089	0.237	-0.270	5.41979262e-09	6.2169756e-10	-6.21696537e-10
168.598	0.264	-0.272	4.36448287e-09	5.60073745e-10	-5.60072722e-10
169.160	0.266	-0.298	4.24444405e-09	5.27058125e-10	-5.27057102e-10
169.678	0.265	-0.253	4.67828471e-09	5.71547372e-10	-5.7154669e-10
170.195	0.252	-0.252	4.75423564e-09	5.90361706e-10	-5.90361024e-10
170.689	0.273	-0.242	4.9351566e-09	5.99562227e-10	-5.99561204e-10
171.221	0.247	-0.259	4.88070572e-09	5.96935845e-10	-5.96935163e-10
171.723	0.259	-0.255	4.71075132e-09	5.75513543e-10	-5.7551252e-10
172.230	0.295	-0.247	4.46364226e-09	5.45324131e-10	-5.45323108e-10
172.794	0.245	-0.269	4.71066266e-09	5.75502631e-10	-5.75501949e-10
173.281	0.303	-0.242	4.71456029e-09	5.59519279e-10	-5.59518256e-10
173.865	0.263	-0.282	4.34509702e-09	5.48469174e-10	-5.48468492e-10
174.362	0.273	-0.234	4.72112454e-09	5.86250269e-10	-5.86249587e-10
174.900	0.277	-0.266	4.35942584e-09	5.50277838e-10	-5.50277156e-10
175.515	0.258	-0.338	4.06380271e-09	4.9647554e-10	-4.96474858e-10
176.083	0.299	-0.309	3.98064645e-09	4.86316468e-10	-4.86315786e-10
176.646	0.251	-0.264	4.63975171e-09	5.76145416e-10	-5.76144734e-10
177.212	0.293	-0.314	3.99232229e-09	4.87742871e-10	-4.87741848e-10
177.718	0.289	-0.213	4.8432912e-09	5.9683866e-10	-5.96837637e-10
178.318	0.266	-0.312	3.313642607e-09	4.55166118e-10	-4.55165436e-10
178.881	0.328	-0.296	3.87867722e-09	4.73858715e-10	-4.73858033e-10
179.489	0.238	-0.280	4.62380655e-09	5.74165911e-10	-5.74164888e-10
180.039	0.250	-0.312	2.893621995e-09	4.31357498e-10	-4.31357157e-10
180.565	0.320	-0.276	3.98228666e-09	5.06886611e-10	-5.06885929e-10
181.146	0.242	-0.261	3.190536833e-09	4.93411655e-10	-4.93410973e-10
181.654	0.330	-0.266	4.0165026e-09	4.98753079e-10	-4.98752397e-10
182.299	0.285	-0.315	3.9927008e-09	4.95797291e-10	-4.95796609e-10
182.878	0.211	-0.294	3.362828106e-09	4.90520998e-10	-4.90520657e-10
183.383	0.314	-0.294	3.98077944e-09	4.86332836e-10	-4.86332154e-10
183.970	0.274	-0.272	4.38279798e-09	5.44238046e-10	-5.44237364e-10
184.534	0.316	-0.290	3.8993009e-09	4.92197354e-10	-4.92196672e-10
185.138	0.231	-0.287	3.033064397e-09	4.74749407e-10	-4.74749066e-10
185.673	0.262	-0.305	2.766782953e-09	4.3307e-10	-4.33069659e-10
186.222	0.265	-0.287	2.949627153e-09	4.39706201e-10	-4.3970586e-10
186.789	0.392	-0.301	3.45007091e-09	4.28416032e-10	-4.2841535e-10
187.510	0.346	-0.329	2.412624445e-09	3.59654405e-10	-3.59654064e-10
188.135	0.281	-0.279	2.902812286e-09	4.32727636e-10	-4.32726954e-10
188.820	0.402	-0.404	2.018509603e-09	3.009029353e-10	-3.009026284e-10
189.502	0.264	-0.280	2.988207211e-09	4.45457507e-10	-4.45457166e-10
190.135	0.257	-0.369	2.597822227e-09	3.87262106e-10	-3.87261765e-10
190.745	0.318	-0.353	2.34120711e-09	3.66456673e-10	-3.66456332e-10
191.359	0.316	-0.296	2.658136943e-09	3.96253253e-10	-3.96252912e-10
192.021	0.403	-0.346	2.134220451e-09	3.259718572e-10	-3.259715503e-10
192.668	0.277	-0.244	3.120810517e-09	4.65224936e-10	-4.65224595e-10
193.275	0.332	-0.329	2.329906711e-09	3.73823296e-10	-3.73822955e-10
193.936	0.275	-0.328	2.650462056e-09	4.04820537e-10	-4.04820196e-10
194.536	0.370	-0.325	2.297971038e-09	3.50982434e-10	-3.50982093e-10
195.202	0.341	-0.296	2.554187526e-09	3.80757531e-10	-3.80756849e-10
195.928	0.394	-0.385	2.051394961e-09	3.133214392e-10	-3.133211323e-10
196.649	0.266	-0.327	2.698272302e-09	4.12122711e-10	-4.1212237e-10
197.296	0.313	-0.381	2.303947404e-09	3.51895291e-10	-3.5189495e-10
197.884	0.320	-0.276	2.729545753e-09	4.0689825e-10	-4.06897909e-10
198.694	0.422	-0.489	1.785935668e-09	2.662327151e-10	-2.662324423e-10
199.524	0.410	-0.408	1.953275621e-09	2.98335103e-10	-2.983347961e-10
200.251	0.303	-0.317	2.655241512e-09	3.95821888e-10	-3.95821206e-10
200.830	0.325	-0.275	2.491626302e-09	4.31246332e-10	-4.31245991e-10
201.521	0.322	-0.367	2.422288385e-09	3.6109513e-10	-3.61094448e-10
202.272	0.318	-0.429	2.231969124e-09	3.327237254e-10	-3.327233844e-10
202.934	0.343	-0.343	2.386405637e-09	3.64489444e-10	-3.64489103e-10
203.665	0.422	-0.388	2.024486651e-09	3.092115708e-10	-3.092112639e-10
204.559	0.479	-0.473	1.752234979e-09	2.612088985e-10	-2.612086257e-10
205.350	0.373	-0.312	2.350241223e-09	3.678708e-10	-3.67870459e-10
206.056	0.405	-0.333	2.2196031e-09	3.390128907e-10	-3.390125497e-10
206.798	0.331	-0.336	2.499801777e-09	3.72649915e-10	-3.72649574e-10
207.573	0.368	-0.445	2.051263335e-09	3.05785612e-10	-3.05785271e-10
208.333	0.385	-0.391	2.150102185e-09	3.205196764e-10	-3.205193354e-10
209.201	0.588	-0.483	1.557192186e-09	2.321335335e-10	-2.321332607e-10
210.369	0.646	-0.580	1.358348948e-09	2.024915629e-10	-2.024913583e-10
211.597	0.479	-0.583	1.505384397e-09	2.299261041e-10	-2.299258654e-10
212.657	0.481	-0.581	1.532000129e-09	2.283781005e-10	-2.283778277e-10
213.628	0.541	-0.489	1.552130382e-09	2.370658598e-10	-2.370656211e-10
214.872	0.541	-0.703	1.337521691e-09	1.972076997e-10	-1.972074951e-10
215.864	0.520	-0.451	1.675081683e-09	2.497075482e-10	-2.497072754e-10
216.981	0.674	-0.597	1.25867874e-09	1.922453313e-10	-1.922451608e-10
218.271	0.696	-0.617	1.239305166e-09	1.847455478e-10	-1.847453432e-10
219.644	0.565	-0.677	1.241984744e-09	1.992710225e-10	-1.99270852e-10
220.847	0.666	-0.638	1.204396655e-09	1.885178944e-10	-1.885176898e-10
222.117	0.488	-0.604	1.489689531e-09	2.22070794e-10	-2.220705553e-10
223.409	0.803	-0.803	1.012948684e-09	1.510021656e-10	-1.510019951e-10
225.025	0.655	-0.813	1.070161323e-09	1.675067361e-10	-1.675065656e-10
226.617	0.961	-0.938	8.42363434e-10	1.286590954e-10	-1.28658959e-10
228.405	0.833	-0.827	9.80384207e-10	1.461477237e-10	-1.461475532e-10
230.294	1.084	-1.056	7.0747611e-10	1.163840502e-10	-1.163839479e-10
232.612	1.426	-1.234	6.11854254e-10	9.12102708e-11	-9.12101685e-11
235.436	1.751	-1.398	4.80872062e-10	7.91063394e-11	-7.91062371e-11
238.295	1.374	-1.108	6.55724927e-10	9.77501393e-11	-9.7750037e-11
241.584	2.376	-1.915	3.7266867e-10	5.69198905e-11	-5.69198223e-11
245.978	2.204	-2.018	3.65442539e-10	5.86336542e-11	-5.8633586e-11
249.949	1.921	-1.767	2.86558327e-10	5.42634664e-11	-5.42634323e-11
254.728	1.954	-2.858	2.195879048e-10	4.15817787e-11	-4.15817446e-11
258.641	1.998	-1.959	4.1133125e-10	6.1317938e-11	-6.13178357e-11
262.958	2.377	-2.318	2.262087608e-10	4.28355334e-11	-4.28354993e-11
268.158	3.485	-2.824	1.717226555e-10	3.251787935e-11	-3.251785548e-11
273.000	3.035	-1.356	3.6558951e-10	5.72237897e-11	-5.72237556e-11
541.847	1.015	-1.144	7.41469377e-10	1.132490326e-10	-1.132488962e-10
543.348	0.570	-0.487	1.514121158e-09	2.312606758e-10	-2.31260403e-10
544.738	0.690	-0.820	1.078100144e-09	1.607144935e-10	-1.607142889e-10
546.198	0.670	-0.770	1.131390601e-09	1.686586e-10	-1.686583954e-10
547.493	0.661	-0.625	1.265972048e-09	1.887209258e-10	-1.887206871e-10
548.674	0.498	-0.520	1.488926714e-09	2.449375038e-10	-2.449372651e-10
549.907	0.686	-0.736	1.145567676e-09	1.707720498e-10	-1.707718111e-10
551.190	0.798	-0.597	1.159988566e-09	1.771719037e-10	-1.771716991e-10
552.601	0.570	-0.613	1.386442574e-09	2.117596019e-10	-2.117593291e-10
553.759	0.644	-0.587	1.355946603e-09	2.021336152e-10	-2.021333424e-10
554.855	0.554	-0.453	1.65778855e-09	2.471297928e-10	-2.471294859e-10
556.012	0.467	-0.602	1.534090118e-09	2.343106821e-10	-2.343104093e-10
556.895	0.418	-0.417	2.00061972e-09	2.982363153e-10	-2.982359402e-10
557.950	0.539	-0.637	1.370145843e-09	2.144618223e-10	-2.144615836e-10
559.270	0.594	-0.781	1.171655881e-09	1.8339321e-10	-1.833930054e-10
560.415	0.609	-0.551	1.439122641e-09	2.145328185e-10	-2.145325457e-10
561.423	0.450	-0.399	1.967068389e-09	2.932346978e-10	-2.932343227e-10
562.371	0.338	-0.498	1.926995774e-09	3.01622684e-10	-3.016223089e-10
563.184	0.436	-0.475	1.80080054e-09	2.750469172e-10	-2.750466103e-10
564.132	0.529	-0.512	1.603947378e-09	2.391036076e-10	-2.391033007e-10
565.177	0.382	-0.516	1.858045574e-09	2.769825355e-10	-2.769821604e-10
566.027	0.509	-0.468	1.709116893e-09	2.547813895e-10	-2.547810485e-10
567.076	0.538	-0.540	1.521466298e-09	2.323825658e-10	-2.323822589e-10
567.946	0.332	-0.332	2.515555636e-09	3.74998723e-10	-3.74998382e-10
568.774	0.452	-0.496	1.729793769e-09	2.642016509e-10	-2.64201344e-10
569.568	0.400	-0.342	2.250147493e-09	3.354338911e-10	-3.354334478e-10
570.309	0.255	-0.341	2.800953199e-09	4.17543588e-10	-4.17542906e-10
570.901	0.286	-0.337	2.68086357e-09	3.99641429e-10	-3.99641088e-10
571.741	0.378	-0.554	1.759532038e-09	2.687437368e-10	-2.687433958e-10
572.482	0.414	-0.363	2.147015453e-09	3.200598038e-10	-3.200593946e-10
573.291	0.408	-0.394	2.080240492e-09	3.101055705e-10	-3.101051613e-10
574.133	0.503	-0.434	1.749274417e-09	2.671770464e-10	-2.671767395e-10
575.093	0.337	-0.457	2.030381177e-09	3.178051118e-10	-3.178047367e-10
575.884	0.311	-0.454	2.143835287e-09	3.274407147e-10	-3.274403055e-10
576.711	0.336	-0.516	1.92452898e-09	2.93944728e-10	-2.939443529e-10
577.413	0.388	-0.366	2.212628286e-09	3.298408773e-10	-3.29840434e-10
578.261	0.423	-0.460	1.891406286e-09	2.819556454e-10	-2.819553044e-10
579.078	0.385	-0.394	2.141936258e-09	3.193026474e-10	-3.193022382e-10
579.888	0.331	-0.425	2.207500669e-09	3.290764917e-10	-3.290760484e-10
580.521	0.358	-0.302	2.48477152e-09	3.79513904e-10	-3.79513563e-10
581.420	0.457	-0.541	1.67228787e-09	2.492912554e-10	-2.492909485e-10
582.307	0.408	-0.430	2.036095996e-09	3.002075681e-10	-3.00207193e-10
583.166	0.384	-0.451	1.949477222e-09	2.977551984e-10	-2.977548233e-10
584.079	0.428	-0.529	1.700967334e-09	2.535665088e-10	-2.535662019e-10
585.027	0.526	-0.520	1.475212035e-09	2.366914418e-10	-2.36691169e-10
585.970	0.407	-0.417	1.976539323e-09	2.946465742e-10	-2.946461991e-10
586.796	0.461	-0.419	1.816606572e-09	2.774610949e-10	-2.774607539e-10
587.734	0.357	-0.477	1.951214617e-09	2.908713632e-10	-2.908709881e-10
588.598	0.372	-0.506	1.893643928e-09	2.792040482e-10	-2.792036731e-10
589.466	0.361	-0.495	1.902570626e-09	2.8361993e-10	-2.836195549e-10
590.221	0.383	-0.395	2.094097027e-09	3.121711439e-10	-3.121707688e-10
591.180	0.625	-0.576	1.332167991e-09	2.03469926e-10	-2.034696873e-10
592.336	0.435	-0.531	1.685336576e-09	2.512364217e-10	-2.512360807e-10
593.539	0.703	-0.768	1.075858069e-09	1.683985193e-10	-1.683983147e-10
594.704	0.469	-0.462	1.793792649e-09	2.674041865e-10	-2.674038455e-10
595.661	0.473	-0.488	1.737289631e-09	2.589811796e-10	-2.589808386e-10
596.641	0.565	-0.508	1.501706371e-09	2.350543349e-10	-2.350540621e-10
597.996	0.586	-0.789	1.192539403e-09	1.821435814e-10	-1.821433768e-10
599.070	0.387	-0.488	1.873687585e-09	2.861794419e-10	-2.861790668e-10
600.176	0.595	-0.719	1.269486394e-09	1.892448382e-10	-1.892445995e-10
601.581	0.850	-0.810	9.70556587e-10	1.519162161e-10	-1.519160115e-10
603.262	0.852	-0.831	9.91700974e-10	1.478348212e-10	-1.478346166e-10
604.652	0.561	-0.537	1.520599476e-09	2.266787611e-10	-2.266784542e-10
605.982	0.718	-0.770	1.122324093e-09	1.673070465e-10	-1.673068419e-10
607.211	0.627	-0.511	1.465995146e-09	2.185388183e-10	-2.185385114e-10
608.491	0.470	-0.653	1.486924021e-09	2.216586614e-10	-2.216583886e-10
610.112	0.996	-1.152	7.63838636e-10	1.16665648e-10	-1.166654775e-10
611.873	0.685	-0.764	1.15124328e-09	1.716180708e-10	-1.716178662e-10
613.361	0.777	-0.803	1.056588159e-09	1.575076613e-10	-1.575074567e-10
615.022	0.805	-0.884	9.71539349e-10	1.483889462e-10	-1.483887416e-10
616.647	0.813	-0.820	1.004388561e-09	1.534062156e-10	-1.534060451e-10
618.421	0.917	-0.961	8.88598942e-10	1.32465201e-10	-1.324650305e-10
620.140	0.730	-0.801	1.051945785e-09	1.646556692e-10	-1.646554646e-10
622.316	1.360	-1.445	5.95013287e-10	8.86998288e-11	-8.86996924e-11
624.575	1.075	-0.900	8.15975831e-10	1.277204929e-10	-1.277203565e-10
626.594	0.987	-0.943	8.64789981e-10	1.289159366e-10	-1.289157661e-10
628.758	1.467	-1.177	6.31431064e-10	9.41286852e-11	-9.41285488e-11
631.579	1.255	-1.354	6.39605857e-10	9.53472828e-11	-9.53471805e-11
634.396	1.316	-1.561	5.60100684e-10	8.76696678e-11	-8.76695655e-11
636.982	1.356	-1.270	6.35632525e-10	9.47549658e-11	-9.47548635e-11
639.687	1.503	-1.349	5.75047737e-10	8.78304493e-11	-8.7830347e-11
642.477	1.666	-1.287	5.55307588e-10	8.48154296e-11	-8.48153273e-11
646.162	1.812	-2.019	4.35717865e-10	6.49533049e-11	-6.49532026e-11
650.152	2.274	-2.179	3.42224531e-10	5.77380859e-11	-5.77380518e-11
654.267	2.798	-1.840	3.285732439e-10	5.54349378e-11	-5.54348696e-11
658.416	1.999	-1.352	3.32135023e-10	6.06394844e-11	-6.06394503e-11
662.620	2.163	-2.205	3.75491809e-10	5.7351085e-11	-5.73510168e-11
666.553	1.649	-1.771	3.2776579e-10	6.09850538e-11	-6.09849856e-11
670.103	1.445	-1.901	3.064851735e-10	6.253258e-11	-6.25325118e-11
674.286	2.449	-2.737	2.033629884e-10	3.996179e-11	-3.99617559e-11
679.416	2.905	-2.682	1.991947067e-10	3.63679228e-11	-3.63678887e-11
684.698	1.948	-2.377	2.371921321e-10	4.83946177e-11	-4.83945836e-11
689.441	2.548	-2.795	1.954930835e-10	3.84153209e-11	-3.84152868e-11
694.885	3.107	-2.896	1.666793678e-10	3.400780724e-11	-3.400778678e-11
702.280	4.399	-4.289	1.107475248e-10	2.440639641e-11	-2.440638277e-11
292.855	14.597	-12.983	8.5732174e-11	1.874935986e-11	-1.874935986e-11
326.161	23.916	-18.709	5.1765164e-11	1.158837009e-11	-1.158837009e-11
401.017	39.322	-50.941	1.082402882e-11	2.446552581e-12	-2.446552581e-12
508.719	29.406	-68.379	7.24619885e-11	1.234599707e-11	-1.234599707e-11
725.981	9.220	-10.838	7.91490326e-11	1.618825549e-11	-1.618825549e-11
749.844	15.445	-14.643	4.79908055e-11	1.023167772e-11	-1.023167772e-11
798.967	18.975	-33.679	2.633648028e-11	5.77976245e-12	-5.77976245e-12
845.544	35.081	-27.602	2.093593029e-11	4.70936686e-12	-4.70936686e-12
931.913	33.960	-51.288	1.171584953e-11	2.517066607e-12	-2.517066607e-12
1004.114	49.515	-38.241	8.6715959e-12	1.948472295e-12	-1.948472295e-12
1107.314	59.144	-53.685	6.70302336e-12	1.51536649e-12	-1.51536649e-12
1216.044	50.707	-49.586	7.9669876e-12	1.746602e-12	-1.746602e-12
1379.875	84.952	-113.125	3.77177372e-12	8.6326537e-13	-8.6326537e-13
1543.304	97.033	-78.476	4.7825932e-12	1.026436598e-12	-1.026436598e-12
5612.186	156.479	-109.296	2.194576428e-12	5.75068197e-13	-5.75068197e-13
5888.852	82.905	-120.187	2.874245693e-12	7.51571502e-13	-7.51571502e-13
6094.252	120.715	-122.494	2.37712123e-12	6.2622945e-13	-6.2622945e-13
6310.484	112.589	-95.518	2.817233221e-12	7.32005945e-13	-7.32005945e-13
6545.804	110.449	-122.731	2.503686108e-12	6.54676011e-13	-6.54676011e-13
6954.435	424.398	-298.182	2.631391631e-12	4.63136993e-13	-4.63136993e-13
14217.071	4528.538	-1762.618	9.62362698e-13	2.099604177e-13	-2.099604177e-13
53520.902	16995.179	-8546.499	2.199145487e-13	5.86802689e-14	-5.86802689e-14
78415.038	14877.139	-4561.188	2.525079084e-13	6.62407845e-14	-6.62407845e-14