Time	T_+ve	T_-ve	Flux	Fluxpos	Fluxneg
137.656125258659	0.379724746594491	-0.44222125228049	1.16725203092804e-08	1.43072027844442e-09	-1.41588557873105e-09
138.364668635214	0.341959346552386	-0.328818629960608	1.45657852853055e-08	1.77882022439076e-09	-1.76639242438352e-09
138.944688778116	0.260096228032864	-0.23806079635014	1.97352460143999e-08	2.41433434136562e-09	-2.39327906590099e-09
139.513335203158	0.296370786306142	-0.308550197008856	1.64155167433317e-08	2.01608685197336e-09	-1.99098842784098e-09
140.17439515522	0.336274808243246	-0.364689165755749	1.41330165350469e-08	1.7360249496703e-09	-1.71412210958719e-09
140.882219317354	0.331207647031505	-0.371549353891481	1.39494555758603e-08	1.71216609010531e-09	-1.69188402121431e-09
141.576293478529	0.307852513376076	-0.362866514142951	1.45561516513307e-08	1.78283597800939e-09	-1.7655067495554e-09
142.167393627569	0.328773333726559	-0.283247635664424	1.59610217027703e-08	1.95787246154794e-09	-1.93604073309055e-09
142.83976780502	0.316393162432746	-0.343600843724261	1.47849279220252e-08	1.82594413038861e-09	-1.79386326930648e-09
143.540849233168	0.327069751825462	-0.384688265714544	1.40577448843948e-08	1.73347138301965e-09	-1.69339138234634e-09
144.19621362544	0.310414368247308	-0.328294640446671	1.53213665719386e-08	1.90766498423828e-09	-1.85889182596347e-09
144.776142966793	0.381603007373769	-0.269514973106254	1.50532608818053e-08	1.85476821149346e-09	-1.82577137893585e-09
145.923766270942	0.823596700364476	-0.766020296774514	1.20362490300719e-08	1.06794830845194e-09	-1.04771647788142e-09
151.656	0.276	-0.311	1.453440645e-08	1.86239603e-09	-1.838705815e-09
152.209	0.255	-0.277	1.604174355e-08	2.053734285e-09	-2.02921479e-09
152.731	0.293	-0.267	1.564155205e-08	1.939688405e-09	-1.91132994e-09
153.430	0.329	-0.406	1.11913679e-08	1.51103904e-09	-1.48505375e-09
154.050	0.298	-0.291	1.44904965e-08	1.86875266e-09	-1.83453918e-09
154.642	0.293	-0.294	1.427027225e-08	1.87866284e-09	-1.849058325e-09
155.278	0.319	-0.343	1.26591154e-08	1.6636365e-09	-1.63990688e-09
155.862	0.303	-0.265	1.517219945e-08	1.92597795e-09	-1.89758363e-09
156.490	0.295	-0.326	1.349338315e-08	1.77154017e-09	-1.747540395e-09
157.134	0.340	-0.349	1.261889035e-08	1.584858095e-09	-1.559734745e-09
157.735	0.265	-0.261	1.590942085e-08	2.09285067e-09	-2.060408285e-09
158.271	0.250	-0.271	1.68160021e-08	2.094569935e-09	-2.054866025e-09
158.836	0.305	-0.314	1.40327169e-08	1.768765135e-09	-1.73460455e-09
159.508	0.325	-0.367	1.22179143e-08	1.590356335e-09	-1.563839965e-09
160.183	0.358	-0.350	1.205113885e-08	1.563110085e-09	-1.52477399e-09
160.846	0.297	-0.305	1.444831895e-08	1.828445605e-09	-1.78612002e-09
161.487	0.282	-0.344	1.313104175e-08	1.779768005e-09	-1.74169887e-09
162.061	0.323	-0.293	1.34612947e-08	1.87929119e-09	-1.82911691e-09
162.716	0.319	-0.332	1.344726865e-08	1.797117565e-09	-1.72204394e-09
163.420	0.398	-0.385	1.118569855e-08	1.502652165e-09	-1.43236678e-09
164.156	0.358	-0.338	1.2471789e-08	1.69907402e-09	-1.615946865e-09
164.879	0.384	-0.365	1.190489305e-08	1.568868895e-09	-1.48923991e-09
165.609	0.355	-0.346	1.27209564e-08	1.660746445e-09	-1.59119733e-09
166.308	0.397	-0.345	1.191096e-08	1.57476438e-09	-1.50762039e-09
167.143	0.376	-0.437	1.106582925e-08	1.42696581e-09	-1.368621205e-09
167.884	0.393	-0.365	1.197702195e-08	1.53501006e-09	-1.464360445e-09
168.607	0.379	-0.331	1.26744088e-08	1.59890296e-09	-1.567397065e-09
169.488	0.475	-0.502	9.21130925e-09	1.156815425e-09	-1.13886201e-09
170.423	0.405	-0.459	1.012701755e-08	1.316204035e-09	-1.296571825e-09
171.223	0.377	-0.395	1.165249515e-08	1.4652767e-09	-1.440897075e-09
172.018	0.511	-0.418	9.66089545e-09	1.235473485e-09	-1.21322457e-09
172.949	0.390	-0.420	1.088470825e-08	1.362295815e-09	-1.331096285e-09
173.646	0.403	-0.307	1.20717963e-08	1.558964395e-09	-1.52805135e-09
174.517	0.383	-0.469	1.02399821e-08	1.283600835e-09	-1.265803975e-09
175.289	0.456	-0.389	9.58751695e-09	1.31757185e-09	-1.30249216e-09
176.144	0.519	-0.399	9.41941025e-09	1.19563645e-09	-1.178057915e-09
177.185	0.416	-0.521	9.0567103e-09	1.18500562e-09	-1.160010425e-09
178.105	0.505	-0.504	8.72652125e-09	1.085074895e-09	-1.066585075e-09
179.012	0.479	-0.402	9.81901245e-09	1.245142265e-09	-1.227917665e-09
179.934	0.419	-0.444	9.7508063e-09	1.282319995e-09	-1.26321283e-09
180.843	0.486	-0.489	8.86951525e-09	1.13437268e-09	-1.109857445e-09
181.751	0.424	-0.423	1.02107656e-08	1.31629811e-09	-1.27764784e-09
182.630	0.433	-0.454	9.47721135e-09	1.27505634e-09	-1.228057535e-09
183.526	0.462	-0.463	9.45670655e-09	1.210011465e-09	-1.183342445e-09
184.488	0.432	-0.500	9.4839173e-09	1.19496053e-09	-1.17290225e-09
185.430	0.608	-0.509	7.98395e-09	1.00311782e-09	-9.76316385e-10
186.535	0.424	-0.498	9.2513284e-09	1.234037865e-09	-1.198875825e-09
187.507	0.456	-0.548	8.65404445e-09	1.127889315e-09	-1.095510475e-09
188.446	0.449	-0.483	9.4839173e-09	1.20669612e-09	-1.17310957e-09
189.452	0.450	-0.557	8.70181325e-09	1.135905215e-09	-1.08872465e-09
190.357	0.516	-0.455	9.0207488e-09	1.180542915e-09	-1.12858405e-09
191.439	0.536	-0.566	7.88510735e-09	1.037438865e-09	-9.98057295e-10
192.442	0.541	-0.468	8.4517051e-09	1.14367581e-09	-1.09494141e-09
193.572	0.569	-0.589	6.73723615e-09	1.010925335e-09	-9.86165505e-10
194.599	0.406	-0.457	1.057103735e-08	1.359226485e-09	-1.32270089e-09
195.631	0.672	-0.627	6.96006965e-09	9.1724687e-10	-8.8092469e-10
196.819	0.470	-0.516	9.08777635e-09	1.21292424e-09	-1.163551195e-09
197.676	0.422	-0.387	8.4566396e-09	1.16918824e-09	-1.07188132e-09
198.529	0.402	-0.431	8.1618973e-09	1.123343895e-09	-1.00938144e-09
199.394	0.467	-0.463	7.09995385e-09	1.019994165e-09	-9.1077735e-10
200.297	0.378	-0.435	8.32901e-09	1.14984713e-09	-1.04731816e-09
201.052	0.377	-0.377	8.7579068e-09	1.223913265e-09	-1.12389947e-09
201.883	0.564	-0.454	6.42964285e-09	8.9684289e-10	-8.357339e-10
202.849	0.366	-0.403	8.59555465e-09	1.172730075e-09	-1.104142655e-09
203.674	0.432	-0.459	7.12813375e-09	9.91206505e-10	-9.6299998e-10
204.650	0.471	-0.543	6.70146635e-09	8.6615527e-10	-8.3077526e-10
205.585	0.382	-0.464	8.0248673e-09	1.02446823e-09	-9.9398864e-10
206.353	0.325	-0.385	9.5735335e-09	1.22148542e-09	-1.185728755e-09
207.011	0.483	-0.334	8.32208395e-09	1.064656715e-09	-1.031082235e-09
207.908	0.360	-0.414	8.3629125e-09	1.112905475e-09	-1.07547676e-09
208.709	0.418	-0.441	7.5502749e-09	9.92012355e-10	-9.58653005e-10
209.476	0.341	-0.349	9.66609975e-09	1.204233485e-09	-1.181402015e-09
210.254	0.370	-0.436	7.97401355e-09	1.052863615e-09	-1.02439084e-09
211.022	0.309	-0.399	9.0762069e-09	1.208619865e-09	-1.16731739e-09
211.739	0.311	-0.407	9.11221455e-09	1.18237649e-09	-1.143169225e-09
212.569	0.410	-0.519	7.11857005e-09	9.03994365e-10	-8.81187035e-10
213.398	0.421	-0.419	7.7262342e-09	9.9790713e-10	-9.79398495e-10
214.291	0.398	-0.472	7.57210385e-09	9.80416635e-10	-9.53254165e-10
215.055	0.304	-0.366	9.9481224e-09	1.262912855e-09	-1.218381655e-09
215.806	0.425	-0.447	7.44242235e-09	9.7778289e-10	-9.4526276e-10
216.568	0.343	-0.337	9.72745795e-09	1.29618239e-09	-1.203887715e-09
217.476	0.394	-0.565	6.70172195e-09	8.95184685e-10	-8.61307745e-10
218.320	0.397	-0.450	7.6889663e-09	9.8125337e-10	-9.63392965e-10
219.132	0.368	-0.415	8.3854905e-09	1.045778525e-09	-1.025628725e-09
219.915	0.427	-0.416	7.4972663e-09	9.79590905e-10	-9.6264427e-10
220.732	0.378	-0.389	8.402921e-09	1.071996695e-09	-1.05274114e-09
221.633	0.452	-0.523	6.48483115e-09	8.47109875e-10	-8.32206975e-10
222.477	0.398	-0.392	8.43396575e-09	1.042415965e-09	-1.02309793e-09
223.348	0.445	-0.473	6.95277795e-09	8.95693045e-10	-8.8118952e-10
224.159	0.481	-0.366	7.03715435e-09	9.89280275e-10	-9.74365305e-10
225.066	0.461	-0.426	7.12152365e-09	9.3362302e-10	-9.15504175e-10
225.979	0.475	-0.451	7.1222443e-09	8.9441753e-10	-8.75861325e-10
226.970	0.468	-0.516	6.42611415e-09	8.46215275e-10	-8.25563505e-10
227.847	0.317	-0.409	9.04316705e-09	1.13996819e-09	-1.10652364e-09
228.631	0.384	-0.467	7.7188644e-09	9.6169997e-10	-9.4365958e-10
229.501	0.527	-0.487	6.6043206e-09	8.4404303e-10	-8.2788201e-10
230.448	0.392	-0.419	8.47999505e-09	1.05598513e-09	-1.036727445e-09
231.367	0.466	-0.527	6.80233605e-09	8.70245225e-10	-8.53029855e-10
232.463	0.608	-0.630	5.50467615e-09	7.1793141e-10	-6.8303491e-10
233.463	0.444	-0.392	8.0758666e-09	1.08662518e-09	-1.01423287e-09
234.324	0.560	-0.417	6.8489085e-09	9.1232373e-10	-8.70706015e-10
235.323	0.566	-0.440	6.71792415e-09	8.95364315e-10	-8.4354035e-10
236.472	0.504	-0.583	6.09553815e-09	8.3837723e-10	-7.8437037e-10
237.438	0.532	-0.462	6.66256545e-09	8.9756425e-10	-8.57438955e-10
238.383	0.400	-0.413	8.4614392e-09	1.101652685e-09	-1.03739875e-09
239.267	0.432	-0.484	7.43933385e-09	9.8669339e-10	-9.2308307e-10
240.189	0.507	-0.489	6.81645795e-09	9.21836665e-10	-8.5601931e-10
241.171	0.278	-0.475	9.11486285e-09	1.170852125e-09	-1.1310868e-09
242.009	0.528	-0.561	6.24151415e-09	8.1025271e-10	-7.83942595e-10
243.047	0.621	-0.509	5.9588738e-09	7.9589722e-10	-7.5755154e-10
244.171	0.533	-0.504	6.55186225e-09	8.64311045e-10	-8.2288077e-10
245.194	0.496	-0.490	6.9595478e-09	9.1983127e-10	-8.63558445e-10
246.139	0.501	-0.449	7.220203e-09	9.6135775e-10	-8.95831495e-10
247.167	0.492	-0.527	6.5410667e-09	8.9808823e-10	-8.41667015e-10
248.109	0.448	-0.449	7.72111155e-09	9.9532202e-10	-9.46328115e-10
248.999	0.376	-0.443	8.30378015e-09	1.106061785e-09	-1.042664465e-09
249.960	0.497	-0.585	6.28245985e-09	8.33111515e-10	-7.8882846e-10
250.867	0.417	-0.411	8.2867579e-09	1.09270065e-09	-1.02803385e-09
251.789	0.569	-0.505	6.26106045e-09	8.36809195e-10	-7.9596396e-10
252.927	0.499	-0.569	6.18356395e-09	8.62609885e-10	-8.05586235e-10
254.044	0.609	-0.619	5.5845547e-09	7.35844355e-10	-6.92951835e-10
255.165	0.604	-0.512	6.14560025e-09	8.1601152e-10	-7.62543905e-10
256.242	0.495	-0.473	6.8857504e-09	9.3774883e-10	-8.8598131e-10
257.275	0.542	-0.538	6.1711709e-09	8.433238e-10	-7.9409808e-10
258.359	0.431	-0.542	6.8479855e-09	9.4610482e-10	-8.81223245e-10
259.350	0.528	-0.560	6.449711e-09	8.51196635e-10	-7.8491139e-10
260.380	0.395	-0.501	7.6455214e-09	1.01557761e-09	-9.4853941e-10
261.208	0.622	-0.433	6.31266325e-09	8.4058533e-10	-7.9264755e-10
262.259	0.548	-0.429	6.7503108e-09	8.8517688e-10	-8.37387845e-10
263.349	0.511	-0.542	6.201992e-09	8.2177104e-10	-7.78712735e-10
264.281	0.554	-0.421	6.7625725e-09	8.6405225e-10	-8.37681075e-10
265.513	0.559	-0.677	5.1836106e-09	6.9414002e-10	-6.6638896e-10
266.662	0.661	-0.590	5.1735783e-09	6.7622459e-10	-6.56611905e-10
267.870	0.597	-0.547	5.65633925e-09	7.36361945e-10	-7.1754446e-10
269.137	0.639	-0.670	4.9884316e-09	6.4213323e-10	-6.2516068e-10
270.417	0.713	-0.641	4.91507085e-09	6.32138205e-10	-6.0194794e-10
271.867	0.636	-0.737	4.71334565e-09	6.44381445e-10	-6.06465315e-10
273.198	0.772	-0.694	4.4920351e-09	6.0123865e-10	-5.7091384e-10
274.628	0.761	-0.659	4.68223345e-09	6.21219115e-10	-5.8790556e-10
276.032	0.551	-0.643	5.51617105e-09	7.2698462e-10	-7.00614865e-10
277.225	0.655	-0.642	5.22162045e-09	6.62155585e-10	-6.39318435e-10
278.597	0.701	-0.717	4.6441029e-09	6.2505347e-10	-5.9026773e-10
279.625	0.260	-0.327	4.5063274e-09	5.5056808e-10	-5.5053968e-10
280.162	0.317	-0.277	4.1527616e-09	5.213885e-10	-5.213885e-10
280.804	0.280	-0.325	4.0794825e-09	5.1218832e-10	-5.1218832e-10
281.399	0.345	-0.315	3.8159518e-09	4.661931e-10	-4.661931e-10
282.064	0.277	-0.319	4.1831993e-09	5.180657e-10	-5.180657e-10
282.612	0.232	-0.272	3.309212375e-09	5.034255e-10	-5.034255e-10
283.195	0.316	-0.351	3.77525105e-09	4.6122097e-10	-4.6122097e-10
283.765	0.255	-0.254	4.97377365e-09	6.1130503e-10	-6.1130503e-10
284.301	0.254	-0.281	3.158991285e-09	4.70914955e-10	-4.70914955e-10
284.826	0.359	-0.271	3.52179738e-09	4.5849954e-10	-4.5849954e-10
285.464	0.252	-0.279	3.213547685e-09	4.83315105e-10	-4.83315105e-10
285.944	0.300	-0.228	3.341192195e-09	5.0499744e-10	-5.0499744e-10
286.468	0.295	-0.225	5.4272542e-09	6.26686115e-10	-6.26686115e-10
287.049	0.280	-0.286	4.40683155e-09	5.45761025e-10	-5.45761025e-10
287.660	0.355	-0.331	3.5933242e-09	4.5114962e-10	-4.5114962e-10
288.299	0.307	-0.284	4.26421385e-09	5.2095753e-10	-5.2095753e-10
288.942	0.332	-0.336	3.7752475e-09	4.6122026e-10	-4.6122026e-10
289.597	0.331	-0.323	3.76908825e-09	4.73217485e-10	-4.73217485e-10
290.291	0.287	-0.362	3.93502235e-09	4.87330155e-10	-4.87330155e-10
290.913	0.291	-0.335	4.1236445e-09	5.0378405e-10	-5.0378405e-10
291.480	0.225	-0.276	3.53393412e-09	5.2105054e-10	-5.2105054e-10
292.005	0.307	-0.300	4.25666655e-09	5.20034885e-10	-5.20034885e-10
292.583	0.302	-0.271	3.498623335e-09	4.8517211e-10	-4.8517211e-10
293.193	0.268	-0.308	4.43460675e-09	5.49200975e-10	-5.49200975e-10
293.753	0.311	-0.292	4.28178635e-09	5.2310386e-10	-5.2310386e-10
294.429	0.329	-0.365	3.64641445e-09	4.5781581e-10	-4.5781581e-10
295.079	0.371	-0.321	3.6558965e-09	4.5900577e-10	-4.5900577e-10
295.668	0.306	-0.217	3.265966985e-09	4.9684664e-10	-4.9684664e-10
296.276	0.272	-0.302	4.49387755e-09	5.4901531e-10	-5.4901531e-10
296.810	0.281	-0.262	4.75909805e-09	5.81417225e-10	-5.81417225e-10
297.388	0.276	-0.297	3.229493575e-09	4.6613772e-10	-4.6613772e-10
297.957	0.232	-0.293	3.525080065e-09	5.08801975e-10	-5.08801975e-10
298.441	0.288	-0.253	3.15852872e-09	4.8050244e-10	-4.8050244e-10
298.975	0.290	-0.245	3.477915475e-09	5.06192015e-10	-5.06192015e-10
299.548	0.306	-0.283	4.3852653e-09	5.3574612e-10	-5.3574612e-10
300.189	0.380	-0.335	3.57416485e-09	4.4264027e-10	-4.4264027e-10
300.918	0.366	-0.349	3.46169872e-09	4.34624015e-10	-4.34624015e-10
301.597	0.329	-0.313	3.88315685e-09	4.80906785e-10	-4.80906785e-10
302.187	0.241	-0.261	3.322017935e-09	5.0537374e-10	-5.0537374e-10
302.748	0.312	-0.320	3.9487857e-09	4.89034865e-10	-4.89034865e-10
303.368	0.242	-0.308	3.078191865e-09	4.5887016e-10	-4.5887016e-10
303.888	0.230	-0.278	3.399638685e-09	5.01249705e-10	-5.01249705e-10
304.388	0.355	-0.270	3.43249074e-09	4.5464495e-10	-4.5464495e-10
304.971	0.302	-0.228	3.356436605e-09	4.93766305e-10	-4.93766305e-10
305.593	0.328	-0.320	3.502746305e-09	4.55240285e-10	-4.55240285e-10
306.177	0.295	-0.256	4.5683459e-09	5.5811325e-10	-5.5811325e-10
306.796	0.265	-0.324	4.19184e-09	5.26294955e-10	-5.26294955e-10
307.367	0.371	-0.305	3.6890038e-09	4.5686228e-10	-4.5686228e-10
307.987	0.256	-0.249	3.49800457e-09	5.10236885e-10	-5.10236885e-10
308.500	0.253	-0.257	3.26414264e-09	4.96569385e-10	-4.96569385e-10
309.024	0.259	-0.271	3.19181139e-09	4.75807565e-10	-4.75807565e-10
309.574	0.319	-0.291	4.08694105e-09	5.06144445e-10	-5.061448e-10
310.160	0.249	-0.267	3.25376599e-09	4.99265965e-10	-4.99265965e-10
310.734	0.305	-0.325	3.9599469e-09	4.9041688e-10	-4.9041688e-10
311.304	0.246	-0.264	3.43600382e-09	5.06611625e-10	-5.06611625e-10
311.868	0.322	-0.318	4.03286035e-09	4.92692785e-10	-4.92692785e-10
312.545	0.331	-0.354	3.8272621e-09	4.64124515e-10	-4.64124515e-10
313.217	0.306	-0.342	4.04806855e-09	4.90900745e-10	-4.909011e-10
313.810	0.393	-0.287	3.7235666e-09	4.67501985e-10	-4.67501985e-10
314.518	0.304	-0.315	4.1719174e-09	5.09681665e-10	-5.09681665e-10
315.159	0.210	-0.338	3.16593899e-09	4.71950845e-10	-4.71950845e-10
315.632	0.327	-0.262	4.2972821e-09	5.3953326e-10	-5.3953326e-10
316.280	0.336	-0.321	3.93449695e-09	4.80676035e-10	-4.80676035e-10
316.951	0.299	-0.336	4.06674155e-09	4.9683244e-10	-4.9683244e-10
317.490	0.298	-0.239	3.41852717e-09	5.0698615e-10	-5.0698615e-10
318.038	0.296	-0.250	3.3174182e-09	4.8389553e-10	-4.8389553e-10
318.617	0.299	-0.283	4.34984695e-09	5.46133065e-10	-5.46133065e-10
319.241	0.308	-0.326	2.697740495e-09	4.1040343e-10	-4.1040343e-10
319.817	0.241	-0.268	3.433786845e-09	5.16438735e-10	-5.16438735e-10
320.390	0.392	-0.332	3.494845425e-09	4.3878568e-10	-4.3878568e-10
321.107	0.320	-0.326	3.521968845e-09	4.58521905e-10	-4.58521905e-10
321.729	0.279	-0.301	4.453475e-09	5.4407939e-10	-5.4407939e-10
322.282	0.239	-0.274	5.1411313e-09	6.2715649e-10	-6.2715649e-10
322.825	0.319	-0.305	4.0529498e-09	5.08856645e-10	-5.08856645e-10
323.439	0.289	-0.294	4.4480932e-09	5.4669574e-10	-5.4669574e-10
324.026	0.346	-0.298	4.0110953e-09	4.90033835e-10	-4.90033835e-10
324.681	0.269	-0.309	4.4224693e-09	5.4769755e-10	-5.4769755e-10
325.237	0.278	-0.286	3.48664244e-09	4.8822795e-10	-4.8822795e-10
325.866	0.315	-0.352	3.8720489e-09	4.73046375e-10	-4.73046375e-10
326.483	0.323	-0.302	4.0529498e-09	5.08856645e-10	-5.08856645e-10
327.135	0.313	-0.329	3.9406775e-09	4.94761015e-10	-4.94761015e-10
327.748	0.256	-0.300	4.60673915e-09	5.7051837e-10	-5.7051837e-10
328.280	0.317	-0.277	4.30329935e-09	5.3293949e-10	-5.3293949e-10
328.878	0.360	-0.281	3.99258205e-09	4.94458555e-10	-4.94458555e-10
329.552	0.282	-0.314	4.35519325e-09	5.35277875e-10	-5.35277875e-10
330.139	0.321	-0.305	4.0414407e-09	5.07411795e-10	-5.07411795e-10
330.755	0.250	-0.295	4.7451501e-09	5.7971287e-10	-5.7971287e-10
331.309	0.264	-0.304	4.57358925e-09	5.6211978e-10	-5.6211978e-10
331.868	0.258	-0.296	4.6688606e-09	5.703927e-10	-5.703927e-10
332.402	0.293	-0.276	4.52738245e-09	5.5310846e-10	-5.5310846e-10
332.988	0.308	-0.293	4.18842135e-09	5.1169771e-10	-5.1169771e-10
333.562	0.274	-0.265	3.13806013e-09	4.6779486e-10	-4.6779486e-10
334.085	0.291	-0.250	3.45038558e-09	5.0083542e-10	-5.0083542e-10
334.643	0.281	-0.267	4.5963767e-09	5.61537225e-10	-5.6153758e-10
335.207	0.230	-0.282	5.5758785e-09	6.3959782e-10	-6.3959782e-10
335.767	0.278	-0.330	4.0974739e-09	5.0744907e-10	-5.0744907e-10
336.324	0.228	-0.279	3.410398025e-09	5.028362e-10	-5.028362e-10
336.767	0.289	-0.214	3.43449436e-09	5.0638904e-10	-5.0638904e-10
337.297	0.287	-0.241	4.7183121e-09	5.84336035e-10	-5.8433639e-10
337.908	0.221	-0.324	4.648583e-09	5.71337e-10	-5.71337e-10
338.422	0.292	-0.294	4.2593894e-09	5.2750089e-10	-5.2750089e-10
339.067	0.248	-0.353	4.18841425e-09	5.11697e-10	-5.11697e-10
339.557	0.304	-0.242	4.471154e-09	5.69152685e-10	-5.69152685e-10
340.146	0.290	-0.285	4.38307495e-09	5.3547845e-10	-5.3547845e-10
340.697	0.282	-0.261	3.023407555e-09	4.6946549e-10	-4.6946549e-10
341.266	0.321	-0.287	4.0974739e-09	5.0744907e-10	-5.0744907e-10
341.888	0.229	-0.301	3.190717635e-09	4.7564462e-10	-4.7564462e-10
342.423	0.319	-0.306	4.03328635e-09	4.92745325e-10	-4.92745325e-10
343.046	0.304	-0.304	4.0990217e-09	5.0764077e-10	-5.0764077e-10
343.641	0.346	-0.291	4.0133886e-09	4.970355e-10	-4.970355e-10
344.338	0.362	-0.351	3.5830221e-09	4.43736865e-10	-4.43736865e-10
345.022	0.363	-0.322	3.48878522e-09	4.43076565e-10	-4.43076565e-10
345.743	0.304	-0.358	3.90188665e-09	4.7669187e-10	-4.7669187e-10
346.300	0.281	-0.252	3.538485575e-09	5.05498345e-10	-5.05498345e-10
346.862	0.265	-0.281	3.17553819e-09	4.7338185e-10	-4.7338185e-10
347.380	0.274	-0.253	3.29354303e-09	4.9097281e-10	-4.9097281e-10
347.993	0.303	-0.340	2.700527245e-09	4.02571065e-10	-4.02571065e-10
348.590	0.231	-0.294	3.30470778e-09	4.9263705e-10	-4.9263705e-10
349.107	0.312	-0.286	3.502447395e-09	4.8017371e-10	-4.8017371e-10
349.781	0.323	-0.362	3.82640655e-09	4.640205e-10	-4.640205e-10
350.408	0.332	-0.304	4.0739019e-09	5.00705845e-10	-5.00705845e-10
351.039	0.399	-0.298	3.311855705e-09	4.515813e-10	-4.515813e-10
351.737	0.258	-0.299	4.7067675e-09	5.70780005e-10	-5.7078036e-10
352.313	0.369	-0.318	3.7222602e-09	4.6098099e-10	-4.6098099e-10
353.051	0.305	-0.369	3.7521938e-09	4.7109636e-10	-4.7109636e-10
353.726	0.339	-0.370	2.403821795e-09	3.6568976e-10	-3.6568976e-10
354.397	0.302	-0.331	2.590220225e-09	4.0220151e-10	-4.0220151e-10
355.002	0.322	-0.303	2.708863355e-09	4.0381392e-10	-4.0381392e-10
355.552	0.295	-0.228	3.136457305e-09	4.8701953e-10	-4.8701953e-10
356.161	0.230	-0.314	3.107224475e-09	4.63197965e-10	-4.63197965e-10
356.665	0.254	-0.274	3.485956225e-09	4.97994355e-10	-4.97994355e-10
357.185	0.272	-0.265	3.403197205e-09	4.99263125e-10	-4.99263125e-10
357.718	0.242	-0.261	3.509149795e-09	5.1186243e-10	-5.1186243e-10
358.215	0.295	-0.255	3.21386825e-09	4.68791345e-10	-4.68791345e-10
358.815	0.302	-0.305	2.704159605e-09	4.19893645e-10	-4.19893645e-10
359.365	0.273	-0.248	3.412461285e-09	5.02007985e-10	-5.02007985e-10
359.937	0.252	-0.299	3.06713681e-09	4.5722225e-10	-4.5722225e-10
360.502	0.307	-0.312	2.64976189e-09	4.11446775e-10	-4.11446775e-10
361.090	0.236	-0.281	3.21809417e-09	4.89563815e-10	-4.89563815e-10
361.626	0.215	-0.299	3.290002615e-09	4.90444925e-10	-4.90444925e-10
362.127	0.311	-0.286	2.82979872e-09	4.21841885e-10	-4.21841885e-10
362.667	0.289	-0.228	3.34002957e-09	4.9246097e-10	-4.9246097e-10
363.234	0.306	-0.278	2.723906125e-09	4.4090503e-10	-4.4090503e-10
363.831	0.321	-0.291	2.72229904e-09	4.1413945e-10	-4.1413945e-10
364.445	0.326	-0.293	2.736866465e-09	4.07988365e-10	-4.07988365e-10
365.065	0.265	-0.294	3.058522735e-09	4.6528856e-10	-4.6528856e-10
365.682	0.306	-0.352	2.693937735e-09	3.97199915e-10	-3.97199915e-10
366.285	0.281	-0.297	2.728645375e-09	4.607971e-10	-4.607971e-10
366.897	0.242	-0.331	2.98253037e-09	4.53727985e-10	-4.53727985e-10
367.430	0.300	-0.291	2.89269975e-09	4.4006226e-10	-4.4006226e-10
368.039	0.274	-0.309	2.927972195e-09	4.45428085e-10	-4.45428085e-10
368.622	0.280	-0.308	2.85698746e-09	4.4362433e-10	-4.4362433e-10
369.176	0.265	-0.274	3.407049665e-09	5.05283925e-10	-5.05283925e-10
369.770	0.285	-0.329	4.20810965e-09	5.1410319e-10	-5.1410319e-10
370.320	0.251	-0.265	3.43709722e-09	5.06772795e-10	-5.06772795e-10
370.974	0.280	-0.403	2.500976775e-09	3.8046983e-10	-3.8046983e-10
371.545	0.260	-0.291	3.145450165e-09	4.68896425e-10	-4.68896425e-10
372.057	0.307	-0.252	3.058518475e-09	4.6528785e-10	-4.6528785e-10
372.688	0.258	-0.324	2.981925095e-09	4.4451964e-10	-4.4451964e-10
373.266	0.282	-0.320	2.88487626e-09	4.30052325e-10	-4.30052325e-10
373.820	0.284	-0.273	3.11530179e-09	4.64402125e-10	-4.64402125e-10
374.415	0.348	-0.311	2.63537374e-09	3.9285862e-10	-3.9285862e-10
375.021	0.338	-0.258	2.779031235e-09	4.4053441e-10	-4.4053441e-10
375.753	0.306	-0.395	2.47435355e-09	3.68855295e-10	-3.68855295e-10
376.413	0.280	-0.354	2.65582387e-09	4.12388235e-10	-4.12388235e-10
376.968	0.266	-0.275	3.158502805e-09	4.80498535e-10	-4.80498535e-10
377.578	0.335	-0.344	2.55207867e-09	3.80441785e-10	-3.80441785e-10
378.174	0.262	-0.261	3.537035045e-09	5.1052763e-10	-5.1052763e-10
378.677	0.291	-0.241	3.2113158e-09	4.88532895e-10	-4.88532895e-10
379.284	0.388	-0.316	2.387559245e-09	3.7073289e-10	-3.7073289e-10
380.002	0.348	-0.330	2.365731005e-09	3.91088945e-10	-3.91088945e-10
380.684	0.361	-0.333	3.461900715e-09	4.425217e-10	-4.425217e-10
381.338	0.254	-0.294	3.02196164e-09	4.79043745e-10	-4.79043745e-10
381.874	0.293	-0.281	3.01824692e-09	4.499341e-10	-4.499341e-10
382.461	0.249	-0.294	3.148147455e-09	4.78923045e-10	-4.78923045e-10
383.015	0.387	-0.306	2.3927071e-09	3.7929407e-10	-3.7929407e-10
383.703	0.277	-0.302	2.954410465e-09	4.49450235e-10	-4.49450235e-10
384.317	0.313	-0.337	2.63064372e-09	4.00196115e-10	-4.00196115e-10
385.066	0.321	-0.436	2.1848901e-09	3.46350567e-10	-3.46350567e-10
385.665	0.283	-0.277	3.46086021e-09	4.93372255e-10	-4.93372255e-10
386.292	0.318	-0.344	2.560308635e-09	3.81668665e-10	-3.81668665e-10
386.880	0.317	-0.270	2.965986305e-09	4.4112371e-10	-4.4112371e-10
387.524	0.324	-0.328	2.55870084e-09	3.89251465e-10	-3.89251465e-10
388.143	0.272	-0.295	2.755780865e-09	4.55569725e-10	-4.55569725e-10
388.676	0.299	-0.260	3.02812657e-09	4.51406995e-10	-4.51406995e-10
389.333	0.333	-0.359	2.444294635e-09	3.6437413e-10	-3.6437413e-10
390.091	0.335	-0.424	2.19316941e-09	3.336436615e-10	-3.336436615e-10
390.708	0.337	-0.282	2.73227525e-09	4.07303925e-10	-4.07303925e-10
391.438	0.359	-0.393	2.24782663e-09	3.35086488e-10	-3.350865235e-10
392.198	0.350	-0.401	2.25315305e-09	3.35880481e-10	-3.358805165e-10
392.873	0.280	-0.325	2.796563975e-09	4.16887505e-10	-4.16887505e-10
393.552	0.445	-0.398	1.945435145e-09	3.020811795e-10	-3.020811795e-10
394.373	0.291	-0.377	2.49728868e-09	3.7990893e-10	-3.7990893e-10
395.091	0.233	-0.427	2.485544925e-09	3.85947835e-10	-3.85947835e-10
395.646	0.327	-0.322	2.565707475e-09	3.90317175e-10	-3.9031753e-10
396.256	0.263	-0.283	3.09717194e-09	4.6169951e-10	-4.6169951e-10
396.872	0.352	-0.353	2.407492495e-09	3.66248175e-10	-3.66248175e-10
397.631	0.312	-0.407	2.413210835e-09	3.5974067e-10	-3.5974067e-10
398.334	0.347	-0.391	2.4014543e-09	3.540754025e-10	-3.54075438e-10
398.986	0.227	-0.305	3.2115785e-09	4.88572655e-10	-4.88572655e-10
399.537	0.340	-0.324	2.613775185e-09	3.89639125e-10	-3.89639125e-10
400.275	0.372	-0.398	2.14966345e-09	3.40766417e-10	-3.407664525e-10
400.988	0.320	-0.341	2.58125257e-09	3.92682185e-10	-3.92682185e-10
401.557	0.282	-0.248	3.27160474e-09	4.8770255e-10	-4.8770255e-10
402.159	0.362	-0.320	2.50711792e-09	3.8140419e-10	-3.8140419e-10
402.812	0.250	-0.291	3.20703379e-09	4.78076725e-10	-4.78076725e-10
403.411	0.415	-0.350	2.267295895e-09	3.379887905e-10	-3.379887905e-10
404.187	0.361	-0.361	2.365089165e-09	3.5979747e-10	-3.5979747e-10
404.813	0.276	-0.265	3.15864232e-09	4.8051948e-10	-4.8051948e-10
405.311	0.280	-0.222	3.457221815e-09	5.1537267e-10	-5.1537267e-10
405.862	0.234	-0.271	3.38108177e-09	5.14359145e-10	-5.14359145e-10
406.386	0.267	-0.289	3.114814375e-09	4.6432935e-10	-4.6432935e-10
406.936	0.273	-0.282	3.124801945e-09	4.6581822e-10	-4.6581822e-10
407.510	0.372	-0.302	3.8480935e-09	4.729523e-10	-4.729523e-10
408.202	0.337	-0.319	3.8935406e-09	4.82192595e-10	-4.82192595e-10
408.848	0.229	-0.308	3.227944355e-09	4.8119398e-10	-4.8119398e-10
409.347	0.238	-0.271	3.35709087e-09	5.1070939e-10	-5.1070939e-10
409.849	0.283	-0.264	3.17537205e-09	4.73357e-10	-4.73357e-10
410.396	0.326	-0.264	3.523510255e-09	4.79489625e-10	-4.79489625e-10
411.027	0.298	-0.305	2.83224112e-09	4.30864565e-10	-4.30864565e-10
411.541	0.288	-0.216	3.521343335e-09	5.19194245e-10	-5.19194245e-10
412.046	0.299	-0.217	3.361514525e-09	5.01105575e-10	-5.01105575e-10
412.701	0.276	-0.356	3.96421755e-09	5.0462256e-10	-5.0462256e-10
413.243	0.342	-0.267	3.440820815e-09	4.71725065e-10	-4.71725065e-10
413.841	0.252	-0.256	3.357091225e-09	5.1070939e-10	-5.1070939e-10
414.434	0.318	-0.340	3.80350905e-09	4.84165685e-10	-4.84165685e-10
415.025	0.248	-0.273	3.32709053e-09	4.95973695e-10	-4.95973695e-10
415.622	0.333	-0.349	2.391645295e-09	3.87123595e-10	-3.87123595e-10
416.260	0.349	-0.306	3.94409615e-09	4.818486e-10	-4.818486e-10
416.938	0.338	-0.329	3.7527902e-09	4.777093e-10	-4.777093e-10
417.566	0.234	-0.289	4.8867951e-09	6.0520187e-10	-6.0520187e-10
418.065	0.260	-0.265	4.77048645e-09	6.072559e-10	-6.072559e-10
418.687	0.349	-0.363	3.62855085e-09	4.43298795e-10	-4.43298795e-10
419.359	0.264	-0.323	4.398237e-09	5.37331195e-10	-5.37331195e-10
419.972	0.278	-0.349	4.0397722e-09	5.072027e-10	-5.072027e-10
420.571	0.313	-0.322	3.9831994e-09	5.00099505e-10	-5.00099505e-10
421.197	0.383	-0.313	3.71206815e-09	4.53502205e-10	-4.53502205e-10
421.897	0.314	-0.317	4.08851015e-09	4.99491745e-10	-4.99491745e-10
422.598	0.306	-0.386	3.57990165e-09	4.6206445e-10	-4.6206445e-10
423.132	0.273	-0.228	3.533654735e-09	5.2100936e-10	-5.2100936e-10
423.733	0.315	-0.327	3.9798837e-09	4.9288626e-10	-4.9288626e-10
424.404	0.345	-0.356	3.68385985e-09	4.50055865e-10	-4.50055865e-10
425.050	0.297	-0.301	4.3197039e-09	5.2773661e-10	-5.2773661e-10
425.665	0.347	-0.319	3.415275015e-09	4.57488855e-10	-4.57488855e-10
426.325	0.331	-0.313	3.84691135e-09	4.9652785e-10	-4.9652785e-10
426.970	0.255	-0.314	4.53568945e-09	5.54123405e-10	-5.54123405e-10
427.563	0.333	-0.338	3.86836045e-09	4.7544369e-10	-4.7544369e-10
428.244	0.291	-0.348	4.04295655e-09	4.9392641e-10	-4.93926055e-10
428.799	0.246	-0.264	3.223381895e-09	5.1510997e-10	-5.1510997e-10
429.333	0.312	-0.288	2.82145764e-09	4.2059832e-10	-4.2059832e-10
429.921	0.231	-0.276	3.410383115e-09	5.0283407e-10	-5.0283407e-10
430.371	0.283	-0.219	3.294038965e-09	5.15767785e-10	-5.15767785e-10
430.904	0.273	-0.250	3.234114965e-09	4.82113785e-10	-4.82113785e-10
431.437	0.268	-0.260	3.20145177e-09	4.77244605e-10	-4.77244605e-10
431.944	0.288	-0.238	3.212262585e-09	4.78856305e-10	-4.78856305e-10
432.549	0.341	-0.317	2.569814115e-09	3.8308547e-10	-3.8308547e-10
433.118	0.274	-0.227	3.320859925e-09	5.0519766e-10	-5.0519766e-10
433.700	0.377	-0.308	3.475179845e-09	4.40634875e-10	-4.40634875e-10
434.340	0.260	-0.263	3.375196935e-09	5.10136775e-10	-5.10136775e-10
434.914	0.345	-0.314	3.540628e-09	4.4966075e-10	-4.4966075e-10
435.545	0.300	-0.287	2.881306735e-09	4.2952018e-10	-4.2952018e-10
436.128	0.226	-0.283	3.224247385e-09	5.00651175e-10	-5.00651175e-10
436.639	0.230	-0.285	3.29013503e-09	4.90464805e-10	-4.90464805e-10
437.230	0.338	-0.362	3.512021745e-09	4.38317435e-10	-4.38317435e-10
437.840	0.234	-0.273	3.410388795e-09	5.0283478e-10	-5.0283478e-10
438.386	0.343	-0.312	3.8469575e-09	4.69981305e-10	-4.69981305e-10
439.004	0.407	-0.275	3.475625725e-09	4.3788824e-10	-4.3788824e-10
439.739	0.282	-0.328	4.10579155e-09	5.1148045e-10	-5.1148045e-10
440.303	0.255	-0.282	3.148821955e-09	4.69399105e-10	-4.69399105e-10
440.824	0.253	-0.266	3.424634235e-09	5.0379896e-10	-5.0379896e-10
441.369	0.310	-0.291	2.728540295e-09	4.23679365e-10	-4.23679365e-10
442.020	0.314	-0.340	3.8474261e-09	4.7003846e-10	-4.7003846e-10
442.597	0.354	-0.263	3.49081511e-09	4.6563646e-10	-4.6563646e-10
443.241	0.309	-0.290	2.82179773e-09	4.20649085e-10	-4.20649085e-10
443.797	0.287	-0.247	3.169814525e-09	4.7252843e-10	-4.7252843e-10
444.441	0.320	-0.356	3.7259238e-09	4.5519449e-10	-4.5519449e-10
445.003	0.266	-0.242	3.27481394e-09	4.981928e-10	-4.981928e-10
445.565	0.283	-0.295	2.99100493e-09	4.40999815e-10	-4.40999815e-10
446.167	0.314	-0.320	3.936808e-09	4.8755132e-10	-4.8755132e-10
446.770	0.245	-0.289	3.16981417e-09	4.7252843e-10	-4.7252843e-10
447.317	0.226	-0.302	3.295828875e-09	4.9018045e-10	-4.9018045e-10
447.831	0.324	-0.288	2.76437364e-09	4.1208897e-10	-4.1208897e-10
448.485	0.365	-0.330	2.432086185e-09	3.625544e-10	-3.625544e-10
449.108	0.254	-0.257	3.46067987e-09	5.04792605e-10	-5.04792605e-10
449.645	0.316	-0.284	2.821850625e-09	4.20656895e-10	-4.20656895e-10
450.241	0.273	-0.280	2.965264945e-09	4.6043713e-10	-4.6043713e-10
450.868	0.276	-0.354	2.64555727e-09	4.02464565e-10	-4.0246492e-10
451.411	0.287	-0.267	3.01133649e-09	4.58110105e-10	-4.58110105e-10
451.979	0.355	-0.282	2.61599429e-09	3.97967425e-10	-3.97967425e-10
452.623	0.241	-0.289	3.19085573e-09	4.7566521e-10	-4.7566521e-10
453.124	0.267	-0.259	3.186852395e-09	4.88998655e-10	-4.88998655e-10
453.696	0.272	-0.305	2.91145014e-09	4.46740165e-10	-4.46740165e-10
454.271	0.351	-0.304	2.54490767e-09	3.8715306e-10	-3.8715306e-10
454.922	0.363	-0.300	2.549263165e-09	3.80022175e-10	-3.80022175e-10
455.591	0.240	-0.305	3.10743002e-09	4.6322885e-10	-4.6322885e-10
456.136	0.270	-0.306	2.934799555e-09	4.37494545e-10	-4.37494545e-10
456.698	0.264	-0.291	3.00168546e-09	4.5664218e-10	-4.5664218e-10
457.354	0.446	-0.392	1.927452975e-09	3.055414355e-10	-3.055414355e-10
458.115	0.256	-0.315	2.917530225e-09	4.4383946e-10	-4.4383946e-10
458.672	0.332	-0.301	2.670994085e-09	3.9816871e-10	-3.9816871e-10
459.294	0.271	-0.290	3.01865091e-09	4.4999445e-10	-4.4999445e-10
459.890	0.301	-0.325	2.66058513e-09	4.04750765e-10	-4.04750765e-10
460.450	0.291	-0.259	3.07726567e-09	4.58732065e-10	-4.58732065e-10
461.026	0.282	-0.285	3.054522595e-09	4.55341815e-10	-4.55341815e-10
461.610	0.268	-0.301	3.046636625e-09	4.54166055e-10	-4.54166055e-10
462.228	0.271	-0.350	2.751392355e-09	4.18565235e-10	-4.18565235e-10
462.851	0.262	-0.352	2.82592425e-09	4.212643e-10	-4.212643e-10
463.404	0.243	-0.292	3.19009248e-09	4.8530417e-10	-4.8530417e-10
463.881	0.290	-0.233	3.53715042e-09	5.10544315e-10	-5.10544315e-10
464.491	0.315	-0.321	2.64847892e-09	4.1124762e-10	-4.1124762e-10
465.098	0.265	-0.292	3.06778362e-09	4.66697555e-10	-4.66697555e-10
465.772	0.353	-0.409	2.3284876e-09	3.43317092e-10	-3.43317092e-10
466.429	0.271	-0.305	2.91823135e-09	4.5313407e-10	-4.5313407e-10
467.031	0.310	-0.330	2.7081317e-09	4.03704935e-10	-4.03704935e-10
467.700	0.396	-0.358	2.299360205e-09	3.427686525e-10	-3.42768688e-10
468.513	0.366	-0.417	2.148877125e-09	3.336709965e-10	-3.336709965e-10
469.175	0.346	-0.297	2.70062984e-09	4.0258633e-10	-4.0258633e-10
469.851	0.198	-0.331	3.183525335e-09	4.94327915e-10	-4.94327915e-10
470.381	0.390	-0.332	2.401299165e-09	3.5796496e-10	-3.5796496e-10
471.099	0.323	-0.328	2.66373966e-09	3.97087025e-10	-3.9708738e-10
471.754	0.282	-0.331	2.783710845e-09	4.23481985e-10	-4.23481985e-10
472.379	0.252	-0.342	2.787296345e-09	4.4184436e-10	-4.41844715e-10
472.972	0.306	-0.342	2.638420705e-09	4.01378975e-10	-4.01378975e-10
473.644	0.335	-0.366	2.47486688e-09	3.6893162e-10	-3.6893162e-10
474.347	0.317	-0.368	2.456287245e-09	3.81404545e-10	-3.81404545e-10
474.971	0.359	-0.307	2.60721585e-09	3.886611e-10	-3.886611e-10
475.669	0.368	-0.340	2.41309333e-09	3.67100175e-10	-3.6710053e-10
476.335	0.345	-0.298	2.660346925e-09	4.04714555e-10	-4.04714555e-10
476.983	0.296	-0.303	2.89346371e-09	4.31332455e-10	-4.31332455e-10
477.553	0.336	-0.274	2.799952805e-09	4.25952785e-10	-4.25952785e-10
478.186	0.378	-0.296	2.49517643e-09	3.8744345e-10	-3.8744345e-10
478.987	0.434	-0.423	1.96197282e-09	3.04649072e-10	-3.046491075e-10
479.678	0.267	-0.256	3.39036573e-09	4.998826e-10	-4.998826e-10
480.300	0.392	-0.355	2.28662884e-09	3.478614825e-10	-3.478614825e-10
481.036	0.294	-0.344	2.67516427e-09	4.06968805e-10	-4.06968805e-10
481.672	0.413	-0.342	2.265059395e-09	3.44580182e-10	-3.445802175e-10
482.494	0.312	-0.409	2.371296695e-09	3.6074177e-10	-3.6074177e-10
483.226	0.447	-0.421	1.99813241e-09	2.978642765e-10	-2.978642765e-10
484.016	0.230	-0.343	2.982530725e-09	4.53727985e-10	-4.53727985e-10
484.509	0.270	-0.262	3.333639925e-09	4.915188e-10	-4.915188e-10
485.202	0.312	-0.423	2.36098927e-09	3.519557685e-10	-3.51955804e-10
485.941	0.394	-0.428	2.11058363e-09	3.14627483e-10	-3.146275185e-10
486.624	0.290	-0.289	3.000271495e-09	4.4725456e-10	-4.4725456e-10
487.274	0.329	-0.361	2.475193835e-09	3.76547435e-10	-3.7654779e-10
488.050	0.399	-0.446	2.05282016e-09	3.060166385e-10	-3.06016674e-10
488.827	0.394	-0.378	2.246747785e-09	3.34925673e-10	-3.349257085e-10
489.737	0.320	-0.516	2.01209527e-09	3.124319145e-10	-3.124319145e-10
490.440	0.341	-0.383	2.449034595e-09	3.61090735e-10	-3.61090735e-10
491.068	0.348	-0.287	2.56648883e-09	4.1542455e-10	-4.1542455e-10
491.732	0.211	-0.316	3.244509365e-09	4.93582415e-10	-4.93582415e-10
492.230	0.352	-0.287	2.67514297e-09	4.0696561e-10	-4.0696561e-10
492.934	0.407	-0.352	2.283335505e-09	3.403798575e-10	-3.403798575e-10
493.773	0.375	-0.431	2.054694205e-09	3.257118255e-10	-3.257118255e-10
494.493	0.319	-0.346	2.60670891e-09	3.88585485e-10	-3.88585485e-10
495.192	0.389	-0.379	2.25673145e-09	3.364139395e-10	-3.364139395e-10
495.996	0.359	-0.414	2.241167895e-09	3.340938725e-10	-3.340938725e-10
496.760	0.399	-0.405	2.156875985e-09	3.21528399e-10	-3.21528399e-10
497.483	0.310	-0.324	2.758042925e-09	4.1480756e-10	-4.1480756e-10
498.246	0.421	-0.453	1.89567515e-09	3.005039855e-10	-3.005039855e-10
498.994	0.373	-0.328	2.4743855e-09	3.6885991e-10	-3.6885991e-10
499.772	0.405	-0.404	2.11032661e-09	3.210408775e-10	-3.21040913e-10
500.600	0.438	-0.423	1.95348548e-09	3.033312055e-10	-3.033312055e-10
501.408	0.397	-0.370	2.2619677e-09	3.37194478e-10	-3.371945135e-10
502.101	0.314	-0.296	2.799408945e-09	4.2587007e-10	-4.2587007e-10
502.763	0.289	-0.348	2.72320997e-09	4.0595244e-10	-4.0595244e-10
503.418	0.374	-0.366	2.210407855e-09	3.5039565e-10	-3.5039565e-10
504.197	0.377	-0.404	2.16573927e-09	3.22849638e-10	-3.22849638e-10
505.089	0.427	-0.516	1.766819735e-09	2.68783706e-10	-2.68783706e-10
506.022	0.393	-0.506	1.854283925e-09	2.82089532e-10	-2.82089532e-10
506.881	0.385	-0.467	1.954934235e-09	2.974012855e-10	-2.974012855e-10
507.606	0.289	-0.339	2.65272827e-09	4.0355548e-10	-4.0355548e-10
508.252	0.429	-0.357	2.086127325e-09	3.239273825e-10	-3.239273825e-10
509.299	0.650	-0.618	1.31334238e-09	1.997968755e-10	-1.997968755e-10
510.384	0.281	-0.434	2.25801513e-09	3.5794224e-10	-3.5794224e-10
511.048	0.364	-0.384	2.3140178e-09	3.41183613e-10	-3.41183613e-10
511.964	0.489	-0.552	1.60070707e-09	2.43513244e-10	-2.435132085e-10
512.834	0.370	-0.381	2.252984425e-09	3.358553825e-10	-3.358553825e-10
513.617	0.482	-0.413	1.890180105e-09	2.81771665e-10	-2.81771665e-10
514.643	0.562	-0.545	1.56657808e-09	2.335318865e-10	-2.335318865e-10
515.619	0.366	-0.414	2.22591461e-09	3.31820062e-10	-3.31820062e-10
516.572	0.491	-0.588	1.58455244e-09	2.4105565e-10	-2.4105565e-10
517.601	0.478	-0.538	1.655947555e-09	2.571304405e-10	-2.571304405e-10
518.647	0.468	-0.569	1.672298145e-09	2.49291721e-10	-2.49291721e-10
519.564	0.372	-0.448	2.08294688e-09	3.168756625e-10	-3.168756625e-10
520.295	0.593	-0.359	1.822336055e-09	2.7165807e-10	-2.7165807e-10
521.486	0.409	-0.598	1.722526385e-09	2.567792745e-10	-2.567792745e-10
522.365	0.372	-0.470	2.030102645e-09	3.088365455e-10	-3.088365455e-10
523.231	0.507	-0.495	1.705575135e-09	2.594666245e-10	-2.594666245e-10
524.290	0.524	-0.552	1.586296555e-09	2.41320977e-10	-2.41320977e-10
525.202	0.361	-0.388	2.25835664e-09	3.36656227e-10	-3.366561915e-10
526.034	0.430	-0.470	1.8789866e-09	2.80103023e-10	-2.80103023e-10
527.121	0.606	-0.657	1.33910899e-09	1.99622748e-10	-1.99622748e-10
528.428	0.668	-0.702	1.2161306e-09	1.85008179e-10	-1.85008179e-10
529.590	0.497	-0.494	1.65543174e-09	2.570503525e-10	-2.57050317e-10
530.710	0.555	-0.623	1.436201135e-09	2.14096382e-10	-2.14096382e-10
531.700	0.512	-0.434	1.787191765e-09	2.664190155e-10	-2.664190155e-10
532.704	0.554	-0.492	1.616957905e-09	2.41042018e-10	-2.41042018e-10
533.889	0.769	-0.631	1.189860955e-09	1.81011802e-10	-1.81011802e-10
535.152	0.572	-0.493	1.539371235e-09	2.390287775e-10	-2.390287775e-10
536.430	0.538	-0.706	1.31922615e-09	2.04845366e-10	-2.04845366e-10
537.456	0.527	-0.489	1.614954285e-09	2.507651485e-10	-2.50765113e-10
538.578	0.578	-0.595	1.39930066e-09	2.172790635e-10	-2.172790635e-10
539.709	0.479	-0.553	1.614631235e-09	2.45631529e-10	-2.45631529e-10
540.874	0.556	-0.686	1.32111617e-09	2.051388445e-10	-2.051388445e-10
542.024	0.495	-0.594	1.55364969e-09	2.31604627e-10	-2.31604627e-10
542.891	0.400	-0.372	2.190860135e-09	3.265944265e-10	-3.265944265e-10
543.751	0.396	-0.460	1.976784485e-09	2.94681879e-10	-2.94681879e-10
544.684	0.418	-0.537	1.77063989e-09	2.639516235e-10	-2.639516235e-10
545.531	0.603	-0.429	1.63936941e-09	2.44382994e-10	-2.44382994e-10
546.591	0.516	-0.458	1.75531738e-09	2.6703384e-10	-2.6703384e-10
547.782	0.524	-0.675	1.42453761e-09	2.16712803e-10	-2.16712803e-10
549.137	0.638	-0.831	1.180204245e-09	1.759346275e-10	-1.759346275e-10
550.762	0.915	-0.987	8.8440511e-10	1.37327703e-10	-1.37327703e-10
552.494	0.639	-0.817	1.191746715e-09	1.776552415e-10	-1.776552415e-10
553.622	0.403	-0.490	1.91262711e-09	2.90965171e-10	-2.90965171e-10
554.803	0.773	-0.777	1.119229445e-09	1.668449945e-10	-1.668449945e-10
556.328	0.710	-0.753	1.150170535e-09	1.785949265e-10	-1.785949265e-10
557.535	0.664	-0.497	1.470448695e-09	2.23697215e-10	-2.23697215e-10
558.825	0.618	-0.625	1.331590445e-09	2.11084846e-10	-2.11084846e-10
560.272	0.661	-0.828	1.11204531e-09	1.7628235e-10	-1.7628235e-10
561.963	0.576	-1.030	1.06336061e-09	1.617675005e-10	-1.617675005e-10
563.204	0.712	-0.665	1.240572705e-09	1.887264845e-10	-1.887264845e-10
564.619	0.551	-0.703	1.36199016e-09	2.071975605e-10	-2.071975605e-10
565.994	0.598	-0.823	1.036053655e-09	1.90982687e-10	-1.909827225e-10
567.509	1.090	-0.917	8.6429507e-10	1.288416055e-10	-1.288416055e-10
569.705	0.840	-1.106	8.64276255e-10	1.342021765e-10	-1.342021765e-10
571.141	0.726	-0.596	1.29236685e-09	1.96605887e-10	-1.96605887e-10
572.635	0.839	-0.768	1.06337694e-09	1.617699855e-10	-1.617699855e-10
574.343	0.665	-0.869	1.09688823e-09	1.703214385e-10	-1.703214385e-10
575.870	0.941	-0.863	9.6149052e-10	1.433306465e-10	-1.433306465e-10
577.817	0.785	-1.006	9.68159195e-10	1.44324753e-10	-1.44324753e-10
579.363	0.761	-0.760	1.12306309e-09	1.70849927e-10	-1.70849927e-10
581.183	1.035	-1.059	7.9082143e-10	1.253616825e-10	-1.253616825e-10
582.984	0.984	-0.766	9.90781925e-10	1.47697182e-10	-1.47697182e-10
585.112	0.909	-1.144	8.4482616e-10	1.25939374e-10	-1.25939374e-10
586.935	1.014	-0.913	8.45878025e-10	1.369179975e-10	-1.36918033e-10
588.955	1.065	-1.006	7.90018065e-10	1.25234344e-10	-1.25234344e-10
590.797	0.760	-0.777	1.067395895e-09	1.657419385e-10	-1.657419385e-10
592.484	0.777	-0.928	9.4767108e-10	1.50225634e-10	-1.50225634e-10
593.977	0.800	-0.716	1.048733545e-09	1.6975319e-10	-1.6975319e-10
595.730	1.141	-0.953	7.9572895e-10	1.21053083e-10	-1.21053083e-10
597.527	0.698	-0.656	1.24955953e-09	1.862735055e-10	-1.862735055e-10
598.969	0.882	-0.744	7.89208665e-10	1.673215465e-10	-1.673215465e-10
600.685	0.879	-0.834	9.874325e-10	1.471978745e-10	-1.471978745e-10
602.459	0.714	-0.894	1.020133325e-09	1.5840313e-10	-1.5840313e-10
603.903	0.680	-0.730	1.18102039e-09	1.796668845e-10	-1.796668845e-10
605.457	0.820	-0.874	9.98841135e-10	1.488986085e-10	-1.488986085e-10
607.242	0.855	-0.965	9.01476705e-10	1.399785235e-10	-1.399785235e-10
608.825	0.841	-0.728	1.061847245e-09	1.615372475e-10	-1.615372475e-10
610.681	1.079	-1.015	7.73250705e-10	1.25162208e-10	-1.25162208e-10
612.825	1.011	-1.065	8.22873315e-10	1.25182514e-10	-1.25182514e-10
614.713	0.917	-0.876	9.67266725e-10	1.441917345e-10	-1.441917345e-10
616.670	0.921	-1.040	8.84759755e-10	1.318923335e-10	-1.318923335e-10
618.647	0.852	-1.057	8.8124987e-10	1.36837732e-10	-1.36837732e-10
620.551	1.085	-1.051	7.87276045e-10	1.22245812e-10	-1.22245812e-10
622.507	0.974	-0.871	8.97551825e-10	1.42280663e-10	-1.42280663e-10
624.259	0.732	-0.778	1.11361796e-09	1.72919151e-10	-1.72919151e-10
625.911	0.702	-0.919	1.053984705e-09	1.603411815e-10	-1.603411815e-10
627.508	0.764	-0.896	1.044889605e-09	1.55763066e-10	-1.55763066e-10
629.385	0.624	-1.113	9.68710155e-10	1.50418328e-10	-1.50418328e-10
631.201	0.883	-1.192	8.2355243e-10	1.25285819e-10	-1.25285819e-10
633.004	0.985	-0.921	8.9674207e-10	1.364200745e-10	-1.364200745e-10
635.194	0.930	-1.205	8.12603875e-10	1.2113594e-10	-1.211359755e-10
636.737	0.812	-0.614	1.19901534e-09	1.824044315e-10	-1.824044315e-10
638.487	0.948	-0.938	9.06057625e-10	1.37837199e-10	-1.378372345e-10
640.433	1.026	-0.998	8.56875925e-10	1.277356385e-10	-1.277356385e-10
642.463	1.101	-1.004	7.99256585e-10	1.24106083e-10	-1.24106083e-10
644.883	1.252	-1.319	6.7463774e-10	1.005691215e-10	-1.00569157e-10
646.893	0.740	-0.758	1.087900695e-09	1.760929575e-10	-1.760929575e-10
649.014	1.192	-1.380	6.74167365e-10	1.00499009e-10	-1.00499009e-10
651.338	1.042	-1.132	7.97750675e-10	1.189217695e-10	-1.189217695e-10
653.939	1.430	-1.559	5.80339445e-10	8.65119735e-11	-8.65119735e-11
656.765	1.176	-1.397	6.6409282e-10	1.01027462e-10	-1.01027462e-10
659.617	1.424	-1.676	5.51250035e-10	8.3860869e-11	-8.38609045e-11
662.370	1.379	-1.329	6.0093903e-10	9.72709585e-11	-9.72709585e-11
665.513	1.397	-1.764	5.18933675e-10	8.0578397e-11	-8.0578397e-11
668.307	1.611	-1.397	5.4532189e-10	8.46759135e-11	-8.46759135e-11
671.329	1.321	-1.410	6.1009306e-10	9.28125845e-11	-9.28125845e-11
673.917	1.214	-1.268	6.76986775e-10	1.02988979e-10	-1.02988979e-10
676.805	1.726	-1.674	5.1016553e-10	7.60510465e-11	-7.6051082e-11
680.413	1.770	-1.882	4.39051575e-10	7.2581454e-11	-7.2581454e-11
684.477	1.809	-2.294	3.9920602e-10	6.32824775e-11	-6.32824775e-11
688.596	2.144	-2.309	3.68413675e-10	5.72061555e-11	-5.72061555e-11
692.479	2.045	-1.740	4.4702878e-10	6.663918e-11	-6.663918e-11
696.330	1.595	-1.806	3.31547493e-10	6.0532044e-11	-6.0532044e-11
699.997	1.767	-2.071	2.805926035e-10	5.44763475e-11	-5.44763475e-11
703.964	1.898	-2.201	2.68917044e-10	5.0618882e-11	-5.0618882e-11
707.940	2.096	-2.078	2.64087837e-10	4.9709869e-11	-4.9709869e-11
712.509	1.923	-2.473	3.78994805e-10	5.76559405e-11	-5.76559405e-11
716.165	1.926	-1.732	2.873767245e-10	5.7572764e-11	-5.7572764e-11
720.820	2.417	-2.730	1.992741735e-10	4.12153935e-11	-4.12153935e-11
725.755	1.658	-2.518	2.51744061e-10	5.043414e-11	-5.043414e-11
729.669	2.465	-2.256	2.21970424e-10	4.5909594e-11	-4.5909594e-11
734.825	2.868	-2.690	1.98614335e-10	3.85604905e-11	-3.85604905e-11
741.151	2.973	-3.459	1.715434905e-10	3.22900261e-11	-3.22900261e-11
747.161	2.810	-3.036	1.92921626e-10	3.5222532e-11	-3.5222532e-11
766.671	12.306	-12.768	1.002805065e-10	2.112483235e-11	-2.112483235e-11
787.111	9.417	-8.134	1.250060435e-10	2.809306345e-11	-2.809306345e-11
811.239	12.870	-14.711	8.4002514e-11	1.83893976e-11	-1.83893976e-11
850.874	30.903	-26.766	3.81041735e-11	8.54892895e-12	-8.54892895e-12
917.900	54.141	-36.123	2.414331215e-11	5.4441025e-12	-5.4441025e-12
1035.742	56.650	-63.701	1.320522965e-11	2.28082388e-12	-2.28082388e-12
4350.905	88.848	-91.679	4.45976915e-12	1.02151747e-12	-1.02151747e-12
4554.445	95.923	-114.692	3.88711865e-12	8.8200034e-13	-8.8200034e-13
4767.247	93.736	-116.880	4.03308755e-12	8.98167395e-13	-8.98167395e-13
4943.848	52.531	-82.865	6.0446418e-12	1.369714605e-12	-1.369714605e-12
5056.514	67.738	-60.136	6.4613692e-12	1.458289945e-12	-1.458289945e-12
5207.397	89.861	-83.145	4.7301975e-12	1.08053693e-12	-1.08053693e-12
5393.634	56.570	-96.377	5.61599705e-12	1.250680975e-12	-1.250680975e-12
5580.240	105.653	-130.036	3.483677835e-12	7.93649005e-13	-7.93649005e-13
5771.593	97.335	-85.700	4.54082275e-12	1.02347068e-12	-1.02347068e-12
5958.606	103.386	-89.678	4.2694643e-12	9.71359165e-13	-9.71359165e-13
6126.166	136.413	-64.174	3.38466869e-12	8.47227025e-13	-8.47227025e-13
6345.278	77.769	-82.700	5.06446195e-12	1.150685995e-12	-1.150685995e-12
6524.758	91.354	-101.710	3.34539007e-12	8.56133975e-13	-8.56133975e-13
6711.930	122.293	-95.818	4.4795178e-12	9.2868781e-13	-9.2868781e-13
10098.195	86.075	-119.525	3.44150064e-12	8.97622825e-13	-8.97622825e-13
10252.876	76.819	-68.606	6.2493703e-12	1.41881288e-12	-1.41881288e-12
10441.710	116.151	-112.016	2.995128255e-12	7.84742765e-13	-7.84742765e-13
10618.212	77.552	-60.351	6.5690549e-12	1.488857575e-12	-1.488857575e-12
10766.591	89.642	-70.827	5.6926096e-12	1.28366935e-12	-1.28366935e-12
11010.559	116.465	-154.327	2.4843042e-12	6.51642615e-13	-6.51642615e-13
11212.479	132.682	-85.455	3.084194915e-12	8.0991617e-13	-8.0991617e-13
11478.346	142.622	-133.184	2.43666675e-12	6.39147325e-13	-6.39147325e-13
11703.616	95.372	-82.648	5.1278969e-12	1.156327655e-12	-1.156327655e-12
11971.342	143.547	-172.354	3.8603694e-12	7.5607545e-13	-7.5607545e-13
17694.710	111.731	-1930.598	2.86233447e-12	7.5072134e-13	-7.5072134e-13
17905.008	107.035	-98.566	3.95299245e-12	8.9584818e-13	-8.9584818e-13
18164.473	153.455	-152.431	3.8802281e-12	7.28487335e-13	-7.28487335e-13
23766.357	291.012	-2244.289	1.86045205e-12	3.69148525e-13	-3.69148525e-13
29448.684	351.618	-2173.574	1.90715869e-12	3.60153535e-13	-3.60153535e-13
39200.285	275.254	-281.371	1.15971968e-12	3.062377325e-13	-3.062377325e-13
39834.667	355.459	-359.128	9.0453503e-13	2.391634645e-13	-2.391634645e-13
40484.700	344.794	-294.574	1.01159309e-12	2.654014435e-13	-2.654014435e-13
41076.807	203.984	-247.313	1.817018155e-12	4.22566795e-13	-4.22566795e-13
45031.171	150.335	-175.616	1.95076405e-12	5.11401995e-13	-5.11401995e-13
45291.826	195.574	-110.320	2.078765335e-12	5.4604893e-13	-5.4604893e-13
45936.993	305.111	-449.593	8.26224515e-13	2.20864315e-13	-2.20864315e-13
46686.690	335.172	-444.586	1.24446102e-12	2.651604695e-13	-2.651604695e-13
51058.863	408.323	-276.175	9.14045835e-13	2.42112201e-13	-2.42112201e-13
51887.596	216.450	-420.410	9.7829054e-13	2.59305774e-13	-2.59305774e-13
52406.565	356.890	-302.519	9.47354775e-13	2.50423532e-13	-2.50423532e-13
57030.704	209.619	-281.816	1.280975255e-12	3.376613385e-13	-3.376613385e-13
57735.134	768.864	-494.812	6.11657545e-13	1.47475804e-13	-1.47475804e-13
62824.651	355.648	-419.113	7.89841985e-13	2.110823255e-13	-2.110823255e-13
74600.343	46713.816	-11420.044	7.7388367e-13	1.275915085e-13	-1.275915085e-13
252204.892	17490.186	-28988.448	3.20276243e-13	7.6296032e-14	-7.6296032e-14
287453.133	27782.840	-13258.222	2.794769095e-13	6.0895138e-14	-6.0895138e-14
494540.758	332911.940	-139517.638	1.302108405e-13	2.24009757e-14	-2.24009757e-14