Time	T_+ve	T_-ve	Flux	Fluxpos	Fluxneg
118.999108591447	0.306663431856748	-0.239517565244256	3.343007958335e-09	4.98378798791846e-10	-4.98396593285097e-10
119.604033762534	0.304926239037783	-0.298261739230213	4.69661827169459e-09	5.69577114238684e-10	-5.69594490408799e-10
120.191840271804	0.27397773290663	-0.282880270232369	4.73699248485358e-09	5.74447967418595e-10	-5.74449659292979e-10
120.758697478108	0.329746533205807	-0.292879473397193	4.26521912968101e-09	5.17246296944643e-10	-5.17253484776367e-10
121.336946114825	0.260328861055214	-0.248502103510788	3.49224298783709e-09	5.20613181285852e-10	-5.20625225625322e-10
121.918844261785	0.267339744054638	-0.321569285905369	4.5609124692525e-09	5.53131159127505e-10	-5.53154354108627e-10
122.441377730293	0.27498726624296	-0.255193724453036	3.35521820890783e-09	5.00187724244159e-10	-5.0020018661232e-10
123.015720651272	0.252176375370169	-0.299355654735834	4.866524592387e-09	5.90189411919985e-10	-5.90211215414613e-10
123.600123308351	0.31359868710625	-0.332226281708742	4.16051522586723e-09	5.04572162529382e-10	-5.04593529298297e-10
124.177014903506	0.238438070440012	-0.263292908048996	5.36270077263917e-09	6.50379932871195e-10	-6.50414109942061e-10
124.675900016789	0.225256008246774	-0.260447042843225	3.68315609709546e-09	5.49092915333926e-10	-5.49116884625439e-10
125.223328915859	0.273867060024372	-0.322172890822628	4.5378103399889e-09	5.50368251989414e-10	-5.50415490503332e-10
125.73425594125	0.243306085830866	-0.237059965367138	3.74372115080782e-09	5.58145308591699e-10	-5.5818475960222e-10
126.667771998265	0.62887102045832	-0.690209971183677	4.11539410422597e-09	3.54377506084273e-10	-3.5448986099592e-10
135.252	0.244	-0.263	3.678663492e-09	5.6368683e-10	-5.63861088e-10
135.760	0.266	-0.264	3.58568721e-09	5.34897594e-10	-5.3509113e-10
136.293	0.306	-0.267	3.624674886e-09	5.2555419e-10	-5.2575075e-10
136.864	0.246	-0.265	3.723117048e-09	5.55410898e-10	-5.55618798e-10
137.445	0.329	-0.335	4.211298e-09	5.24387304e-10	-5.24656062e-10
138.063	0.278	-0.289	3.234883176e-09	5.1684318e-10	-5.1700194e-10
138.653	0.282	-0.312	4.76326872e-09	5.8253202e-10	-5.82844248e-10
139.278	0.288	-0.343	4.36829652e-09	5.53873194e-10	-5.54139684e-10
139.833	0.292	-0.267	4.93861914e-09	6.26170986e-10	-6.2646318e-10
140.459	0.384	-0.333	3.89781882e-09	4.85333478e-10	-4.8557124e-10
141.149	0.280	-0.307	4.82100444e-09	5.89552614e-10	-5.89845564e-10
141.699	0.263	-0.269	5.32094346e-09	6.50689578e-10	-6.51012768e-10
142.234	0.327	-0.273	4.48214634e-09	5.89433544e-10	-5.896611e-10
142.883	0.354	-0.322	4.13372484e-09	5.14639062e-10	-5.14851876e-10
143.524	0.281	-0.286	4.92417576e-09	6.13024524e-10	-6.13264554e-10
144.057	0.307	-0.252	3.4029828e-09	5.0755383e-10	-5.0768613e-10
144.635	0.267	-0.272	3.604884696e-09	5.31787032e-10	-5.3192349e-10
145.203	0.267	-0.301	4.92418332e-09	6.12975762e-10	-6.1318782e-10
145.802	0.271	-0.332	4.59039042e-09	5.71428648e-10	-5.71628988e-10
146.376	0.312	-0.303	4.56406272e-09	5.63816106e-10	-5.6401758e-10
147.013	0.245	-0.325	3.307010112e-09	4.93219314e-10	-4.93336872e-10
147.577	0.247	-0.319	3.327801246e-09	4.96306062e-10	-4.96416816e-10
148.138	0.305	-0.314	4.47026958e-09	5.56430364e-10	-5.56600464e-10
148.711	0.281	-0.268	3.424665636e-09	5.1074226e-10	-5.10850368e-10
149.341	0.319	-0.348	4.09528224e-09	5.19076782e-10	-5.19224958e-10
149.939	0.251	-0.279	3.708904626e-09	5.41237032e-10	-5.41351566e-10
150.494	0.365	-0.304	4.19036058e-09	5.12245188e-10	-5.12394876e-10
151.125	0.366	-0.266	3.719698038e-09	5.0350923e-10	-5.03629434e-10
151.766	0.317	-0.276	3.742920468e-09	5.14369926e-10	-5.14484838e-10
152.363	0.305	-0.280	4.72851918e-09	5.88529368e-10	-5.8868397e-10
152.990	0.327	-0.322	3.736933326e-09	4.90926366e-10	-4.91042412e-10
153.678	0.332	-0.360	3.696846048e-09	4.78991394e-10	-4.7910555e-10
154.232	0.280	-0.222	3.681908244e-09	5.64037614e-10	-5.64130224e-10
154.832	0.208	-0.321	3.49595946e-09	5.35548132e-10	-5.35633938e-10
155.357	0.302	-0.317	3.040867494e-09	4.53464298e-10	-4.53539142e-10
155.937	0.304	-0.278	3.305686356e-09	4.87569348e-10	-4.87650618e-10
156.557	0.326	-0.316	4.33559196e-09	5.29942014e-10	-5.30065998e-10
157.168	0.269	-0.284	3.380122116e-09	5.04043344e-10	-5.041197e-10
157.724	0.251	-0.288	3.469372074e-09	5.1734214e-10	-5.1741585e-10
158.436	0.276	-0.461	2.443563612e-09	3.84612354e-10	-3.8466036e-10
158.979	0.270	-0.267	3.48086025e-09	5.19055236e-10	-5.19128946e-10
159.553	0.278	-0.304	3.214763748e-09	4.79369016e-10	-4.79433276e-10
160.132	0.327	-0.301	3.51756216e-09	4.89690684e-10	-4.89764016e-10
160.752	0.265	-0.293	3.347833356e-09	4.99203432e-10	-4.9926618e-10
161.327	0.340	-0.310	2.880048528e-09	4.29450714e-10	-4.29505146e-10
161.999	0.253	-0.332	3.19525668e-09	4.76452368e-10	-4.76512848e-10
162.550	0.263	-0.298	3.337255404e-09	4.9762377e-10	-4.97685384e-10
163.094	0.299	-0.281	3.224600064e-09	4.8082167e-10	-4.80879126e-10
163.674	0.255	-0.281	3.492418734e-09	5.20755858e-10	-5.2081785e-10
164.206	0.242	-0.278	3.600067464e-09	5.36808006e-10	-5.36872266e-10
164.813	0.295	-0.365	2.833472502e-09	4.22502318e-10	-4.22553726e-10
165.477	0.304	-0.369	4.08824766e-09	5.08750578e-10	-5.08837896e-10
166.019	0.308	-0.238	3.664113138e-09	5.36683644e-10	-5.36747526e-10
166.648	0.280	-0.321	3.10940343e-09	4.63638168e-10	-4.63690332e-10
167.268	0.313	-0.340	4.21102206e-09	5.29396182e-10	-5.29479342e-10
167.911	0.228	-0.330	3.414624066e-09	5.03586342e-10	-5.03643798e-10
168.384	0.286	-0.244	3.519654768e-09	5.24811798e-10	-5.24871522e-10
168.952	0.241	-0.282	3.567535272e-09	5.31952974e-10	-5.32014588e-10
169.544	0.314	-0.352	2.751631344e-09	4.21480584e-10	-4.21525566e-10
170.162	0.238	-0.304	3.43887012e-09	5.12760024e-10	-5.1281559e-10
170.781	0.326	-0.381	3.75745041e-09	4.69838502e-10	-4.6990881e-10
171.412	0.304	-0.305	3.066828912e-09	4.57282098e-10	-4.57329726e-10
171.990	0.307	-0.275	3.563885682e-09	5.04143892e-10	-5.04204372e-10
172.622	0.335	-0.325	2.773985886e-09	4.24898838e-10	-4.24941174e-10
173.302	0.305	-0.345	2.873653902e-09	4.28477364e-10	-4.2852159e-10
174.030	0.305	-0.423	2.678414634e-09	3.90779424e-10	-3.90821004e-10
174.659	0.238	-0.325	3.319167726e-09	4.94905572e-10	-4.94955846e-10
175.219	0.343	-0.322	2.698828146e-09	4.2476049e-10	-4.24798668e-10
175.838	0.390	-0.276	3.561799878e-09	4.77678222e-10	-4.77736056e-10
176.575	0.289	-0.348	2.939711292e-09	4.45093866e-10	-4.45135068e-10
177.123	0.258	-0.258	3.616748604e-09	5.39268408e-10	-5.39319438e-10
177.669	0.217	-0.288	3.757987926e-09	5.60327166e-10	-5.60380086e-10
178.153	0.274	-0.267	3.528063756e-09	5.26042566e-10	-5.26091328e-10
178.681	0.304	-0.255	3.719245572e-09	5.31440028e-10	-5.3149257e-10
179.329	0.225	-0.344	3.351723732e-09	4.9974435e-10	-4.9978782e-10
179.854	0.272	-0.299	3.415583808e-09	5.037039e-10	-5.0374926e-10
180.585	0.340	-0.459	2.29876353e-09	3.617875422e-10	-3.618158544e-10
181.211	0.229	-0.287	3.698383752e-09	5.51436606e-10	-5.5148688e-10
181.743	0.240	-0.302	3.317876856e-09	5.36698008e-10	-5.36739966e-10
182.324	0.321	-0.341	4.18420296e-09	5.30186202e-10	-5.30253486e-10
182.921	0.297	-0.276	4.95917856e-09	6.06046644e-10	-6.0612867e-10
183.540	0.267	-0.322	3.240276102e-09	4.8312936e-10	-4.83172452e-10
184.143	0.345	-0.337	4.16948742e-09	5.0953644e-10	-5.09603346e-10
184.863	0.294	-0.375	2.798705952e-09	4.28670522e-10	-4.28706054e-10
185.486	0.233	-0.329	3.330248418e-09	5.10084918e-10	-5.10126876e-10
186.052	0.402	-0.333	3.81769038e-09	4.7503638e-10	-4.75095348e-10
186.742	0.331	-0.288	3.081986712e-09	4.59524772e-10	-4.59564084e-10
187.327	0.280	-0.254	3.654545202e-09	5.38940682e-10	-5.38987554e-10
187.875	0.281	-0.269	3.40562691e-09	5.2162866e-10	-5.21670618e-10
188.479	0.296	-0.323	3.023148366e-09	4.63047354e-10	-4.63085532e-10
189.072	0.290	-0.297	3.249014328e-09	4.84433082e-10	-4.8447693e-10
189.685	0.399	-0.322	3.656539908e-09	4.69743624e-10	-4.6980108e-10
190.411	0.286	-0.328	3.107908818e-09	4.6339587e-10	-4.63438206e-10
191.075	0.222	-0.377	3.121712622e-09	4.78144296e-10	-4.78183608e-10
191.623	0.282	-0.326	3.076024896e-09	4.7114865e-10	-4.7118834e-10
192.191	0.280	-0.285	3.596557734e-09	5.19229872e-10	-5.19279012e-10
192.798	0.322	-0.327	4.26323898e-09	5.40193374e-10	-5.4025839e-10
193.380	0.336	-0.260	3.698449902e-09	5.12998542e-10	-5.13049194e-10
194.030	0.245	-0.314	3.350373138e-09	5.13166752e-10	-5.1320871e-10
194.495	0.324	-0.220	3.515824116e-09	5.32311318e-10	-5.32355544e-10
195.127	0.282	-0.307	3.239286498e-09	4.82978538e-10	-4.8301974e-10
195.739	0.232	-0.331	3.393135144e-09	5.0591898e-10	-5.05962828e-10
196.309	0.366	-0.339	2.707585272e-09	4.03702866e-10	-4.0373802e-10
196.948	0.243	-0.273	3.709692378e-09	5.61663396e-10	-5.61709512e-10
197.476	0.252	-0.285	3.416657706e-09	5.37720876e-10	-5.37760944e-10
198.045	0.285	-0.316	2.99305881e-09	4.84147314e-10	-4.84180956e-10
198.688	0.318	-0.358	4.17698316e-09	5.10440238e-10	-5.10501474e-10
199.280	0.295	-0.274	3.264684318e-09	4.86764586e-10	-4.86806166e-10
199.872	0.289	-0.297	3.115588266e-09	4.77205344e-10	-4.77244278e-10
200.508	0.237	-0.348	3.175376904e-09	4.73450292e-10	-4.73490738e-10
201.170	0.439	-0.424	2.154016368e-09	3.211630506e-10	-3.21189813e-10
201.819	0.336	-0.210	3.402911736e-09	5.07374658e-10	-5.0741775e-10
202.492	0.346	-0.337	2.669399712e-09	4.0886181e-10	-4.08894318e-10
203.178	0.364	-0.340	2.638158768e-09	3.93349824e-10	-3.93383088e-10
203.991	0.350	-0.449	2.326719276e-09	3.4691328e-10	-3.469423104e-10
204.650	0.366	-0.308	2.756513214e-09	4.1099373e-10	-4.11027372e-10
205.357	0.395	-0.342	2.475942714e-09	3.7923039e-10	-3.79259874e-10
206.216	0.425	-0.464	2.089395756e-09	3.115279062e-10	-3.115537236e-10
207.012	0.400	-0.370	2.412699534e-09	3.597332634e-10	-3.597635034e-10
207.779	0.414	-0.367	2.334918474e-09	3.576323772e-10	-3.576614832e-10
208.831	0.442	-0.638	1.68868098e-09	2.58649146e-10	-2.586696336e-10
209.643	0.430	-0.370	2.362402854e-09	3.522341214e-10	-3.522638322e-10
210.445	0.348	-0.371	2.654140986e-09	3.95733114e-10	-3.95766756e-10
211.216	0.401	-0.423	2.228764356e-09	3.50772282e-10	-3.508004808e-10
212.175	0.555	-0.559	1.712903598e-09	2.553959268e-10	-2.554184934e-10
213.187	0.454	-0.457	2.094329412e-09	3.122657244e-10	-3.122927136e-10
214.072	0.383	-0.431	2.341207638e-09	3.490781616e-10	-3.491096868e-10
214.970	0.489	-0.515	1.86539976e-09	2.857178016e-10	-2.857411242e-10
216.219	0.800	-0.760	1.222673886e-09	1.82300895e-10	-1.82316393e-10
217.494	0.497	-0.475	1.926902628e-09	2.951385822e-10	-2.951629254e-10
218.370	0.386	-0.379	2.446661322e-09	3.747485952e-10	-3.747794778e-10
219.327	0.594	-0.571	1.637058654e-09	2.440862802e-10	-2.441073348e-10
220.580	0.393	-0.659	1.814512266e-09	2.705456754e-10	-2.705694516e-10
221.543	0.437	-0.570	1.894636548e-09	2.82491307e-10	-2.825156502e-10
222.563	0.580	-0.584	1.60887006e-09	2.464252308e-10	-2.46445038e-10
223.823	0.570	-0.680	1.525463226e-09	2.274477408e-10	-2.274675102e-10
224.946	0.540	-0.552	1.746579618e-09	2.604164094e-10	-2.604390894e-10
226.027	0.448	-0.541	1.928712114e-09	2.875729122e-10	-2.875981626e-10
227.171	0.699	-0.696	1.342079172e-09	2.055619566e-10	-2.055785508e-10
228.537	0.685	-0.667	1.357895826e-09	2.137109562e-10	-2.137279662e-10
229.874	0.513	-0.652	1.637232156e-09	2.44115235e-10	-2.441378016e-10
231.116	0.609	-0.729	1.403941518e-09	2.093312214e-10	-2.093506884e-10
232.482	0.834	-0.756	1.127530152e-09	1.774562958e-10	-1.774709622e-10
233.946	0.583	-0.630	1.506920814e-09	2.308161366e-10	-2.308376448e-10
235.251	0.757	-0.721	1.260468594e-09	1.879414866e-10	-1.87960122e-10
236.864	0.955	-0.856	1.028923938e-09	1.53416592e-10	-1.53431523e-10
238.650	0.886	-0.831	1.024123338e-09	1.656636786e-10	-1.656775512e-10
240.738	0.999	-1.202	8.1482058e-10	1.282417164e-10	-1.282529052e-10
242.845	0.806	-1.109	9.7299279e-10	1.45077156e-10	-1.450913688e-10
244.871	0.948	-1.220	8.42670864e-10	1.29071691e-10	-1.290833712e-10
246.706	0.967	-0.887	9.85807746e-10	1.509963336e-10	-1.510101684e-10
249.023	1.173	-1.349	7.38314892e-10	1.100851668e-10	-1.100956752e-10
251.062	0.638	-0.865	9.82374372e-10	2.002648536e-10	-2.002749462e-10
252.897	1.194	-1.197	7.79236038e-10	1.161875232e-10	-1.161990144e-10
255.434	1.304	-1.343	6.90671394e-10	1.057911246e-10	-1.058012172e-10
257.876	1.109	-1.138	8.2932066e-10	1.236558582e-10	-1.2366837e-10
260.308	1.063	-1.322	7.51674168e-10	1.183043988e-10	-1.18315323e-10
262.898	1.188	-1.527	6.86956032e-10	1.024291548e-10	-1.024397766e-10
265.262	1.455	-1.176	6.95887416e-10	1.065915774e-10	-1.066025394e-10
268.053	1.529	-1.336	6.26999562e-10	9.8683137e-11	-9.86927004e-11
270.915	1.387	-1.334	5.9563161e-10	1.078450632e-10	-1.07852661e-10
274.434	1.770	-2.132	4.60236546e-10	7.24362156e-11	-7.24432086e-11
278.066	1.605	-1.862	4.57034886e-10	8.51889528e-11	-8.51946606e-11
281.572	1.522	-1.901	5.24548332e-10	8.2557657e-11	-8.25652926e-11
284.522	1.953	-1.428	3.469269636e-10	6.87276954e-11	-6.8731551e-11
288.714	2.318	-2.240	4.08789612e-10	6.09526134e-11	-6.09587748e-11
293.142	1.776	-2.110	4.61489616e-10	7.2633078e-11	-7.26398442e-11
296.549	1.892	-1.631	3.761679852e-10	6.65083818e-11	-6.65131446e-11
300.172	2.354	-1.731	3.649430862e-10	6.08350176e-11	-6.08400072e-11
304.394	1.463	-1.868	3.730530006e-10	6.8120325e-11	-6.81249744e-11
308.173	2.218	-2.317	4.03678296e-10	6.18319548e-11	-6.18378516e-11
312.704	1.338	-2.313	3.40715403e-10	6.2215587e-11	-6.22199718e-11
315.922	1.938	-1.880	2.152533474e-10	6.74443476e-11	-6.74458974e-11
319.496	1.871	-1.636	3.242082564e-10	6.69597138e-11	-6.69631914e-11
323.708	1.192	-2.342	3.217631256e-10	6.64549704e-11	-6.64585614e-11
326.544	2.062	-1.644	2.973310578e-10	6.40667286e-11	-6.4069866e-11
331.400	2.085	-2.794	2.258930268e-10	4.86736614e-11	-4.8676005e-11
336.045	2.915	-2.561	2.204421534e-10	4.19149458e-11	-4.19174784e-11
341.490	2.402	-2.530	2.518455996e-10	4.59873288e-11	-4.59903906e-11
346.968	2.959	-3.076	1.883709324e-10	3.89050074e-11	-3.89071242e-11
353.067	2.813	-3.140	1.909488168e-10	3.94374204e-11	-3.9439575e-11
358.628	2.956	-2.748	2.117331846e-10	4.02593814e-11	-4.02619896e-11
364.718	2.260	-3.134	2.17606851e-10	4.31090478e-11	-4.31115804e-11
386.970	15.567	-14.521	1.00853802e-10	2.212459326e-11	-2.212459326e-11
421.190	18.956	-18.653	8.31945492e-11	1.788696e-11	-1.788696e-11
457.129	15.613	-16.983	8.88248214e-11	1.993531554e-11	-1.993531554e-11
499.891	28.011	-27.150	5.17705398e-11	1.17275067e-11	-1.17275067e-11
569.881	33.241	-41.979	1.918974834e-11	4.24182528e-12	-4.24182528e-12
631.913	33.892	-28.791	1.700384994e-11	3.8467737e-12	-3.8467737e-12
2224.564	48678.133	-1558.760	2.647659798e-13	4.44491334e-14	-4.44491334e-14
122738.001	3298.366	-9456.439	6.16031136e-14	3.217629744e-14	-2.493636516e-14