Time	T_+ve	T_-ve	Flux	Fluxpos	Fluxneg
148.141294939221	0.453429077072485	-0.425449967189479	2.14432253596692e-09	3.19907273462298e-10	-3.20070355578813e-10
148.922388135107	0.387546855401695	-0.327664118814312	2.59275668697996e-09	3.86652504436414e-10	-3.86746115267567e-10
149.817362665476	0.612543345152375	-0.507427674966635	2.36582827805531e-09	2.93533754158702e-10	-2.93588953258971e-10
158.652	0.543	-0.448	1.822812666e-09	2.868583059e-10	-2.868701406e-10
159.721	0.520	-0.526	1.794237802e-09	2.675007965e-10	-2.675138568e-10
160.847	0.512	-0.607	1.677284539e-09	2.500656407e-10	-2.500784712e-10
161.826	0.494	-0.466	1.953725513e-09	2.912824155e-10	-2.912983866e-10
162.833	0.560	-0.513	1.683725067e-09	2.649777457e-10	-2.64992338e-10
164.075	0.685	-0.682	1.347850536e-09	2.064386086e-10	-2.064517072e-10
165.394	0.630	-0.635	1.45591322e-09	2.229940134e-10	-2.230102909e-10
166.593	0.724	-0.568	1.453199665e-09	2.16671143e-10	-2.166889908e-10
168.031	0.810	-0.715	1.208864432e-09	1.851607372e-10	-1.85177053e-10
169.478	0.624	-0.637	1.501744532e-09	2.239164306e-10	-2.239384531e-10
170.858	0.676	-0.756	1.297752987e-09	1.98780064e-10	-1.987997885e-10
172.255	0.691	-0.720	1.342669695e-09	2.002044793e-10	-2.002275742e-10
173.738	0.978	-0.792	1.070099319e-09	1.595644642e-10	-1.595843036e-10
175.497	0.918	-0.782	1.030957485e-09	1.714627805e-10	-1.714812028e-10
177.358	0.985	-0.944	9.45244383e-10	1.487826312e-10	-1.488028153e-10
179.272	0.975	-0.929	9.91250726e-10	1.518491207e-10	-1.518728667e-10
181.414	1.325	-1.167	7.72633943e-10	1.183635839e-10	-1.183843808e-10
183.770	0.905	-1.030	9.75818124e-10	1.536114569e-10	-1.536411394e-10
185.940	1.028	-1.265	8.39774609e-10	1.286600027e-10	-1.286884979e-10
187.564	0.438	-0.595	1.898873019e-09	2.832091968e-10	-2.832791709e-10
188.388	0.330	-0.386	2.692740482e-09	4.12565302e-10	-4.12666031e-10
189.037	0.262	-0.319	3.310236828e-09	5.07176643e-10	-5.07301501e-10
189.561	0.266	-0.262	3.644650597e-09	5.58416681e-10	-5.58556093e-10
190.168	0.298	-0.341	4.47128371e-09	5.66838468e-10	-5.6705831e-10
190.758	0.276	-0.292	4.9084514e-09	6.45472198e-10	-6.45708126e-10
191.377	0.296	-0.343	4.59390499e-09	5.61701289e-10	-5.61934919e-10
191.906	0.272	-0.233	6.24045646e-09	7.36101105e-10	-7.36428953e-10
192.440	0.246	-0.262	6.19680978e-09	7.30994183e-10	-7.31343479e-10
192.970	0.259	-0.283	5.41959171e-09	6.69603879e-10	-6.69900321e-10
193.471	0.269	-0.242	6.9602973e-09	7.80890274e-10	-7.81313872e-10
194.008	0.239	-0.268	7.00921023e-09	7.86377515e-10	-7.86803794e-10
194.502	0.259	-0.255	6.64358311e-09	7.5302779e-10	-7.53427259e-10
195.028	0.244	-0.267	6.54450101e-09	7.65165826e-10	-7.65546528e-10
195.499	0.274	-0.228	6.37199398e-09	7.4651679e-10	-7.46886385e-10
196.011	0.266	-0.237	6.1755303e-09	7.33615435e-10	-7.33978136e-10
196.537	0.252	-0.261	8.06020819e-09	8.44732161e-10	-8.45276021e-10
197.050	0.248	-0.261	6.72636856e-09	7.69252819e-10	-7.69661097e-10
197.546	0.253	-0.248	6.63385491e-09	7.61765935e-10	-7.6217766e-10
198.012	0.330	-0.212	7.34340454e-09	8.1310517e-10	-8.12207035e-10
198.871	0.455	-0.529	7.99201121e-09	1.10134331e-09	-1.025642594e-09
199.750	0.438	-0.423	9.13136727e-09	1.254713745e-09	-1.172310529e-09
200.636	0.475	-0.448	8.61799024e-09	1.163629068e-09	-1.087645315e-09
201.563	0.517	-0.452	8.20685889e-09	1.069123435e-09	-1.035688301e-09
202.495	0.420	-0.415	9.76337855e-09	1.291264584e-09	-1.192902907e-09
203.396	0.547	-0.481	7.83056905e-09	1.050766245e-09	-9.72254692e-10
204.480	0.420	-0.537	8.41249925e-09	1.127684135e-09	-1.044907877e-09
205.465	0.461	-0.564	7.39602874e-09	1.064367341e-09	-9.97554906e-10
206.386	0.531	-0.461	7.82513428e-09	1.094140612e-09	-1.02087118e-09
207.408	0.536	-0.490	7.65958636e-09	1.050228513e-09	-9.83723627e-10
208.423	0.378	-0.478	9.29883019e-09	1.259526906e-09	-1.174476777e-09
209.291	0.429	-0.491	8.65471994e-09	1.179294917e-09	-1.092389153e-09
210.270	0.528	-0.550	7.56219712e-09	1.001674071e-09	-9.24077888e-10
211.363	0.540	-0.565	7.1225361e-09	9.78224896e-10	-9.14480291e-10
212.353	0.419	-0.450	9.39078466e-09	1.233940208e-09	-1.148769434e-09
213.402	0.511	-0.631	7.0553962e-09	9.45988552e-10	-8.76322384e-10
214.471	0.513	-0.558	7.17059494e-09	1.01914002e-09	-9.50951466e-10
215.536	0.479	-0.551	7.82295884e-09	1.052176068e-09	-9.71421667e-10
216.492	0.501	-0.477	8.23544218e-09	1.103872642e-09	-1.022670897e-09
217.509	0.505	-0.516	7.79842386e-09	1.032783246e-09	-9.84142629e-10
218.602	0.606	-0.588	6.67118975e-09	8.82222882e-10	-8.41888003e-10
219.672	0.446	-0.464	8.34069824e-09	1.178745312e-09	-1.12454162e-09
220.758	0.635	-0.640	6.1598273e-09	8.44459848e-10	-7.90193727e-10
222.109	0.732	-0.717	5.29531587e-09	7.50782261e-10	-7.0241817e-10
223.560	0.719	-0.719	5.59760245e-09	7.50098223e-10	-6.95278284e-10
224.952	0.613	-0.673	6.20317141e-09	8.52524296e-10	-7.89335041e-10
226.150	0.591	-0.585	6.92277862e-09	9.08808827e-10	-8.47017139e-10
227.338	0.645	-0.597	6.4036068e-09	8.65072142e-10	-8.09182867e-10
228.536	0.500	-0.553	7.72976728e-09	1.021663224e-09	-9.44743036e-10
229.914	0.761	-0.878	4.90905654e-09	6.5252476e-10	-6.10504681e-10
231.561	0.836	-0.887	4.50871813e-09	6.02021997e-10	-5.79033954e-10
233.115	0.833	-0.718	4.88473604e-09	6.82356247e-10	-6.49134827e-10
234.452	0.304	-0.504	4.48813571e-09	5.55885051e-10	-5.54737583e-10
235.049	0.270	-0.294	4.99030233e-09	6.21258938e-10	-6.21503292e-10
235.622	0.324	-0.302	4.49411434e-09	5.59487932e-10	-5.5970854e-10
236.256	0.315	-0.310	4.5646323e-09	5.58107983e-10	-5.58331655e-10
236.908	0.278	-0.337	4.63059639e-09	5.66159409e-10	-5.66378868e-10
237.488	0.293	-0.301	4.73631205e-09	5.89607818e-10	-5.89822298e-10
238.124	0.341	-0.344	4.16152097e-09	5.08805925e-10	-5.09001638e-10
238.791	0.339	-0.326	4.22975625e-09	5.2655223e-10	-5.26746411e-10
239.393	0.321	-0.262	3.656446614e-09	5.24589738e-10	-5.24729916e-10
239.977	0.300	-0.263	3.277136819e-09	5.15917086e-10	-5.16036582e-10
240.613	0.297	-0.337	4.50052959e-09	5.50262611e-10	-5.50478623e-10
241.176	0.278	-0.266	3.51677877e-09	5.24521181e-10	-5.24655614e-10
241.767	0.379	-0.313	3.697812146e-09	4.83259442e-10	-4.83416472e-10
242.394	0.275	-0.248	3.672613044e-09	5.56217112e-10	-5.56351545e-10
243.003	0.328	-0.334	4.30695756e-09	5.26566401e-10	-5.26757135e-10
243.552	0.309	-0.221	3.475084624e-09	5.47068774e-10	-5.47189802e-10
244.147	0.223	-0.285	5.60205674e-09	6.84873706e-10	-6.85105038e-10
244.676	0.294	-0.305	3.189245596e-09	4.88610335e-10	-4.88714511e-10
245.357	0.336	-0.387	4.04280629e-09	4.94251542e-10	-4.94419679e-10
245.905	0.321	-0.213	3.674734098e-09	5.48053467e-10	-5.48179091e-10
246.466	0.324	-0.240	3.655834963e-09	5.49090248e-10	-5.4921434e-10
247.055	0.284	-0.265	3.299085783e-09	5.48768528e-10	-5.48872321e-10
247.641	0.352	-0.301	3.804955247e-09	5.04279248e-10	-5.0442632e-10
248.318	0.370	-0.325	4.19790597e-09	5.13215021e-10	-5.13390818e-10
249.113	0.307	-0.425	2.631784883e-09	4.03211676e-10	-4.03302064e-10
249.676	0.271	-0.256	3.807141028e-09	5.61607454e-10	-5.61741887e-10
250.274	0.273	-0.328	3.707621159e-09	5.26531165e-10	-5.26660619e-10
250.849	0.285	-0.302	3.340718649e-09	4.98230146e-10	-4.98340067e-10
251.446	0.318	-0.312	3.114181426e-09	4.64445333e-10	-4.64547594e-10
252.079	0.346	-0.314	2.971479073e-09	4.43167385e-10	-4.43267731e-10
252.882	0.368	-0.458	2.152284586e-09	3.681688229e-10	-3.682327456e-10
253.516	0.280	-0.266	3.455730868e-09	5.44002859e-10	-5.44112397e-10
254.100	0.298	-0.304	3.261512334e-09	4.8641e-10	-4.86513027e-10
254.814	0.288	-0.417	2.783889503e-09	4.15177362e-10	-4.1526392e-10
255.410	0.325	-0.308	2.975067017e-09	4.55780724e-10	-4.55869197e-10
256.048	0.287	-0.313	3.123691316e-09	4.78545095e-10	-4.786351e-10
256.718	0.366	-0.383	2.500440778e-09	3.83064727e-10	-3.83137114e-10
257.525	0.369	-0.441	2.269197634e-09	3.572088183e-10	-3.572756518e-10
258.235	0.253	-0.341	3.212225596e-09	4.79059081e-10	-4.79160193e-10
258.937	0.447	-0.449	2.128740044e-09	3.174695043e-10	-3.175350356e-10
259.741	0.376	-0.357	2.457066411e-09	3.97522211e-10	-3.97588853e-10
260.500	0.409	-0.383	2.411039386e-09	3.595641151e-10	-3.596350084e-10
261.289	0.449	-0.380	2.302325602e-09	3.433585425e-10	-3.434301635e-10
262.114	0.505	-0.376	2.126637374e-09	3.258063802e-10	-3.258724477e-10
263.228	0.561	-0.609	1.538427506e-09	2.488999419e-10	-2.489425698e-10
264.347	0.645	-0.558	1.557225912e-09	2.385669849e-10	-2.386130981e-10
265.497	0.532	-0.505	1.805359356e-09	2.765786242e-10	-2.766308271e-10
266.441	0.369	-0.412	2.441839097e-09	3.641592342e-10	-3.642320425e-10
267.327	0.464	-0.516	1.945522036e-09	2.901380498e-10	-2.901939678e-10
268.244	0.538	-0.453	1.924506826e-09	2.870028118e-10	-2.870574659e-10
269.403	0.576	-0.621	1.562848352e-09	2.394201557e-10	-2.394620559e-10
270.374	0.379	-0.395	2.464308558e-09	3.675004496e-10	-3.675687002e-10
271.475	0.754	-0.722	1.267210269e-09	1.941307887e-10	-1.941651821e-10
272.789	0.613	-0.559	1.596057133e-09	2.445076979e-10	-2.445505173e-10
274.145	0.553	-0.743	1.4724818e-09	2.195917095e-10	-2.196334182e-10
275.280	0.793	-0.583	1.386761421e-09	2.068082036e-10	-2.068474228e-10
276.774	0.752	-0.702	1.310062224e-09	1.95365619e-10	-1.954003188e-10
278.144	0.608	-0.618	1.523132401e-09	2.333328686e-10	-2.333720878e-10
279.574	0.994	-0.822	1.027867824e-09	1.574631347e-10	-1.574902511e-10
281.531	0.934	-0.963	9.84465498e-10	1.508114205e-10	-1.508359708e-10
283.364	0.822	-0.899	1.106077573e-09	1.649430864e-10	-1.649708539e-10
285.012	0.820	-0.827	1.15505906e-09	1.722477773e-10	-1.722769619e-10
286.979	1.001	-1.146	8.73200168e-10	1.357832665e-10	-1.358036038e-10
289.114	1.179	-1.133	8.09329556e-10	1.239826152e-10	-1.240029908e-10
291.126	0.827	-0.833	1.106034677e-09	1.741016888e-10	-1.741308351e-10
292.861	1.043	-0.908	9.77491068e-10	1.457737066e-10	-1.458014358e-10
295.179	1.016	-1.274	7.86124352e-10	1.2718281e-10	-1.272028792e-10
297.145	0.993	-0.950	9.85093235e-10	1.469058163e-10	-1.469328944e-10
299.714	2.172	-1.577	5.11267083e-10	7.83230404e-11	-7.83365603e-11
302.822	1.391	-0.936	8.39372459e-10	1.251721749e-10	-1.251939293e-10
305.601	1.650	-1.388	6.42798092e-10	9.58585422e-11	-9.58755474e-11
308.836	1.487	-1.584	6.26484207e-10	9.34247304e-11	-9.34407781e-11
312.524	2.201	-2.202	4.32423086e-10	6.44854419e-11	-6.44966255e-11
316.601	1.564	-1.875	3.586906453e-10	6.82083551e-11	-6.82160151e-11
320.173	1.785	-2.008	4.92638729e-10	7.54696904e-11	-7.54829039e-11
323.868	2.511	-1.910	4.06463346e-10	6.57589552e-11	-6.57690281e-11
328.608	1.432	-2.229	3.467888054e-10	6.33303522e-11	-6.33377824e-11
332.292	2.587	-2.252	2.624547332e-10	4.79295009e-11	-4.79352076e-11
337.031	2.448	-2.151	2.527664801e-10	5.22086067e-11	-5.22133559e-11
341.733	2.722	-2.254	2.479057505e-10	4.7141555e-11	-4.71468404e-11
347.416	1.922	-2.961	2.30518508e-10	4.96737212e-11	-4.96778576e-11
351.119	1.966	-1.781	3.390094243e-10	6.19101116e-11	-6.19176184e-11
356.680	3.013	-3.594	1.815765466e-10	3.597462699e-11	-3.597849146e-11
362.504	3.317	-2.810	1.841293565e-10	3.96783787e-11	-3.96821704e-11
369.460	2.545	-3.639	1.592346246e-10	4.09999968e-11	-4.10026395e-11
374.055	1.815	-2.051	4.83508775e-10	7.4071051e-11	-7.40840347e-11
376.803	0.708	-0.932	1.139200945e-09	1.745182013e-10	-1.745479987e-10
378.354	0.760	-0.843	1.188121152e-09	1.771806641e-10	-1.772119552e-10
380.100	0.752	-0.986	1.075069893e-09	1.646917235e-10	-1.647187633e-10
381.799	0.793	-0.947	1.073972598e-09	1.645233184e-10	-1.645501667e-10
383.423	0.687	-0.831	1.232441529e-09	1.888014203e-10	-1.888332476e-10
385.057	0.587	-0.947	1.243701729e-09	1.85471963e-10	-1.855062032e-10
386.285	0.721	-0.642	1.399552855e-09	2.087158117e-10	-2.087554139e-10
387.407	0.491	-0.400	2.139834788e-09	3.191149872e-10	-3.191759225e-10
388.306	0.501	-0.408	2.097959483e-09	3.128702105e-10	-3.129299968e-10
389.172	0.446	-0.365	2.306742358e-09	3.533849846e-10	-3.534490222e-10
390.092	0.442	-0.474	2.042472741e-09	3.12899893e-10	-3.129566919e-10
390.882	0.355	-0.347	2.71406822e-09	4.04751336e-10	-4.04829085e-10
391.612	0.517	-0.374	2.139834788e-09	3.191153319e-10	-3.191764204e-10
392.656	0.471	-0.528	1.839021609e-09	2.894831198e-10	-2.895324119e-10
393.535	0.440	-0.408	2.247530175e-09	3.351739474e-10	-3.352369892e-10
394.368	0.376	-0.392	2.481105789e-09	3.700060739e-10	-3.700751288e-10
395.225	0.428	-0.481	2.058017562e-09	3.152777868e-10	-3.153330537e-10
396.069	0.427	-0.417	2.17607195e-09	3.425351691e-10	-3.425916233e-10
396.948	0.477	-0.451	2.053288661e-09	3.062039806e-10	-3.062601284e-10
397.806	0.359	-0.381	2.527976946e-09	3.87272365e-10	-3.87339773e-10
398.658	0.419	-0.493	2.049975328e-09	3.140454077e-10	-3.141003299e-10
399.383	0.314	-0.305	3.079931651e-09	4.59307388e-10	-4.59392414e-10
400.113	0.418	-0.416	2.285323083e-09	3.408083753e-10	-3.408716086e-10
400.830	0.274	-0.299	3.328626573e-09	4.96395576e-10	-4.96488262e-10
401.562	0.403	-0.458	2.214497191e-09	3.302466907e-10	-3.303082771e-10
402.378	0.506	-0.412	2.077164115e-09	3.097664551e-10	-3.098242881e-10
403.361	0.365	-0.478	2.261216297e-09	3.372141501e-10	-3.372771919e-10
404.216	0.492	-0.490	1.832113821e-09	2.96408296e-10	-2.96455405e-10
405.008	0.276	-0.299	3.256956932e-09	4.98950952e-10	-4.99039425e-10
405.720	0.566	-0.437	1.901017053e-09	2.83498132e-10	-2.835512158e-10
406.732	0.422	-0.445	2.160115404e-09	3.309201962e-10	-3.309791016e-10
407.601	0.445	-0.448	2.135780733e-09	3.185090429e-10	-3.185690973e-10
408.467	0.415	-0.421	2.28119779e-09	3.401955753e-10	-3.402599576e-10
409.444	0.509	-0.562	1.747469289e-09	2.677057781e-10	-2.677539978e-10
410.630	0.585	-0.677	1.512216518e-09	2.255180217e-10	-2.255611092e-10
411.826	0.575	-0.611	1.60743951e-09	2.397185893e-10	-2.397643961e-10
412.829	0.410	-0.428	2.233490161e-09	3.421615143e-10	-3.42222756e-10
413.734	0.470	-0.494	1.86646624e-09	3.019658175e-10	-3.020137308e-10
414.586	0.446	-0.382	2.305735068e-09	3.438518082e-10	-3.439153096e-10
415.417	0.548	-0.386	1.771291123e-09	3.207430436e-10	-3.207828373e-10
416.559	0.582	-0.594	1.619306765e-09	2.414837214e-10	-2.415273834e-10
417.618	0.516	-0.476	1.882079235e-09	2.883224766e-10	-2.883717687e-10
418.806	0.472	-0.672	1.633282052e-09	2.502081933e-10	-2.502508595e-10
419.686	0.344	-0.409	2.530381803e-09	3.773497159e-10	-3.774175452e-10
420.563	0.448	-0.532	1.942562212e-09	2.896894802e-10	-2.897414916e-10
421.484	0.383	-0.473	2.1833681e-09	3.344776151e-10	-3.345345672e-10
422.322	0.454	-0.456	2.094623936e-09	3.123669868e-10	-3.124235942e-10
423.256	0.547	-0.480	1.820132815e-09	2.788341112e-10	-2.788824841e-10
424.333	0.537	-0.531	1.716753838e-09	2.70234842e-10	-2.702798062e-10
425.484	0.660	-0.614	1.382359602e-09	2.29924858e-10	-2.299595578e-10
426.759	0.436	-0.616	1.777083615e-09	2.722422216e-10	-2.722910924e-10
427.882	0.647	-0.687	1.400342218e-09	2.145258834e-10	-2.14563877e-10
429.169	0.549	-0.639	1.572240278e-09	2.408587037e-10	-2.409007188e-10
430.238	0.462	-0.521	1.939147001e-09	2.891813541e-10	-2.892339017e-10
431.244	0.541	-0.544	1.754769269e-09	2.616844819e-10	-2.617315143e-10
432.313	0.427	-0.528	1.993320436e-09	2.97260088e-10	-2.973140527e-10
433.337	0.580	-0.596	1.619401366e-09	2.414997691e-10	-2.415444269e-10
434.632	0.724	-0.715	1.323126737e-09	1.973179998e-10	-1.973552274e-10
436.033	0.479	-0.677	1.646783568e-09	2.455869919e-10	-2.456344456e-10
437.190	0.527	-0.677	1.581310101e-09	2.358225984e-10	-2.358680605e-10
438.377	0.552	-0.660	1.542423728e-09	2.362932288e-10	-2.363356269e-10
439.591	0.585	-0.662	1.49841473e-09	2.295499776e-10	-2.29590499e-10
440.668	0.417	-0.492	1.858340129e-09	3.269972421e-10	-3.270403296e-10
441.676	0.608	-0.591	1.588347343e-09	2.368673458e-10	-2.369104333e-10
442.645	0.431	-0.361	2.405769306e-09	3.587682411e-10	-3.588336192e-10
443.754	0.642	-0.678	1.442781682e-09	2.151597867e-10	-2.151991591e-10
445.039	0.601	-0.643	1.531536187e-09	2.283959986e-10	-2.284379754e-10
446.458	0.788	-0.819	1.185552754e-09	1.768003451e-10	-1.768330533e-10
447.926	0.661	-0.680	1.341695726e-09	2.170662075e-10	-2.171007924e-10
449.065	0.596	-0.477	1.778228019e-09	2.651877063e-10	-2.652379559e-10
450.244	0.556	-0.584	1.641316243e-09	2.514442109e-10	-2.514899028e-10
451.459	0.590	-0.659	1.527459152e-09	2.27792314e-10	-2.278365505e-10
452.678	0.692	-0.628	1.445126025e-09	2.155145213e-10	-2.155567279e-10
453.786	0.473	-0.417	2.104167147e-09	3.223543629e-10	-3.224145705e-10
454.873	0.598	-0.614	1.544910164e-09	2.366778757e-10	-2.367223803e-10
456.171	0.746	-0.700	1.269244765e-09	1.997970439e-10	-1.998328927e-10
457.700	0.656	-0.783	1.325291453e-09	1.976438179e-10	-1.97682769e-10
459.086	0.551	-0.730	1.460715657e-09	2.237774399e-10	-2.238184209e-10
460.181	0.546	-0.543	1.751463979e-09	2.611967314e-10	-2.612464448e-10
461.418	0.767	-0.692	1.307203895e-09	1.949429402e-10	-1.949794401e-10
462.661	0.385	-0.476	2.214672605e-09	3.302720836e-10	-3.303332104e-10
463.709	0.775	-0.662	1.301627032e-09	1.99402056e-10	-1.994367558e-10
465.413	0.696	-0.929	1.063518613e-09	1.819128972e-10	-1.819379071e-10
466.861	0.654	-0.753	1.329602118e-09	2.036861025e-10	-2.037206874e-10
468.310	0.805	-0.794	1.191619857e-09	1.777032676e-10	-1.777351332e-10
469.899	0.636	-0.784	1.339881838e-09	1.998133214e-10	-1.998492468e-10
471.264	0.761	-0.729	1.275941903e-09	1.902781151e-10	-1.903122787e-10
472.860	0.665	-0.834	1.244478453e-09	1.906445695e-10	-1.906762819e-10
474.084	0.746	-0.558	1.458681161e-09	2.175264969e-10	-2.175639543e-10
475.514	0.746	-0.685	1.329882091e-09	1.983176298e-10	-1.983509125e-10
477.048	0.735	-0.788	1.249101646e-09	1.862709393e-10	-1.863019623e-10
478.513	0.886	-0.730	1.177639591e-09	1.756153431e-10	-1.756452171e-10
480.428	0.814	-1.029	1.015336447e-09	1.555414705e-10	-1.555671698e-10
482.025	0.636	-0.784	1.343467484e-09	2.003476064e-10	-2.003833786e-10
483.581	0.838	-0.920	1.064664549e-09	1.631005117e-10	-1.631287771e-10
485.220	0.854	-0.801	1.109359117e-09	1.746251732e-10	-1.746545493e-10
487.003	0.777	-0.929	1.117916486e-09	1.667154189e-10	-1.667471313e-10
488.892	1.138	-1.113	8.47462185e-10	1.263820719e-10	-1.264059328e-10
490.795	0.644	-0.765	1.351675174e-09	2.015747767e-10	-2.016124639e-10
492.121	0.811	-0.682	1.251915164e-09	1.917871351e-10	-1.918208391e-10
493.887	1.048	-0.955	9.50727794e-10	1.417805869e-10	-1.41806516e-10
496.044	0.963	-1.108	8.67738205e-10	1.403854328e-10	-1.404069574e-10
497.946	0.866	-0.940	1.054702719e-09	1.572865334e-10	-1.573154882e-10
499.875	1.060	-1.063	8.63559675e-10	1.359342068e-10	-1.3595734e-10
502.307	1.236	-1.372	6.34195912e-10	1.148407882e-10	-1.148558018e-10
504.705	0.844	-1.163	9.49336738e-10	1.415745329e-10	-1.41601228e-10
506.387	0.830	-0.837	1.078322329e-09	1.744558106e-10	-1.744832717e-10
508.375	0.977	-1.158	9.1221408e-10	1.3455173e-10	-1.345770463e-10
510.409	1.129	-1.057	8.71334192e-10	1.29940793e-10	-1.299646156e-10
512.447	0.976	-0.908	9.73123719e-10	1.531792414e-10	-1.532044428e-10
514.259	1.082	-0.837	9.92456027e-10	1.48003839e-10	-1.480311086e-10
516.526	1.038	-1.184	8.41237286e-10	1.288733337e-10	-1.28895969e-10
519.143	1.732	-1.579	5.53758635e-10	8.71675445e-11	-8.71821751e-11
521.785	0.960	-0.910	9.80177813e-10	1.542905159e-10	-1.543163684e-10
524.142	1.007	-1.397	7.7701508e-10	1.190335658e-10	-1.190537882e-10
526.311	1.133	-1.162	7.98149403e-10	1.256346091e-10	-1.25654257e-10
528.617	1.513	-1.173	7.08538893e-10	1.056622315e-10	-1.056809602e-10
531.217	1.370	-1.087	7.60139334e-10	1.164491584e-10	-1.164694191e-10
533.696	0.983	-1.109	8.94408027e-10	1.370192458e-10	-1.370435663e-10
535.991	1.131	-1.312	7.66083111e-10	1.173608899e-10	-1.173819166e-10
539.219	1.321	-2.097	5.58049384e-10	8.32203848e-11	-8.32352452e-11
541.680	1.153	-1.140	7.69026849e-10	1.279072545e-10	-1.279248342e-10
543.917	1.329	-1.084	7.60029413e-10	1.196341098e-10	-1.196527619e-10
546.775	1.483	-1.529	6.20365399e-10	9.50355518e-11	-9.50515612e-11
550.063	1.422	-1.806	5.45657419e-10	9.07567907e-11	-9.0769851e-11
552.992	1.090	-1.507	6.64151874e-10	1.136013236e-10	-1.136166053e-10
555.533	1.199	-1.451	7.05364972e-10	1.080558283e-10	-1.080734463e-10
558.022	1.414	-1.290	6.90978343e-10	1.058521229e-10	-1.058695111e-10
560.872	1.539	-1.436	6.28157534e-10	9.62294394e-11	-9.62457169e-11
563.877	1.254	-1.467	6.73746407e-10	1.060540022e-10	-1.060712755e-10
566.551	1.135	-1.420	7.03449972e-10	1.138068797e-10	-1.138245743e-10
569.155	1.552	-1.469	6.3052524e-10	9.40291044e-11	-9.40462245e-11
572.531	1.569	-1.824	5.40281631e-10	8.50454947e-11	-8.50594359e-11
576.174	1.596	-2.075	4.99841427e-10	7.86803794e-11	-7.86935546e-11
579.910	1.662	-2.140	4.63848619e-10	7.71509455e-11	-7.71625887e-11
583.368	1.586	-1.797	5.53283715e-10	8.47606576e-11	-8.47757478e-11
586.872	1.798	-1.919	4.84348694e-10	7.83606127e-11	-7.83732517e-11
590.353	1.591	-1.683	5.8291068e-10	8.69306973e-11	-8.69477791e-11
593.502	2.210	-1.558	4.87328817e-10	7.67117211e-11	-7.67250878e-11
597.430	2.034	-1.718	4.77225277e-10	7.93752946e-11	-7.93869761e-11
600.705	1.334	-1.240	7.29696579e-10	1.148589807e-10	-1.148765987e-10
603.728	1.542	-1.689	5.35926921e-10	9.43021834e-11	-9.43142862e-11
607.109	2.105	-1.839	4.9061534e-10	7.31657156e-11	-7.31796185e-11
611.066	1.946	-1.852	4.54188976e-10	7.76882945e-11	-7.76990568e-11
614.948	1.633	-1.936	5.23584746e-10	8.02098899e-11	-8.02236013e-11
617.805	1.800	-1.224	6.29774177e-10	9.39171152e-11	-9.39342353e-11
621.226	1.277	-1.620	6.33009761e-10	9.96421609e-11	-9.96586682e-11
624.366	1.948	-1.864	4.80889055e-10	7.56959668e-11	-7.57080313e-11
628.569	2.183	-2.255	4.13109545e-10	6.50270422e-11	-6.50375364e-11
632.325	1.390	-1.573	6.18607046e-10	9.73755669e-11	-9.73919976e-11
635.491	1.556	-1.776	5.60670253e-10	8.58910438e-11	-8.59057127e-11
638.938	2.336	-1.892	4.3330322e-10	6.82049847e-11	-6.82155555e-11
642.992	1.735	-1.718	5.40316484e-10	8.27709343e-11	-8.27839563e-11
646.928	1.711	-2.201	4.76922707e-10	7.3059548e-11	-7.30709614e-11
650.440	1.919	-1.801	5.02659924e-10	7.70035671e-11	-7.7016321e-11
654.262	2.421	-1.902	4.413692e-10	6.58213459e-11	-6.58337168e-11
658.606	1.779	-1.923	4.95984234e-10	7.80735159e-11	-7.80867677e-11
662.787	1.658	-2.402	4.24886412e-10	7.26759735e-11	-7.26858932e-11
666.219	1.957	-1.774	5.10350564e-10	7.61071173e-11	-7.61206755e-11
670.241	1.969	-2.065	4.72086183e-10	7.04012982e-11	-7.04140904e-11
673.852	1.748	-1.643	3.743607073e-10	6.83659213e-11	-6.83741558e-11
677.397	1.900	-1.797	3.583155351e-10	6.71814938e-11	-6.71890006e-11
681.664	1.519	-2.367	2.989945418e-10	6.17566052e-11	-6.17620821e-11
685.021	1.976	-1.838	3.676809958e-10	6.53639673e-11	-6.53718954e-11
689.115	1.750	-2.118	4.73647674e-10	7.45560439e-11	-7.45678786e-11
693.163	2.431	-2.298	3.94850786e-10	6.04881092e-11	-6.04981821e-11
697.089	1.313	-1.495	6.39390541e-10	1.034409847e-10	-1.0345596e-10
700.052	2.107	-1.651	3.488031939e-10	6.2663396e-11	-6.26712475e-11
704.147	1.603	-1.988	3.340138787e-10	6.61757741e-11	-6.61827064e-11
707.457	1.863	-1.708	3.159781406e-10	6.80898166e-11	-6.8095868e-11
711.179	2.021	-1.859	3.639148036e-10	6.59727841e-11	-6.59814782e-11
715.149	1.991	-1.948	4.83887562e-10	7.21630599e-11	-7.21771543e-11
719.085	2.266	-1.945	3.73558667e-10	6.25834256e-11	-6.25928474e-11
723.597	2.212	-2.246	2.76907851e-10	5.26565252e-11	-5.26623851e-11
728.145	2.083	-2.336	4.0712134e-10	6.58653526e-11	-6.58754638e-11
732.348	2.753	-2.120	3.765890396e-10	5.92790931e-11	-5.92890128e-11
736.579	1.965	-1.478	3.499210943e-10	7.08134445e-11	-7.08205683e-11
740.371	2.535	-1.828	4.36489397e-10	6.50926118e-11	-6.51043316e-11
745.227	1.844	-2.321	3.047932767e-10	5.56613134e-11	-5.5667901e-11
748.692	2.119	-1.620	3.638247603e-10	6.57225319e-11	-6.57305366e-11
753.413	1.860	-2.602	2.84511167e-10	5.19576651e-11	-5.19639846e-11
757.440	2.345	-2.167	3.35528299e-10	6.19560333e-11	-6.19635784e-11
761.835	1.896	-2.050	3.218569991e-10	5.87780142e-11	-5.87852529e-11
765.399	1.675	-1.668	3.691948799e-10	7.02058533e-11	-7.02137431e-11
768.952	1.743	-1.878	3.114592002e-10	6.71160008e-11	-6.7121899e-11
772.540	1.489	-1.846	3.813280135e-10	6.96387835e-11	-6.96474393e-11
775.961	2.183	-1.933	3.286899872e-10	6.62022011e-11	-6.62089802e-11
779.997	2.214	-1.853	3.116207879e-10	5.92583728e-11	-5.92654966e-11
783.860	1.804	-1.649	3.673243845e-10	6.98512719e-11	-6.98597362e-11
787.652	1.610	-1.988	3.212816948e-10	6.92332631e-11	-6.92396975e-11
791.081	2.352	-1.820	3.378107875e-10	6.12402829e-11	-6.12482493e-11
795.494	1.871	-2.061	3.137554384e-10	5.96633953e-11	-5.96700595e-11
799.090	2.079	-1.725	3.180869003e-10	6.3019969e-11	-6.30264034e-11
803.142	1.544	-1.973	3.700744011e-10	6.75829544e-11	-6.75909974e-11
806.521	1.852	-1.835	3.431345258e-10	6.52493737e-11	-6.52562677e-11
810.500	1.742	-2.127	3.222978704e-10	6.12871238e-11	-6.12935965e-11
814.113	1.712	-1.871	3.460785319e-10	6.7271269e-11	-6.7278163e-11
817.566	1.743	-1.740	3.335383842e-10	6.88918952e-11	-6.88981764e-11
820.947	2.835	-1.638	2.677460697e-10	5.30457298e-11	-5.3050862e-11
826.678	2.419	-2.897	2.117521591e-10	4.56298157e-11	-4.56336457e-11
831.538	2.819	-2.440	2.00485946e-10	4.71357717e-11	-4.7139257e-11
836.119	2.040	-1.762	3.580487756e-10	6.46796995e-11	-6.46878574e-11
840.632	2.069	-2.473	2.796321683e-10	5.10661943e-11	-5.10721308e-11
858.448	8.074	-6.970	1.991824438e-10	4.3709875e-11	-4.3709875e-11
873.532	8.034	-7.010	1.920746532e-10	4.29491987e-11	-4.29491987e-11
891.149	12.984	-9.582	1.317884999e-10	2.892051384e-11	-2.892051384e-11
913.012	8.671	-8.880	1.702565603e-10	3.722249844e-11	-3.722249844e-11
930.207	9.028	-8.523	1.713395694e-10	3.738936005e-11	-3.738936005e-11
944.586	7.186	-5.351	2.469157338e-10	5.28308285e-11	-5.28308285e-11
968.029	13.830	-16.258	9.3633542e-11	2.110248038e-11	-2.110248038e-11
995.996	13.443	-14.137	1.033015727e-10	2.314428785e-11	-2.314428785e-11
1020.580	11.426	-11.140	1.264739919e-10	2.833596775e-11	-2.833596775e-11
1055.253	26.898	-23.248	6.17780915e-11	1.331340938e-11	-1.331340938e-11
1104.634	22.649	-22.482	6.31518742e-11	1.417674883e-11	-1.417674883e-11
1150.320	17.081	-23.036	7.12679123e-11	1.6061871e-11	-1.6061871e-11
1203.167	49.483	-35.766	3.33602575e-11	7.5333802e-12	-7.5333802e-12
1290.666	37.203	-38.017	3.746219516e-11	8.47644493e-12	-8.47644493e-12
1373.550	39.568	-45.681	3.303874049e-11	7.47556252e-12	-7.47556252e-12
1446.355	49.504	-33.237	3.384487123e-11	7.68844158e-12	-7.68844158e-12
1563.049	70.713	-67.189	2.045398095e-11	4.63724527e-12	-4.63724527e-12
1694.102	54.997	-60.340	2.458742036e-11	5.51954705e-12	-5.51954705e-12
1819.458	42.470	-70.360	2.487936977e-11	5.66304183e-12	-5.66304183e-12
1933.381	48.898	-71.453	2.332708226e-11	5.30970901e-12	-5.30970901e-12
2037.025	58.084	-54.746	2.493608824e-11	5.63104218e-12	-5.63104218e-12
2185.735	74.857	-90.626	1.676055875e-11	3.83798555e-12	-3.83798555e-12
2368.673	87.477	-108.081	1.862794802e-11	3.726234576e-12	-3.726234576e-12
5970.104	29.363	-30.813	1.456443675e-11	3.270520877e-12	-3.270520877e-12
6024.129	43.035	-24.663	2.301745357e-11	5.16828626e-12	-5.16828626e-12
6091.972	20.324	-24.808	3.500816479e-11	7.83889547e-12	-7.83889547e-12
6155.998	46.561	-43.702	2.0133161e-11	4.21324129e-12	-4.21324129e-12
6250.521	39.794	-47.962	1.781778812e-11	4.01748616e-12	-4.01748616e-12
6329.527	28.487	-39.211	1.301136792e-11	2.930056091e-12	-2.930056091e-12
6400.781	37.466	-42.768	1.160448636e-11	2.539115735e-12	-2.539115735e-12
6471.946	31.492	-33.698	1.614962013e-11	3.533524296e-12	-3.533524296e-12
6535.129	33.499	-31.691	2.419243246e-11	5.43211198e-12	-5.43211198e-12
6613.453	47.946	-44.825	1.695421504e-11	3.801584464e-12	-3.801584464e-12
6692.963	41.148	-31.564	2.171151549e-11	4.86829768e-12	-4.86829768e-12
6791.839	47.579	-57.728	1.502177705e-11	3.37295461e-12	-3.37295461e-12
6875.970	51.205	-36.551	1.793888889e-11	4.02795738e-12	-4.02795738e-12
6984.765	45.210	-57.590	1.536992022e-11	3.455921219e-12	-3.455921219e-12
7062.413	37.767	-32.438	2.223461306e-11	5.00639982e-12	-5.00639982e-12
7149.634	30.779	-49.455	2.053208231e-11	4.50417958e-12	-4.50417958e-12
7209.602	30.987	-29.189	2.113588564e-11	4.73934924e-12	-4.73934924e-12
7263.011	32.740	-22.421	1.599930795e-11	3.597815825e-12	-3.597815825e-12
7324.065	29.354	-28.315	1.528971236e-11	3.443121359e-12	-3.443121359e-12
7379.105	21.953	-25.686	1.877206709e-11	4.19756127e-12	-4.19756127e-12
7433.447	27.786	-32.389	1.546082527e-11	3.396599881e-12	-3.396599881e-12
7490.053	23.834	-28.820	1.674333524e-11	3.765127843e-12	-3.765127843e-12
7555.975	35.639	-42.087	1.140205171e-11	2.556775865e-12	-2.556775865e-12
7663.235	53.746	-71.621	1.254306999e-11	2.836065593e-12	-2.836065593e-12
7754.626	30.052	-37.645	2.480617081e-11	5.43460531e-12	-5.43460531e-12
7818.372	51.555	-33.694	1.652443925e-11	3.70009023e-12	-3.70009023e-12
7912.136	43.040	-42.209	1.039463149e-11	2.334168988e-12	-2.334168988e-12
7980.174	30.163	-24.998	2.002554183e-11	4.38747182e-12	-4.38747182e-12
8080.097	112.456	-69.759	1.685654238e-11	2.95165078e-12	-2.95165078e-12
19444.567	33.608	-31.582	1.762027885e-11	3.95004369e-12	-3.95004369e-12
19571.188	90.020	-93.013	1.034156301e-11	2.12897827e-12	-2.12897827e-12
24146.373	54.685	-50.623	1.123594844e-11	2.515773417e-12	-2.515773417e-12
24256.827	42.016	-55.769	1.232966239e-11	2.764333523e-12	-2.764333523e-12
24358.492	63.209	-59.649	9.81009306e-12	2.214170492e-12	-2.214170492e-12
24480.324	111.875	-58.623	7.0372803e-12	1.588337385e-12	-1.588337385e-12
24660.224	87.428	-68.025	7.89616163e-12	1.775057545e-12	-1.775057545e-12
24815.369	70.186	-67.716	9.28045768e-12	2.038040665e-12	-2.038040665e-12
24946.321	79.643	-60.766	8.54202219e-12	1.927962252e-12	-1.927962252e-12
25094.140	54.683	-68.175	9.85404614e-12	2.212239023e-12	-2.212239023e-12
25266.050	125.161	-117.226	5.60904266e-12	1.271085846e-12	-1.271085846e-12
29522.726	52.134	-70.724	7.75925828e-12	1.703317432e-12	-1.703317432e-12
29613.714	43.888	-38.854	1.150507105e-11	2.513596445e-12	-2.513596445e-12
29723.029	69.965	-65.428	7.58990717e-12	1.587767098e-12	-1.587767098e-12
30667.751	54.794	-75.586	7.33575603e-12	1.660785282e-12	-1.660785282e-12
30832.089	70.984	-109.544	5.27174222e-12	1.183170877e-12	-1.183170877e-12
31002.809	132.702	-99.737	4.90175656e-12	1.075964198e-12	-1.075964198e-12
35065.335	60.818	-64.548	8.01339793e-12	1.805092022e-12	-1.805092022e-12
35230.294	61.342	-104.141	6.25387678e-12	1.374308942e-12	-1.374308942e-12
35373.848	58.198	-82.212	7.00256518e-12	1.569659624e-12	-1.569659624e-12
35492.583	47.278	-60.537	9.10260014e-12	2.042895956e-12	-2.042895956e-12
35621.942	95.938	-82.081	5.49240001e-12	1.240268517e-12	-1.240268517e-12
35790.436	92.927	-72.556	5.90950999e-12	1.331171269e-12	-1.331171269e-12
35945.777	57.937	-62.414	8.17203653e-12	1.831802442e-12	-1.831802442e-12
36088.189	50.920	-84.475	7.3022014e-12	1.638833254e-12	-1.638833254e-12
36248.130	76.521	-109.020	5.25891172e-12	1.183161302e-12	-1.183161302e-12
36417.881	109.863	-93.230	4.89616859e-12	1.096156724e-12	-1.096156724e-12
36585.269	62.827	-57.524	8.14933229e-12	1.833454321e-12	-1.833454321e-12
36739.973	137.957	-91.877	6.49463824e-12	1.262469878e-12	-1.262469878e-12
40950.028	115.821	-127.389	3.196221175e-12	8.30562693e-13	-8.30562693e-13
41162.162	187.014	-96.313	3.193653543e-12	7.79698378e-13	-7.79698378e-13
41523.777	136.306	-174.601	2.731305135e-12	6.89011638e-13	-6.89011638e-13
41788.154	102.602	-128.071	3.448864444e-12	8.96214255e-13	-8.96214255e-13
41997.705	133.754	-106.949	3.689664587e-12	9.0335529e-13	-9.0335529e-13
42348.472	256.863	-217.013	3.131912794e-12	5.98010838e-13	-5.98010838e-13
46347.425	91.675	-86.345	5.04242097e-12	1.128878329e-12	-1.128878329e-12
46526.965	52.545	-87.865	6.48292993e-12	1.458405018e-12	-1.458405018e-12
46654.079	80.884	-74.570	5.82434228e-12	1.308664274e-12	-1.308664274e-12
46818.300	94.683	-83.336	5.09370467e-12	1.147273436e-12	-1.147273436e-12
46975.526	65.330	-62.543	7.08641154e-12	1.594165113e-12	-1.594165113e-12
47147.386	73.996	-106.530	5.05129891e-12	1.134969944e-12	-1.134969944e-12
47300.845	68.469	-79.463	6.06151886e-12	1.368575815e-12	-1.368575815e-12
47491.772	63.084	-122.458	4.9042001e-12	1.099259024e-12	-1.099259024e-12
47628.930	81.380	-74.074	5.84797721e-12	1.317160746e-12	-1.317160746e-12
47816.948	93.948	-106.638	4.51655814e-12	1.016048827e-12	-1.016048827e-12
48068.593	278.911	-157.697	4.33191001e-12	7.49282816e-13	-7.49282816e-13
53352.774	66.084	-84.355	5.99295803e-12	1.348205577e-12	-1.348205577e-12
53489.221	92.613	-70.363	5.80741368e-12	1.274610212e-12	-1.274610212e-12
53775.397	311.477	-193.563	4.86648992e-12	8.39365948e-13	-8.39365948e-13
70432.022	124.277	-73.801	3.657226785e-12	8.95983689e-13	-8.95983689e-13
70645.399	121.515	-89.100	4.0809416e-12	9.19235619e-13	-9.19235619e-13
70853.647	93.794	-86.733	4.79227218e-12	1.079463669e-12	-1.079463669e-12
71067.008	175.547	-119.568	3.97541744e-12	8.02108857e-13	-8.02108857e-13
75888.478	106.437	-126.744	3.633381205e-12	8.87493728e-13	-8.87493728e-13
76108.682	126.935	-113.767	3.483038768e-12	8.51636502e-13	-8.51636502e-13
76329.107	114.617	-93.490	4.74518233e-12	1.06654393e-12	-1.06654393e-12
76727.214	305.412	-283.490	2.423320281e-12	4.70058964e-13	-4.70058964e-13
242411.234	562.916	-427.468	1.010682614e-12	2.194262535e-13	-2.194262535e-13
251082.083	3052.202	-3967.297	6.68447219e-13	1.314205135e-13	-1.314205135e-13
262240.255	2993.071	-3672.218	5.46535255e-13	1.123946055e-13	-1.123946055e-13
293856.972	837.199	-835.170	7.4252976e-13	1.508886716e-13	-1.508886716e-13
300068.887	4945.832	-1268.553	6.29449393e-13	1.335164427e-13	-1.335164427e-13
310969.106	585.344	-728.481	8.26549619e-13	1.753138455e-13	-1.753138455e-13
401275.490	13959.654	-9247.070	3.512881745e-13	8.49347311e-14	-8.49347311e-14
488960.069	10873.334	-22639.009	2.517138812e-13	6.72924489e-14	-6.72924489e-14
539168.864	2305.278	-4512.087	3.95961486e-13	1.050333072e-13	-1.050333072e-13
553794.737	4838.122	-6958.378	2.988098975e-13	6.89255609e-14	-6.89255609e-14
635616.169	14577.782	-14559.370	2.400129248e-13	5.50395895e-14	-5.50395895e-14
745970.772	25180.956	-27316.206	2.295359215e-13	5.25874703e-14	-5.25874703e-14
1011746.784	120967.570	-160985.819	9.94750197e-14	2.389970939e-14	-2.389970939e-14
1619241.804	246373.209	-309800.604	2.725430298e-14	7.72929236e-15	-7.72929236e-15