Time	T_+ve	T_-ve	Flux	Fluxpos	Fluxneg
464.904682530298	0.221319440572472	-0.308849543569465	3.22721824772371e-09	4.8109224812297e-10	-4.81098363205392e-10
465.495981479223	0.384341530371046	-0.369979508352003	3.98081967206339e-09	5.10467957006643e-10	-5.26997586410056e-10
466.209850540598	0.261133458280369	-0.329527531003635	4.49280764794851e-09	5.45394235757874e-10	-5.45862677997242e-10
466.766477001773	0.213332001205856	-0.295493002895114	3.50640378444523e-09	5.23145793626732e-10	-5.23200934044889e-10
467.274399023114	0.226694977328805	-0.294590020135217	3.4957311429738e-09	5.22525050997015e-10	-5.22546497142924e-10
467.840079533906	0.324571459543506	-0.338985533463472	4.22507332383809e-09	5.16018339059326e-10	-5.16528487341981e-10
468.489960652349	0.347202335939812	-0.325309658899187	4.23005339953981e-09	5.18895709812803e-10	-5.20994507261031e-10
469.162944105013	0.361080875157882	-0.325781116724102	4.31375837507266e-09	5.39505992001294e-10	-5.51008179825346e-10
469.887508996044	0.360557982514024	-0.363484015872984	3.08590717800562e-09	4.95214728435688e-10	-5.17277278802472e-10
470.748955581073	0.488279445390049	-0.500888602514976	4.20096727628934e-09	7.26576482969673e-10	-6.96398994591033e-10
472.161567137626	0.946385874363727	-0.924332111163267	4.27275776564914e-09	5.71807060477083e-10	-5.06022111000826e-10
481.471	0.877	-0.657	4.4656558e-09	5.5448348e-10	-5.6012339e-10
483.102	0.796	-0.754	4.419502e-09	5.4874996e-10	-5.5433252e-10
484.648	0.585	-0.751	3.47594687e-09	5.1905265e-10	-5.2271861e-10
485.799	0.724	-0.566	3.60054141e-09	5.3787566e-10	-5.413248e-10
487.310	0.872	-0.786	2.72090674e-09	4.2654377e-10	-4.2618635e-10
489.009	0.916	-0.827	3.9279755e-09	5.2870225e-10	-5.0265092e-10
490.638	0.803	-0.713	2.98206828e-09	5.0347824e-10	-4.6837819e-10
492.317	0.721	-0.876	2.3235186e-09	4.1247526e-10	-3.69336849e-10
493.938	0.778	-0.899	2.2446531e-09	4.1581969e-10	-3.56093735e-10
495.419	0.978	-0.703	2.2399356e-09	4.4528649e-10	-3.63618758e-10
497.270	0.581	-0.872	2.47994831e-09	5.5069764e-10	-4.3703586e-10
498.515	0.610	-0.664	2.95630407e-09	6.6464802e-10	-5.1134e-10
499.603	0.637	-0.479	3.37598212e-09	7.7150143e-10	-5.9284434e-10
500.814	0.591	-0.574	3.13941078e-09	7.3235432e-10	-5.6949549e-10
502.090	0.559	-0.684	2.78204295e-09	6.5062243e-10	-5.0639791e-10
503.307	0.561	-0.658	4.1114104e-09	8.8428557e-10	-6.459423e-10
504.417	0.570	-0.549	4.3907345e-09	9.5475244e-10	-7.0420176e-10
505.559	0.665	-0.572	4.012946e-09	8.7103254e-10	-6.4240843e-10
506.871	0.562	-0.648	4.1420612e-09	8.9732363e-10	-6.6300337e-10
508.056	0.697	-0.623	3.58716665e-09	7.8763454e-10	-5.9069279e-10
509.345	0.546	-0.592	4.3578859e-09	9.4956948e-10	-7.1303218e-10
510.471	0.623	-0.580	4.1660668e-09	9.0287326e-10	-6.8365825e-10
511.696	0.562	-0.601	4.1812479e-09	9.1457673e-10	-7.0947093e-10
512.756	0.476	-0.498	4.8115281e-09	1.0521505e-09	-8.2973314e-10
513.666	0.499	-0.435	5.0212034e-09	1.08193402e-09	-8.5974421e-10
514.788	0.605	-0.623	3.7451252e-09	8.105109e-10	-6.539343e-10
515.899	0.396	-0.506	3.6242721e-09	8.2864867e-10	-6.8926893e-10
516.732	0.447	-0.437	3.61555379e-09	8.2995588e-10	-6.9311915e-10
517.678	0.556	-0.499	4.5331327e-09	9.5958353e-10	-7.7258997e-10
518.786	0.467	-0.552	4.646053e-09	9.8615693e-10	-7.983823e-10
519.745	0.451	-0.492	3.39043469e-09	7.7465013e-10	-6.5237771e-10
520.647	0.451	-0.451	3.41896835e-09	8.0229986e-10	-6.8677624e-10
521.570	0.442	-0.471	3.3789769e-09	7.9071812e-10	-6.799675e-10
522.553	0.465	-0.542	4.7035658e-09	9.8517273e-10	-8.1614859e-10
523.419	0.538	-0.401	3.64789771e-09	8.0478663e-10	-6.8609692e-10
524.395	0.486	-0.437	3.45740432e-09	7.7171973e-10	-6.6377667e-10
525.290	0.518	-0.409	3.44414278e-09	7.7010505e-10	-6.6060651e-10
526.418	0.693	-0.610	3.54493041e-09	7.4492211e-10	-6.197981e-10
527.643	0.514	-0.533	2.92108155e-09	6.7395056e-10	-5.7878212e-10
528.652	0.566	-0.496	3.54499738e-09	7.8075291e-10	-6.5556711e-10
529.605	0.540	-0.387	3.24765539e-09	7.5727715e-10	-6.509817e-10
530.532	0.495	-0.387	3.35973283e-09	7.8754463e-10	-6.8377147e-10
531.501	0.512	-0.473	3.05414576e-09	7.0548862e-10	-6.1541212e-10
532.577	0.416	-0.564	3.21014405e-09	7.1701893e-10	-6.2579839e-10
533.458	0.420	-0.465	3.38170491e-09	7.8280123e-10	-6.9614575e-10
534.434	0.645	-0.556	3.9622671e-09	8.0217813e-10	-6.8729054e-10
535.591	0.506	-0.512	3.00643204e-09	6.846739e-10	-5.9975335e-10
536.594	0.520	-0.498	3.56476685e-09	7.8539863e-10	-6.7037303e-10
537.666	0.549	-0.552	2.36409761e-09	6.0756627e-10	-5.3754377e-10
538.777	0.588	-0.562	2.42396435e-09	5.9874917e-10	-5.1694291e-10
539.996	0.536	-0.631	2.62142003e-09	6.1389438e-10	-5.136858e-10
541.113	0.476	-0.581	3.02447324e-09	6.9311804e-10	-5.6940521e-10
542.219	0.609	-0.631	3.69070523e-09	8.0155616e-10	-6.3384256e-10
543.512	0.477	-0.683	2.63750467e-09	6.2361058e-10	-5.1114575e-10
544.504	0.532	-0.516	3.07528534e-09	7.1046697e-10	-5.7272411e-10
545.674	0.606	-0.637	2.59612461e-09	6.0499625e-10	-4.888033e-10
546.745	0.461	-0.464	3.23721436e-09	7.884922e-10	-6.5011627e-10
547.908	0.843	-0.703	1.9371461e-09	4.7206598e-10	-3.8865022e-10
549.434	0.586	-0.682	2.50830844e-09	5.9040493e-10	-4.7644641e-10
550.449	0.498	-0.429	3.28140938e-09	7.9314236e-10	-6.4777602e-10
551.818	0.835	-0.871	1.8374829e-09	4.3660925e-10	-3.52640081e-10
553.182	0.481	-0.529	3.19487933e-09	7.4704998e-10	-5.9668346e-10
554.304	0.600	-0.640	2.64123575e-09	6.1313477e-10	-4.8584922e-10
555.371	0.611	-0.467	3.04078765e-09	7.2398936e-10	-5.7708567e-10
556.524	0.564	-0.543	3.03131676e-09	7.338173e-10	-5.8596012e-10
557.834	0.861	-0.746	1.88137119e-09	4.8858944e-10	-4.0318641e-10
559.346	0.521	-0.651	2.90505019e-09	6.9018024e-10	-5.4281146e-10
560.790	0.611	-0.923	2.12012442e-09	5.186401e-10	-4.1486102e-10
562.013	0.587	-0.612	2.92641917e-09	6.8525221e-10	-5.3368023e-10
563.306	0.641	-0.706	2.5289611e-09	6.0345076e-10	-4.7556396e-10
564.598	0.623	-0.651	2.59292263e-09	6.3088145e-10	-5.0302166e-10
565.699	0.623	-0.478	3.26540318e-09	7.5491618e-10	-5.8316699e-10
566.998	0.696	-0.676	2.41204295e-09	5.7686034e-10	-4.5548517e-10
568.337	0.661	-0.644	2.6525522e-09	6.1886237e-10	-4.8125789e-10
569.648	0.700	-0.650	2.37629799e-09	5.7943924e-10	-4.6306684e-10
571.023	0.668	-0.675	2.50092768e-09	5.9407607e-10	-4.6784132e-10
572.231	0.521	-0.540	3.12063476e-09	7.4817219e-10	-5.9294461e-10
573.367	0.566	-0.615	2.8433834e-09	6.7614836e-10	-5.3372648e-10
2045.138	0.525	-0.667	4.0363929e-09	8.6593912e-10	-6.7781928e-10
2046.261	0.436	-0.598	4.5195352e-09	9.808626e-10	-7.7694376e-10
2047.226	0.421	-0.529	3.33631553e-09	7.7818955e-10	-6.4265337e-10
2048.103	0.500	-0.456	3.44228871e-09	7.9140669e-10	-6.5114154e-10
2049.191	0.580	-0.589	3.61994643e-09	7.8958148e-10	-6.3515236e-10
2050.338	0.575	-0.567	4.1717648e-09	8.9167558e-10	-7.1223409e-10
2051.449	0.482	-0.535	4.6821243e-09	9.9911581e-10	-8.006911e-10
2052.486	0.598	-0.555	4.0522363e-09	8.7112467e-10	-7.0384027e-10
2053.562	0.499	-0.478	4.8306201e-09	1.03207134e-09	-8.3435074e-10
2054.557	0.459	-0.497	5.0676717e-09	1.07534876e-09	-8.6539337e-10
2055.642	0.628	-0.626	3.8733709e-09	8.2839485e-10	-6.6084553e-10
2056.823	0.586	-0.553	4.2667623e-09	9.1688701e-10	-7.2400194e-10
2057.891	0.464	-0.482	3.46471478e-09	8.0464825e-10	-6.5593008e-10
2058.905	0.543	-0.549	4.534498e-09	9.7306633e-10	-7.5077588e-10
2059.942	0.533	-0.494	4.5939311e-09	1.00910544e-09	-7.8605131e-10
2060.975	0.653	-0.500	3.3028679e-09	7.6435303e-10	-6.1254906e-10
2062.107	0.611	-0.480	4.3676576e-09	9.5666497e-10	-7.388382e-10
2063.215	0.565	-0.497	3.54979628e-09	8.0257181e-10	-6.3077119e-10
2064.308	0.424	-0.528	5.0543998e-09	1.10350761e-09	-8.4578115e-10
2065.259	0.478	-0.527	3.21529704e-09	7.5740739e-10	-6.0953726e-10
2066.200	0.444	-0.463	3.6153403e-09	8.4424195e-10	-6.7774602e-10
2067.237	0.535	-0.593	4.3085908e-09	9.3489824e-10	-7.1939507e-10
2068.423	0.637	-0.651	3.8098641e-09	8.2239012e-10	-6.3301561e-10
2069.585	0.531	-0.524	4.6064186e-09	9.9794069e-10	-7.7182888e-10
2070.703	0.581	-0.588	4.1576974e-09	9.0104657e-10	-6.9613391e-10
2071.834	0.618	-0.549	4.2047133e-09	9.0770102e-10	-6.984934e-10
2073.014	0.430	-0.562	3.37884222e-09	7.8435782e-10	-6.303135e-10
2073.891	0.489	-0.447	5.1932645e-09	1.12657859e-09	-8.6763002e-10
2074.869	0.413	-0.489	3.63671779e-09	8.4864643e-10	-6.8285498e-10
2075.901	0.443	-0.619	4.617082e-09	9.9778603e-10	-7.6509488e-10
2076.839	0.464	-0.495	5.036514e-09	1.08862288e-09	-8.3422457e-10
2077.924	0.572	-0.620	3.9341545e-09	8.6161049e-10	-6.6571732e-10
2078.990	0.513	-0.494	4.796347e-09	1.03710852e-09	-7.9365185e-10
2080.067	0.483	-0.565	4.5643903e-09	9.9102354e-10	-7.6091499e-10
2081.178	0.639	-0.628	3.60349142e-09	7.8862984e-10	-6.0939481e-10
2082.361	0.507	-0.544	4.5489243e-09	9.872155e-10	-7.5921595e-10
2083.441	0.476	-0.573	4.5567239e-09	9.8867996e-10	-7.6094348e-10
2084.528	0.559	-0.610	4.1719794e-09	8.9760742e-10	-6.8700675e-10
2085.568	0.490	-0.481	4.9238379e-09	1.06856407e-09	-8.2181884e-10
2086.585	0.471	-0.527	4.7439735e-09	1.03427062e-09	-7.970429e-10
2087.584	0.570	-0.528	4.3989855e-09	9.4726031e-10	-7.2281128e-10
2088.711	0.646	-0.557	3.8610869e-09	8.4598391e-10	-6.5258454e-10
2089.939	0.436	-0.582	3.09598499e-09	7.2847968e-10	-5.8852422e-10
2090.742	0.388	-0.368	6.2025949e-09	1.35002566e-09	-1.04607695e-09
2091.637	0.497	-0.506	4.8122681e-09	1.03241396e-09	-7.9714946e-10
2092.573	0.447	-0.439	3.6605506e-09	8.4382755e-10	-6.8411187e-10
2093.566	0.582	-0.546	4.1989857e-09	9.0436362e-10	-7.1040037e-10
2094.680	0.627	-0.533	4.122873e-09	8.829384e-10	-6.9400641e-10
2095.877	0.619	-0.569	4.02412e-09	8.625662e-10	-6.7657016e-10
2097.090	0.595	-0.594	3.9462461e-09	8.5403437e-10	-6.7200214e-10
2098.148	0.511	-0.464	3.23695425e-09	7.5753726e-10	-6.2096915e-10
2099.204	0.387	-0.544	3.39163497e-09	7.9412434e-10	-6.5020988e-10
2100.058	0.414	-0.468	3.62875909e-09	8.4213369e-10	-6.8769384e-10
2101.100	0.652	-0.628	3.7449106e-09	8.0288557e-10	-6.2944289e-10
2102.271	0.459	-0.520	3.17780309e-09	7.4818255e-10	-6.1930304e-10
2103.174	0.536	-0.444	3.29290713e-09	7.6400412e-10	-6.2957276e-10
2104.181	0.415	-0.471	3.561879e-09	8.2972981e-10	-6.8707335e-10
2105.145	0.487	-0.548	4.671102e-09	9.9306631e-10	-7.8394564e-10
2106.157	0.491	-0.525	4.7611119e-09	1.01229595e-09	-7.9896542e-10
2107.198	0.499	-0.551	3.05066258e-09	7.0475639e-10	-5.8129553e-10
2108.206	0.425	-0.509	3.48203707e-09	7.9798825e-10	-6.5555601e-10
2109.214	0.528	-0.582	4.3340764e-09	9.257918e-10	-7.3188368e-10
2110.285	0.449	-0.543	3.55821267e-09	8.0998328e-10	-6.6147527e-10
2111.392	0.571	-0.657	3.8436784e-09	8.2989409e-10	-6.5658091e-10
2112.429	0.437	-0.467	3.58751445e-09	8.3380425e-10	-6.8450592e-10
2113.417	0.641	-0.551	4.0365039e-09	8.6562462e-10	-6.7821333e-10
2114.494	0.420	-0.436	5.5681744e-09	1.20012349e-09	-9.4110832e-10
2115.414	0.534	-0.500	3.18173582e-09	7.3461687e-10	-5.9881318e-10
2116.439	0.414	-0.492	3.50040387e-09	8.1886513e-10	-6.7186598e-10
2117.447	0.618	-0.594	3.9328891e-09	8.4763411e-10	-6.6475495e-10
2118.647	0.442	-0.582	4.5997882e-09	9.956996e-10	-7.830421e-10
2119.700	0.651	-0.611	3.7493173e-09	8.0411286e-10	-6.2987653e-10
2120.876	0.622	-0.525	4.0814811e-09	8.7771955e-10	-6.919407e-10
2122.087	0.521	-0.589	4.1776774e-09	9.0076981e-10	-7.1483815e-10
2123.115	0.363	-0.507	3.63385917e-09	8.3904308e-10	-6.9280724e-10
2124.068	0.526	-0.589	4.1986416e-09	8.987226e-10	-7.1572726e-10
2125.073	0.526	-0.479	4.7504115e-09	1.00872656e-09	-7.9833309e-10
2126.094	0.461	-0.495	4.9982079e-09	1.06273879e-09	-8.3872155e-10
2127.169	0.462	-0.614	4.3513998e-09	9.3443352e-10	-7.3902394e-10
2128.197	0.454	-0.566	4.6392043e-09	9.931281e-10	-7.8131383e-10
2129.181	0.473	-0.531	4.6220437e-09	9.9897854e-10	-7.8849331e-10
2130.276	0.410	-0.622	4.6100816e-09	9.9079562e-10	-7.8216039e-10
2131.179	0.642	-0.493	3.9902465e-09	8.764893e-10	-7.0324827e-10
2132.288	0.483	-0.467	4.9142105e-09	1.06230959e-09	-8.4878888e-10
2133.250	0.353	-0.479	5.6072168e-09	1.21028073e-09	-9.7006785e-10
2134.167	0.508	-0.563	4.4025338e-09	9.4434804e-10	-7.5757315e-10
2135.145	0.681	-0.470	4.2176041e-09	8.9092485e-10	-7.1259373e-10
2136.381	0.440	-0.556	4.8261912e-09	1.02047517e-09	-8.2333954e-10
2137.367	0.515	-0.546	4.5346349e-09	9.5624058e-10	-7.7534906e-10
2138.441	0.455	-0.559	4.7414316e-09	9.9679961e-10	-8.1264654e-10
2139.446	0.646	-0.550	3.9828428e-09	8.4032661e-10	-6.876524e-10
2140.624	0.514	-0.532	4.5934649e-09	9.7052591e-10	-7.8412361e-10
2141.695	0.500	-0.557	4.4577119e-09	9.5541252e-10	-7.6766009e-10
2142.818	0.517	-0.623	4.1715761e-09	8.9441728e-10	-7.0976175e-10
2143.973	0.488	-0.638	4.2655635e-09	9.1459671e-10	-7.1682986e-10
2144.959	0.526	-0.497	4.6958883e-09	1.00643145e-09	-7.8963957e-10
2146.138	0.704	-0.653	3.41311421e-09	7.3199246e-10	-5.7915582e-10
2147.358	0.514	-0.516	4.6182734e-09	9.8815937e-10	-7.8758348e-10
2148.306	0.399	-0.434	5.6578217e-09	1.21266131e-09	-9.7432618e-10
2149.181	0.465	-0.476	5.1041611e-09	1.08113593e-09	-8.6939381e-10
2150.254	0.436	-0.608	4.5553771e-09	9.6223828e-10	-7.8578861e-10
2151.179	0.470	-0.489	4.9232866e-09	1.02375596e-09	-8.4216107e-10
2152.098	0.503	-0.449	4.775146e-09	9.9406827e-10	-8.315787e-10
2153.074	0.504	-0.473	4.6533975e-09	9.600242e-10	-8.1416391e-10
2154.081	0.514	-0.504	4.5099818e-09	9.1812799e-10	-7.8699e-10
2155.184	0.513	-0.589	4.2078472e-09	8.5769256e-10	-7.2774153e-10
2156.165	0.475	-0.468	4.8201972e-09	9.9953761e-10	-8.4120499e-10
2157.080	0.385	-0.441	5.5058257e-09	1.14991782e-09	-9.5702905e-10
2157.949	0.503	-0.484	4.6731185e-09	9.7983474e-10	-8.0554587e-10
2158.963	0.542	-0.511	4.3575344e-09	9.1830485e-10	-7.4544048e-10
2160.062	0.618	-0.557	3.9464533e-09	8.3167416e-10	-6.6823443e-10
2161.178	0.521	-0.498	4.4584741e-09	9.5051113e-10	-7.6312093e-10
2162.036	0.372	-0.336	6.6118186e-09	1.40050809e-09	-1.1141033e-09
2162.898	0.379	-0.491	3.56638079e-09	8.2280637e-10	-6.8049808e-10
2163.878	0.526	-0.600	3.9220999e-09	8.5729629e-10	-6.8609988e-10
2164.921	0.471	-0.518	4.6922771e-09	1.00120187e-09	-7.9335955e-10
2165.870	0.393	-0.477	3.51472361e-09	8.1567018e-10	-6.8048476e-10
2166.774	0.402	-0.511	4.9379201e-09	1.05986056e-09	-8.5888174e-10
2167.613	0.509	-0.437	4.7615707e-09	1.01839984e-09	-8.3068663e-10
2168.602	0.351	-0.480	5.6404946e-09	1.17955408e-09	-9.6106871e-10
2169.417	0.481	-0.464	4.8181141e-09	1.01953426e-09	-8.3853581e-10
2170.507	0.444	-0.610	4.3642869e-09	9.2711603e-10	-7.4939911e-10
2171.346	0.405	-0.395	5.685457e-09	1.22098779e-09	-9.7710562e-10
2172.207	0.528	-0.455	3.45858351e-09	7.9572977e-10	-6.5180643e-10
2173.131	0.557	-0.396	4.9114947e-09	1.0609972e-09	-8.2709245e-10
2174.181	0.561	-0.492	4.4903385e-09	9.6949694e-10	-7.4565249e-10
2175.348	0.496	-0.606	4.2114547e-09	9.1561976e-10	-7.1181969e-10
2176.359	0.538	-0.515	4.4903348e-09	9.6518348e-10	-7.5185258e-10
2177.432	0.443	-0.536	4.7864754e-09	1.02978067e-09	-8.1097636e-10
2178.323	0.453	-0.448	5.253519e-09	1.12187293e-09	-8.8741688e-10
2179.169	0.377	-0.393	6.1986877e-09	1.3138589e-09	-1.04377407e-09
2179.949	0.419	-0.403	5.8096216e-09	1.22971239e-09	-9.7964456e-10
2180.763	0.432	-0.396	5.6615143e-09	1.20728965e-09	-9.6881429e-10
2181.707	0.538	-0.512	4.5055566e-09	9.5528561e-10	-7.6676506e-10
2182.703	0.395	-0.459	5.5821604e-09	1.17675318e-09	-9.44943e-10
2183.526	0.415	-0.427	3.54357806e-09	8.1180627e-10	-6.8044591e-10
2184.489	0.492	-0.549	4.24464e-09	8.9798001e-10	-7.3132091e-10
2185.561	0.540	-0.580	3.9029228e-09	8.1955481e-10	-6.8263335e-10
2186.617	0.614	-0.516	3.59156521e-09	7.5077218e-10	-6.4013256e-10
2187.613	0.417	-0.381	5.476259e-09	1.11970695e-09	-9.7008524e-10
2188.528	0.488	-0.498	4.525988e-09	9.0344454e-10	-7.9512815e-10
2189.614	0.607	-0.598	3.64788661e-09	7.2636254e-10	-6.4429025e-10
2190.759	0.435	-0.538	2.97543899e-09	6.6720657e-10	-5.9712672e-10
2191.719	0.441	-0.525	4.4389048e-09	9.240676e-10	-7.9452098e-10
2192.540	0.452	-0.380	3.37403925e-09	7.8541602e-10	-6.8913721e-10
2193.467	0.472	-0.475	4.7364662e-09	9.9213391e-10	-8.2179405e-10
2194.414	0.517	-0.476	4.835863e-09	1.01657907e-09	-8.2887696e-10
2195.376	0.484	-0.444	5.2192829e-09	1.09442411e-09	-8.8747127e-10
2196.334	0.478	-0.473	5.0436624e-09	1.06389726e-09	-8.6218288e-10
2197.190	0.424	-0.378	5.9251726e-09	1.25706131e-09	-1.01859594e-09
2198.046	0.423	-0.431	5.5673567e-09	1.18271425e-09	-9.5600526e-10
2198.978	0.537	-0.509	4.6335063e-09	9.772995e-10	-7.8397265e-10
2200.016	0.464	-0.502	4.9693516e-09	1.05456549e-09	-8.4498232e-10
2200.977	0.448	-0.497	5.081654e-09	1.08030713e-09	-8.6258581e-10
2201.884	0.482	-0.459	5.1008681e-09	1.08625303e-09	-8.6431741e-10
2202.751	0.411	-0.384	6.0366018e-09	1.287415e-09	-1.02123996e-09
2203.612	0.473	-0.450	5.2495082e-09	1.11627631e-09	-8.8078981e-10
2204.522	0.405	-0.436	5.7224052e-09	1.22922214e-09	-9.7150641e-10
2205.380	0.413	-0.454	5.5947737e-09	1.203721e-09	-9.4790707e-10
2206.231	0.489	-0.438	5.2296651e-09	1.12676618e-09	-8.8432664e-10
2207.182	0.449	-0.462	5.4256726e-09	1.16100043e-09	-9.0271305e-10
2208.175	0.533	-0.544	4.4595656e-09	9.680236e-10	-7.5592036e-10
2209.168	0.502	-0.461	5.0856315e-09	1.09562809e-09	-8.4828605e-10
2210.090	0.431	-0.420	5.6444647e-09	1.22549069e-09	-9.5641929e-10
2210.945	0.457	-0.425	5.5469216e-09	1.19224545e-09	-9.2885873e-10
2211.804	0.448	-0.401	5.5446646e-09	1.2111506e-09	-9.5777053e-10
2212.640	0.393	-0.388	6.2671192e-09	1.34274813e-09	-1.05431389e-09
2213.429	0.354	-0.396	6.519733e-09	1.39460622e-09	-1.09910757e-09
2214.127	0.313	-0.344	7.528242e-09	1.60122606e-09	-1.26276782e-09
2214.881	0.459	-0.441	5.1690517e-09	1.11198912e-09	-8.9717378e-10
2215.800	0.353	-0.460	5.6889831e-09	1.18806926e-09	-9.6472431e-10
2216.519	0.371	-0.366	6.068851e-09	1.2710758e-09	-1.0530311e-09
2217.218	0.321	-0.328	6.8835392e-09	1.42869765e-09	-1.20068219e-09
2217.976	0.454	-0.437	4.867979e-09	1.01523856e-09	-8.7066254e-10
2218.790	0.405	-0.360	5.671878e-09	1.16805485e-09	-1.01949689e-09
2219.608	0.395	-0.413	5.4801033e-09	1.11521441e-09	-9.7242993e-10
2220.492	0.445	-0.489	4.7856984e-09	9.8042193e-10	-8.3995735e-10
2221.428	0.483	-0.491	4.5483508e-09	9.4755113e-10	-7.9908974e-10
2222.324	0.437	-0.414	5.2562607e-09	1.10121435e-09	-9.1185279e-10
2223.165	0.398	-0.405	5.4076758e-09	1.15882409e-09	-9.5214838e-10
2223.974	0.381	-0.411	5.7564341e-09	1.21536342e-09	-9.7301083e-10
2224.847	0.351	-0.492	5.3007162e-09	1.1298764e-09	-9.0743499e-10
2225.668	0.434	-0.470	4.8939863e-09	1.05583496e-09	-8.5703544e-10
2226.450	0.517	-0.348	5.4011194e-09	1.14724716e-09	-9.2756299e-10
2227.500	0.446	-0.534	4.6244487e-09	9.9346887e-10	-8.127346e-10
2228.486	0.489	-0.539	4.6105404e-09	9.7166366e-10	-7.9184107e-10
2229.317	0.402	-0.342	6.3411192e-09	1.33119599e-09	-1.08798352e-09
2230.077	0.361	-0.358	6.5608622e-09	1.37585684e-09	-1.12655417e-09
2230.861	0.473	-0.424	5.259106e-09	1.10136198e-09	-9.0390112e-10
2231.775	0.385	-0.441	5.5466885e-09	1.17594214e-09	-9.7391178e-10
2232.533	0.358	-0.373	6.3868179e-09	1.33989506e-09	-1.10708329e-09
2233.316	0.304	-0.425	6.1522453e-09	1.31385076e-09	-1.09739632e-09
2233.996	0.411	-0.376	5.8228787e-09	1.23004132e-09	-1.02477457e-09
2234.796	0.341	-0.389	6.4648583e-09	1.34960386e-09	-1.11348429e-09
2235.605	0.378	-0.469	5.460719e-09	1.154585e-09	-9.5092553e-10
2236.379	0.501	-0.396	5.1710793e-09	1.09238356e-09	-8.9199008e-10
2237.360	0.477	-0.480	4.7927395e-09	1.01643847e-09	-8.2415761e-10
2238.226	0.415	-0.389	5.7047377e-09	1.21405547e-09	-9.7803691e-10
2239.043	0.436	-0.402	5.421018e-09	1.16210229e-09	-9.3339123e-10
2240.046	0.581	-0.567	3.9586004e-09	8.4718937e-10	-6.8267664e-10
2241.102	0.526	-0.475	4.5799044e-09	9.7229858e-10	-7.8687715e-10
2242.163	0.501	-0.535	4.4737255e-09	9.4204701e-10	-7.6580232e-10
2243.079	0.419	-0.415	5.4443021e-09	1.1528978e-09	-9.4703276e-10
2243.831	0.428	-0.333	6.1422035e-09	1.27917362e-09	-1.04963672e-09
2244.841	0.486	-0.582	4.297476e-09	9.0399103e-10	-7.4357013e-10
2245.858	0.488	-0.531	4.4560173e-09	9.4551983e-10	-7.7396933e-10
2246.788	0.526	-0.442	4.7731924e-09	1.01176981e-09	-8.2114655e-10
2247.769	0.508	-0.455	4.9389709e-09	1.05071527e-09	-8.4702176e-10
2248.625	0.395	-0.349	6.3921792e-09	1.3637312e-09	-1.09334482e-09
2249.392	0.328	-0.371	6.8652168e-09	1.46166391e-09	-1.16354418e-09
2250.136	0.420	-0.417	5.6294205e-09	1.21031921e-09	-9.6637414e-10
2250.860	0.391	-0.305	6.9003409e-09	1.47200985e-09	-1.16702292e-09
2251.680	0.387	-0.428	5.662998e-09	1.23110988e-09	-9.8413118e-10
2252.405	0.288	-0.339	7.590846e-09	1.62939712e-09	-1.289857e-09
2253.088	0.371	-0.396	6.3206175e-09	1.34624611e-09	-1.05841201e-09
2253.801	0.372	-0.342	6.7933887e-09	1.44830543e-09	-1.13621783e-09
2254.530	0.397	-0.357	6.4248391e-09	1.37064872e-09	-1.07363196e-09
2255.327	0.465	-0.400	5.4977967e-09	1.18385385e-09	-9.3042605e-10
2256.240	0.388	-0.448	5.7404982e-09	1.23175331e-09	-9.6373715e-10
2257.132	0.385	-0.504	5.3960615e-09	1.15870199e-09	-9.0493712e-10
2257.908	0.452	-0.390	5.5432919e-09	1.18617671e-09	-9.2228494e-10
2258.776	0.487	-0.417	4.792684e-09	1.04894667e-09	-8.254663e-10
2259.682	0.357	-0.419	5.7526453e-09	1.23839518e-09	-9.7379079e-10
2260.406	0.291	-0.368	7.0143971e-09	1.48281089e-09	-1.17668436e-09
2261.079	0.361	-0.382	5.8246732e-09	1.25412536e-09	-1.02169802e-09
2261.798	0.279	-0.358	7.1428611e-09	1.48801642e-09	-1.22029219e-09
2262.486	0.379	-0.409	5.6618584e-09	1.17856359e-09	-9.8600375e-10
2263.164	0.287	-0.299	7.698146e-09	1.57898092e-09	-1.33886942e-09
2263.824	0.383	-0.373	5.9015444e-09	1.20090012e-09	-1.03856114e-09
2264.563	0.343	-0.356	6.4444158e-09	1.30077089e-09	-1.1282299e-09
2265.282	0.307	-0.376	6.4678405e-09	1.32731728e-09	-1.14418689e-09
2265.949	0.372	-0.359	5.9833403e-09	1.24123974e-09	-1.06299705e-09
2266.697	0.365	-0.376	6.0735167e-09	1.24996545e-09	-1.05459583e-09
2267.442	0.325	-0.379	6.3337525e-09	1.31803731e-09	-1.10325009e-09
2268.152	0.320	-0.385	6.4575989e-09	1.3388265e-09	-1.10675436e-09
2268.748	0.363	-0.276	7.4574573e-09	1.56149435e-09	-1.28186278e-09
2269.461	0.402	-0.350	6.2783154e-09	1.32475355e-09	-1.0839298e-09
2270.245	0.378	-0.382	6.2196223e-09	1.31299421e-09	-1.07341699e-09
2270.986	0.348	-0.363	6.6393022e-09	1.4020891e-09	-1.14554368e-09
2271.591	0.271	-0.257	9.0291581e-09	1.89882224e-09	-1.54716721e-09
2272.243	0.324	-0.381	6.4443085e-09	1.38766095e-09	-1.14301621e-09
2272.871	0.279	-0.304	8.1758567e-09	1.72046411e-09	-1.4002724e-09
2273.528	0.429	-0.377	5.8626278e-09	1.23958806e-09	-1.01059284e-09
2274.287	0.369	-0.330	6.8895887e-09	1.44359496e-09	-1.17215741e-09
2274.998	0.259	-0.342	7.8571535e-09	1.65554169e-09	-1.35789334e-09
2275.607	0.360	-0.349	6.7209538e-09	1.40564924e-09	-1.15618488e-09
2276.397	0.383	-0.430	5.8996352e-09	1.23006241e-09	-1.02069421e-09
2277.123	0.340	-0.343	6.9159845e-09	1.44061609e-09	-1.20401219e-09
2277.785	0.325	-0.321	7.4989935e-09	1.54367256e-09	-1.29518537e-09
2278.533	0.392	-0.424	5.67284e-09	1.18261139e-09	-1.00557342e-09
2279.272	0.355	-0.346	6.5955201e-09	1.34931378e-09	-1.14850146e-09
2280.082	0.419	-0.456	4.9866158e-09	1.0379462e-09	-8.9267791e-10
2280.872	0.405	-0.370	5.6586875e-09	1.17754535e-09	-1.01628048e-09
2281.551	0.335	-0.273	7.4625078e-09	1.51772187e-09	-1.30274484e-09
2282.391	0.480	-0.505	4.6317081e-09	9.4147758e-10	-8.1136708e-10
2283.248	0.385	-0.376	5.7900708e-09	1.18951892e-09	-1.03272032e-09
2284.030	0.311	-0.397	6.2884423e-09	1.2828233e-09	-1.11496762e-09
2284.609	0.248	-0.268	8.8857535e-09	1.791725e-09	-1.54375803e-09
2285.200	0.364	-0.343	6.2420813e-09	1.29090336e-09	-1.11043475e-09
2285.904	0.362	-0.340	6.3362019e-09	1.31291577e-09	-1.11621304e-09
2286.628	0.430	-0.362	5.7352331e-09	1.18481437e-09	-9.9391842e-10
2287.414	0.402	-0.356	5.9910178e-09	1.24647894e-09	-1.03404973e-09
2288.182	0.378	-0.366	5.9287135e-09	1.25868783e-09	-1.03997824e-09
2288.970	0.411	-0.411	5.3105138e-09	1.13966216e-09	-9.340539e-10
2289.824	0.274	-0.443	6.4986726e-09	1.38113008e-09	-1.11551448e-09
2290.499	0.342	-0.400	6.5326016e-09	1.38550052e-09	-1.11140045e-09
2291.250	0.371	-0.410	5.7849944e-09	1.27102622e-09	-1.03255937e-09
2291.999	0.362	-0.378	6.6116854e-09	1.4034618e-09	-1.11155733e-09
2292.891	0.369	-0.529	5.3943336e-09	1.15309242e-09	-9.1013525e-10
2293.628	0.527	-0.368	5.3632943e-09	1.15370773e-09	-9.0889057e-10
2294.562	0.413	-0.407	5.8519311e-09	1.26100403e-09	-9.8937963e-10
2295.418	0.421	-0.443	5.5508991e-09	1.19623849e-09	-9.3837069e-10
2296.291	0.340	-0.452	6.0031094e-09	1.29944703e-09	-1.0219622e-09
2297.026	0.385	-0.394	6.1593678e-09	1.32750487e-09	-1.04107418e-09
2297.758	0.304	-0.347	7.3710142e-09	1.58872413e-09	-1.24578186e-09
2298.353	0.310	-0.291	8.0595583e-09	1.72978034e-09	-1.35260049e-09
2299.073	0.366	-0.410	6.1874693e-09	1.33374344e-09	-1.04561889e-09
2299.830	0.324	-0.391	6.7107973e-09	1.44121771e-09	-1.1395371e-09
2300.497	0.309	-0.343	7.2877753e-09	1.55220624e-09	-1.234616e-09
2301.133	0.256	-0.327	7.6242089e-09	1.64621584e-09	-1.33413046e-09
2301.746	0.271	-0.357	7.3694232e-09	1.55508743e-09	-1.25931979e-09
2302.322	0.250	-0.305	8.2571864e-09	1.74119447e-09	-1.42620533e-09
2302.874	0.300	-0.302	7.6220962e-09	1.59889173e-09	-1.32124669e-09
2303.512	0.355	-0.339	6.6058653e-09	1.37786779e-09	-1.14910641e-09
2304.190	0.332	-0.323	6.7271032e-09	1.42178124e-09	-1.2069696e-09
2304.778	0.308	-0.256	8.2063262e-09	1.69749858e-09	-1.42119442e-09
2305.395	0.284	-0.309	7.8120394e-09	1.62354298e-09	-1.34927641e-09
2306.004	0.324	-0.326	7.1961559e-09	1.49496576e-09	-1.23175072e-09
2306.774	0.331	-0.446	5.780214e-09	1.2296321e-09	-1.01251795e-09
2307.447	0.339	-0.342	6.8580314e-09	1.43872428e-09	-1.16566354e-09
2308.192	0.464	-0.406	5.2684263e-09	1.11987974e-09	-9.0416715e-10
2309.173	0.426	-0.517	4.9083164e-09	1.04409782e-09	-8.3263024e-10
2309.915	0.284	-0.316	7.6446255e-09	1.63498079e-09	-1.3043092e-09
2310.656	0.451	-0.457	5.0021077e-09	1.07498912e-09	-8.5907969e-10
2311.631	0.516	-0.524	4.6139777e-09	9.8343521e-10	-7.810774e-10
2312.463	0.332	-0.315	7.5187811e-09	1.59649265e-09	-1.26365027e-09
2313.331	0.467	-0.536	4.7595653e-09	1.01979992e-09	-8.1046243e-10
2314.257	0.449	-0.458	5.2634498e-09	1.12854662e-09	-8.9555281e-10
2315.117	0.394	-0.412	5.7520607e-09	1.25305939e-09	-9.9714149e-10
2315.958	0.433	-0.446	5.4871185e-09	1.17717054e-09	-9.2142617e-10
2316.796	0.429	-0.406	5.61179e-09	1.22255437e-09	-9.5947919e-10
2317.689	0.457	-0.464	5.2328286e-09	1.12748361e-09	-8.7259801e-10
2318.547	0.418	-0.401	5.7216393e-09	1.25103253e-09	-9.7183867e-10
2319.467	0.381	-0.502	5.253408e-09	1.15480996e-09	-8.9743167e-10
2320.257	0.270	-0.410	6.8898329e-09	1.50523659e-09	-1.17217295e-09
2320.907	0.349	-0.381	6.355342e-09	1.39250795e-09	-1.09259002e-09
2321.680	0.409	-0.424	5.67839e-09	1.23022151e-09	-9.654262e-10
2322.390	0.384	-0.301	6.8987018e-09	1.49128759e-09	-1.17659926e-09
2323.084	0.357	-0.310	7.1524626e-09	1.53567168e-09	-1.21499083e-09
2323.811	0.391	-0.370	6.3891415e-09	1.35616951e-09	-1.07417882e-09
2324.573	0.339	-0.371	6.7221859e-09	1.43738007e-09	-1.1471887e-09
2325.247	0.409	-0.335	6.416799e-09	1.37323983e-09	-1.09409037e-09
2326.048	0.345	-0.392	6.7037858e-09	1.42028163e-09	-1.12201612e-09
2326.703	0.354	-0.310	7.1907576e-09	1.54156689e-09	-1.22368065e-09
2327.365	0.314	-0.309	7.7382207e-09	1.65304086e-09	-1.30664057e-09
2327.926	0.331	-0.247	8.2529314e-09	1.77173575e-09	-1.40215163e-09
2328.565	0.312	-0.308	7.4814851e-09	1.62922544e-09	-1.2975345e-09
2329.242	0.266	-0.366	7.407733e-09	1.60657885e-09	-1.27456897e-09
2329.816	0.288	-0.308	8.0846406e-09	1.72718923e-09	-1.36498254e-09
2330.523	0.377	-0.419	6.0003344e-09	1.28452197e-09	-1.022717e-09
2331.218	0.302	-0.319	7.8353938e-09	1.65855571e-09	-1.32118527e-09
2331.846	0.288	-0.326	7.7407626e-09	1.65838847e-09	-1.33913878e-09
2332.489	0.302	-0.355	7.2379622e-09	1.54384683e-09	-1.25194125e-09
2333.077	0.274	-0.287	8.6116168e-09	1.82425799e-09	-1.48224183e-09
2333.764	0.374	-0.413	6.1372307e-09	1.29561679e-09	-1.05917199e-09
2334.469	0.252	-0.332	8.4319041e-09	1.76360722e-09	-1.43648134e-09
2335.106	0.389	-0.385	6.2968006e-09	1.32875362e-09	-1.07601513e-09
2335.895	0.346	-0.400	6.6004855e-09	1.39555305e-09	-1.11419395e-09
2336.593	0.296	-0.353	7.4317793e-09	1.59123643e-09	-1.26642712e-09
2337.338	0.361	-0.448	5.9618877e-09	1.28224351e-09	-1.0104996e-09
2338.027	0.318	-0.328	7.5458133e-09	1.62154387e-09	-1.26393739e-09
2338.686	0.296	-0.341	7.5030894e-09	1.630442e-09	-1.26934827e-09
2339.292	0.332	-0.311	7.5875567e-09	1.63807066e-09	-1.26027883e-09
2339.887	0.353	-0.263	7.8398967e-09	1.69703312e-09	-1.31570816e-09
2340.590	0.328	-0.350	7.0501539e-09	1.52932988e-09	-1.19633062e-09
2341.188	0.320	-0.271	8.2503118e-09	1.76982026e-09	-1.38559376e-09
2341.923	0.371	-0.415	5.9572553e-09	1.29699763e-09	-1.03344552e-09
2342.572	0.336	-0.277	7.7859692e-09	1.67499518e-09	-1.335663e-09
2343.284	0.324	-0.375	6.6979472e-09	1.43570138e-09	-1.15335438e-09
2343.969	0.345	-0.362	6.6194258e-09	1.40715847e-09	-1.13596956e-09
2344.681	0.327	-0.367	6.7380959e-09	1.43025276e-09	-1.15785247e-09
2345.323	0.307	-0.315	7.5814998e-09	1.60250367e-09	-1.29379787e-09
2346.103	0.434	-0.473	5.2533266e-09	1.10588634e-09	-8.9037725e-10
2346.849	0.423	-0.312	6.300693e-09	1.34439722e-09	-1.08951088e-09
2347.753	0.379	-0.480	5.3344491e-09	1.14382762e-09	-9.2867965e-10
2348.476	0.321	-0.344	7.1637439e-09	1.50927736e-09	-1.21330733e-09
2349.178	0.370	-0.381	6.4435722e-09	1.35519493e-09	-1.08640288e-09
2349.864	0.300	-0.316	7.7433415e-09	1.64055521e-09	-1.304398e-09
2350.425	0.265	-0.262	8.8778799e-09	1.90456094e-09	-1.50949159e-09
2351.024	0.374	-0.334	6.6671558e-09	1.42966927e-09	-1.1202379e-09
2351.794	0.419	-0.396	5.7937227e-09	1.24813284e-09	-9.663623e-10
2352.622	0.344	-0.409	6.1518938e-09	1.34102541e-09	-1.03385511e-09
2353.411	0.336	-0.445	5.986119e-09	1.30268157e-09	-9.9020288e-10
2354.141	0.335	-0.394	6.4881239e-09	1.41326458e-09	-1.06726722e-09
2354.838	0.366	-0.362	6.3283653e-09	1.39517972e-09	-1.07152703e-09
2355.495	0.271	-0.292	8.3556989e-09	1.82128911e-09	-1.4042869e-09
2356.128	0.319	-0.362	7.0300111e-09	1.5142657e-09	-1.17279492e-09
2356.897	0.521	-0.450	4.9313267e-09	1.05524888e-09	-8.3078542e-10
2357.769	0.301	-0.350	7.2143451e-09	1.54411471e-09	-1.24389449e-09
2358.389	0.394	-0.319	6.5196146e-09	1.3914257e-09	-1.13924184e-09
2359.163	0.366	-0.380	6.3638335e-09	1.33268672e-09	-1.10431236e-09
2359.868	0.356	-0.339	6.8195625e-09	1.42231663e-09	-1.18637318e-09
2360.694	0.403	-0.469	5.5480464e-09	1.14265102e-09	-9.5457262e-10
2361.448	0.408	-0.352	6.2446565e-09	1.29360177e-09	-1.09040147e-09
2362.214	0.419	-0.358	6.1946732e-09	1.27529158e-09	-1.07918233e-09
2363.044	0.441	-0.411	5.6211991e-09	1.15073145e-09	-9.7855417e-10
2363.955	0.399	-0.469	5.5174141e-09	1.12451177e-09	-9.623404e-10
2364.727	0.358	-0.373	6.5836431e-09	1.34746341e-09	-1.14617897e-09
2365.513	0.431	-0.428	5.6102249e-09	1.1579224e-09	-9.7272112e-10
2366.334	0.375	-0.390	6.1797844e-09	1.29966089e-09	-1.0799042e-09
2367.057	0.342	-0.348	6.9539835e-09	1.46700745e-09	-1.20531237e-09
2367.747	0.323	-0.348	7.1876607e-09	1.51671177e-09	-1.2282594e-09
2368.407	0.288	-0.336	7.9112327e-09	1.66710863e-09	-1.33141651e-09
2369.127	0.468	-0.433	5.2516283e-09	1.12878712e-09	-9.0174328e-10
2369.964	0.401	-0.369	6.0764249e-09	1.31240813e-09	-1.05051991e-09
2370.716	0.381	-0.351	6.2741122e-09	1.36580394e-09	-1.10240945e-09
2371.435	0.355	-0.339	6.9481819e-09	1.47609021e-09	-1.18022896e-09
2372.239	0.425	-0.449	5.4121343e-09	1.15787763e-09	-9.3364172e-10
2372.998	0.312	-0.334	7.5371886e-09	1.58861757e-09	-1.27607931e-09
2373.672	0.373	-0.362	6.4695647e-09	1.38192447e-09	-1.12216153e-09
2374.355	0.252	-0.310	8.658074e-09	1.81735823e-09	-1.47095979e-09
2375.057	0.400	-0.450	5.2784348e-09	1.13370072e-09	-9.3794667e-10
2375.767	0.374	-0.309	6.6572768e-09	1.38175834e-09	-1.14017461e-09
2376.436	0.308	-0.295	7.4687201e-09	1.54849181e-09	-1.29176546e-09
2377.190	0.413	-0.446	5.0391743e-09	1.05800501e-09	-8.9846508e-10
2377.975	0.366	-0.372	6.101078e-09	1.24724484e-09	-1.06273324e-09
2378.714	0.406	-0.373	5.780621e-09	1.17261954e-09	-1.01013478e-09
2379.454	0.375	-0.333	6.3615469e-09	1.28501888e-09	-1.11343286e-09
2380.220	0.267	-0.391	6.7767683e-09	1.37955092e-09	-1.19246819e-09
2380.820	0.425	-0.333	5.8605595e-09	1.20429561e-09	-1.03952018e-09
2381.660	0.309	-0.415	6.1607812e-09	1.26110615e-09	-1.08170906e-09
2382.316	0.393	-0.347	6.0273851e-09	1.2375723e-09	-1.0569087e-09
2383.115	0.458	-0.406	5.1593651e-09	1.06240283e-09	-9.0352483e-10
2384.061	0.381	-0.487	5.0879625e-09	1.05642955e-09	-8.9545217e-10
2384.851	0.379	-0.409	5.5494635e-09	1.16399669e-09	-9.8063801e-10
2385.674	0.356	-0.444	5.7255243e-09	1.19327442e-09	-9.9080524e-10
2386.466	0.446	-0.435	5.1547845e-09	1.10407149e-09	-9.1772506e-10
2387.337	0.446	-0.426	5.472152e-09	1.15156062e-09	-9.3716523e-10
2388.137	0.329	-0.354	6.9826733e-09	1.47605136e-09	-1.19150434e-09
2388.981	0.349	-0.515	5.5468809e-09	1.18026818e-09	-9.4477909e-10
2389.708	0.335	-0.377	6.5735976e-09	1.41092063e-09	-1.13046322e-09
2390.333	0.293	-0.290	8.0957332e-09	1.73029538e-09	-1.38224489e-09
2390.898	0.309	-0.272	7.882591e-09	1.70820342e-09	-1.37455999e-09
2391.623	0.378	-0.415	5.8956244e-09	1.26617404e-09	-1.01323871e-09
2392.411	0.324	-0.409	6.5080928e-09	1.38581206e-09	-1.1028664e-09
2393.194	0.476	-0.460	5.0483281e-09	1.07989162e-09	-8.6117537e-10
2394.018	0.290	-0.347	7.5621784e-09	1.60419716e-09	-1.27225462e-09
2394.717	0.353	-0.410	6.3106238e-09	1.33795959e-09	-1.06231773e-09
2395.503	0.473	-0.432	5.216852e-09	1.11445739e-09	-8.9114833e-10
2396.351	0.394	-0.375	6.1324059e-09	1.30837439e-09	-1.04887489e-09
2397.140	0.394	-0.396	5.8644704e-09	1.25545144e-09	-1.01107717e-09
2397.935	0.480	-0.400	5.3641046e-09	1.13687384e-09	-9.1320625e-10
2398.726	0.339	-0.310	7.274607e-09	1.5398697e-09	-1.23985298e-09
2399.584	0.491	-0.519	4.5390601e-09	9.7245361e-10	-7.9077695e-10
2400.427	0.360	-0.352	6.6379998e-09	1.40070345e-09	-1.1343941e-09
2401.152	0.360	-0.366	6.3189562e-09	1.34986989e-09	-1.10345914e-09
2401.980	0.438	-0.467	5.1660695e-09	1.09148076e-09	-8.9103585e-10
2402.810	0.384	-0.392	6.0310925e-09	1.27213585e-09	-1.04151744e-09
2403.617	0.459	-0.423	5.1460636e-09	1.09898917e-09	-9.0841179e-10
2404.480	0.374	-0.404	6.0759735e-09	1.26954511e-09	-1.0458864e-09
2405.211	0.377	-0.358	6.4912467e-09	1.3425487e-09	-1.11414733e-09
2406.028	0.368	-0.440	5.6221315e-09	1.18278418e-09	-1.00139945e-09
2406.728	0.353	-0.332	6.7631819e-09	1.40044556e-09	-1.19180367e-09
2407.466	0.402	-0.384	5.9907181e-09	1.22115688e-09	-1.04481525e-09
2408.316	0.475	-0.449	5.0988516e-09	1.03081593e-09	-8.9213105e-10
2409.215	0.343	-0.424	6.0805985e-09	1.22661327e-09	-1.07333374e-09
2410.020	0.420	-0.462	5.2836148e-09	1.07069601e-09	-9.3124634e-10
2410.858	0.458	-0.418	5.3265644e-09	1.08757541e-09	-9.361888e-10
2411.695	0.432	-0.379	5.522509e-09	1.15820767e-09	-9.9447897e-10
2412.618	0.418	-0.491	5.1786421e-09	1.06791065e-09	-8.9830413e-10
2413.340	0.431	-0.304	6.2835842e-09	1.31504512e-09	-1.10125801e-09
2414.108	0.393	-0.338	6.5009111e-09	1.34897745e-09	-1.11356754e-09
2414.983	0.442	-0.481	4.9508035e-09	1.05086623e-09	-8.6858092e-10
2415.960	0.372	-0.535	5.1887653e-09	1.09101049e-09	-8.8921027e-10
2416.796	0.468	-0.464	5.0501596e-09	1.06537652e-09	-8.6321037e-10
2417.713	0.392	-0.448	5.6771431e-09	1.20206118e-09	-9.6732837e-10
2418.567	0.468	-0.463	5.1711163e-09	1.10799645e-09	-8.9077759e-10
2419.462	0.426	-0.427	5.6460113e-09	1.21355412e-09	-9.694962e-10
2420.258	0.345	-0.371	6.9265591e-09	1.47365043e-09	-1.16145183e-09
2421.018	0.434	-0.416	5.7694507e-09	1.23540299e-09	-9.7132696e-10
2421.837	0.449	-0.384	5.8927273e-09	1.26497265e-09	-9.8865147e-10
2422.803	0.443	-0.517	5.107036e-09	1.09902284e-09	-8.5349047e-10
2423.813	0.476	-0.566	4.7062113e-09	1.01505985e-09	-7.8322636e-10
2424.840	0.393	-0.552	5.093124e-09	1.10631258e-09	-8.6218769e-10
2425.684	0.515	-0.451	4.8822795e-09	1.06638773e-09	-8.4336912e-10
2426.795	0.558	-0.595	4.2146885e-09	9.0254729e-10	-7.1805345e-10
2427.969	0.504	-0.617	4.292814e-09	9.1657288e-10	-7.4183594e-10
2428.802	0.414	-0.328	6.1040528e-09	1.29463148e-09	-1.06056726e-09
2429.749	0.465	-0.533	4.4114471e-09	9.3421004e-10	-7.7513483e-10
2430.662	0.592	-0.449	4.2725676e-09	8.9595167e-10	-7.4794057e-10
2431.806	0.368	-0.552	3.20008967e-09	7.3083288e-10	-6.3755884e-10
2432.710	0.489	-0.536	4.4249558e-09	9.0741057e-10	-7.6968362e-10
2433.697	0.539	-0.498	4.3295883e-09	8.8602605e-10	-7.6025713e-10
2434.725	0.507	-0.489	2.95436823e-09	6.6812158e-10	-5.9112458e-10
2435.767	0.557	-0.535	4.1912453e-09	8.570902e-10	-7.237607e-10
2436.861	0.501	-0.536	4.3718164e-09	9.0586286e-10	-7.5638989e-10
2437.901	0.484	-0.539	4.3898391e-09	9.2058109e-10	-7.6109851e-10
2438.804	0.447	-0.419	3.44792011e-09	7.9226583e-10	-6.7279727e-10
2439.863	0.572	-0.611	4.0401632e-09	8.6189872e-10	-6.9870097e-10
2440.982	0.502	-0.548	4.6435777e-09	9.8813865e-10	-7.8741883e-10
2441.985	0.426	-0.501	3.4642952e-09	8.080319e-10	-6.6730092e-10
2443.020	0.562	-0.609	4.1234021e-09	8.8930018e-10	-6.962253e-10
2444.236	0.498	-0.655	4.1871272e-09	9.0595055e-10	-7.0325456e-10
2445.220	0.613	-0.485	4.4833344e-09	9.582371e-10	-7.47104e-10
2446.426	0.643	-0.594	3.9039033e-09	8.3496124e-10	-6.6597373e-10
2447.589	0.507	-0.520	3.12812837e-09	7.2101086e-10	-6.0902481e-10
2448.575	0.531	-0.479	4.8235198e-09	1.0074619e-09	-8.3046685e-10
2449.601	0.433	-0.495	5.2100625e-09	1.07953346e-09	-9.0144765e-10
2450.521	0.540	-0.487	4.3276976e-09	9.0627652e-10	-7.654005e-10
2451.584	0.495	-0.523	4.4525245e-09	9.197534e-10	-7.7857176e-10
2452.502	0.431	-0.423	5.3577517e-09	1.09763349e-09	-9.3237188e-10
2453.399	0.539	-0.467	4.595807e-09	9.3376493e-10	-7.9600505e-10
2454.426	0.589	-0.488	4.2096898e-09	8.6203858e-10	-7.3901395e-10
2455.513	0.446	-0.498	4.8900236e-09	9.9949247e-10	-8.4465191e-10
2456.404	0.414	-0.445	5.3760223e-09	1.10601621e-09	-9.2551874e-10
2457.370	0.633	-0.552	3.712062e-09	7.8689824e-10	-6.5838466e-10
2458.539	0.563	-0.536	4.1613937e-09	8.7240413e-10	-7.1467905e-10
2459.630	0.543	-0.528	4.2720089e-09	8.9717378e-10	-7.3274615e-10
2460.595	0.454	-0.421	5.259513e-09	1.09275282e-09	-9.0019372e-10
2461.503	0.489	-0.454	4.8137888e-09	9.9829922e-10	-8.3246152e-10
2462.411	0.380	-0.419	5.682201e-09	1.17053311e-09	-9.861943e-10
2463.288	0.499	-0.497	4.5118355e-09	9.2753561e-10	-7.9069814e-10
2464.294	0.507	-0.507	4.4760454e-09	9.1163042e-10	-7.8090683e-10
2465.356	0.538	-0.555	4.074847e-09	8.5026074e-10	-7.1523331e-10
2466.278	0.487	-0.385	3.48058001e-09	7.9166273e-10	-6.7179272e-10
2467.339	0.606	-0.574	3.57896264e-09	7.7149958e-10	-6.2356544e-10
2468.433	0.522	-0.488	4.4917408e-09	9.6375195e-10	-7.5401301e-10
2469.494	0.526	-0.538	4.2664552e-09	9.1982148e-10	-7.106294e-10
2470.502	0.499	-0.483	4.4878262e-09	9.7786227e-10	-7.6709251e-10
2471.526	0.529	-0.525	4.5629251e-09	9.777102e-10	-7.6749544e-10
2472.556	0.589	-0.501	4.4386162e-09	9.5568373e-10	-7.6070594e-10
2473.551	0.427	-0.406	5.9285359e-09	1.26003278e-09	-1.00657168e-09
2474.481	0.628	-0.503	4.2781324e-09	9.1645152e-10	-7.3704666e-10
2475.580	0.492	-0.471	3.42833305e-09	7.9338101e-10	-6.5194518e-10
2476.583	0.550	-0.511	4.5652783e-09	9.9115082e-10	-7.7348315e-10
2477.623	0.643	-0.490	4.2713836e-09	9.3155011e-10	-7.1673107e-10
2478.877	0.665	-0.611	3.51981444e-09	7.7580823e-10	-5.9177245e-10
2480.121	0.632	-0.579	4.1136822e-09	8.8836519e-10	-6.6849861e-10
2481.322	0.522	-0.569	4.5261915e-09	9.7992909e-10	-7.4601768e-10
2482.396	0.572	-0.553	4.0144001e-09	8.8660103e-10	-6.9090137e-10
2483.520	0.696	-0.553	3.7309986e-09	8.0681275e-10	-6.2726803e-10
2484.612	0.482	-0.395	5.2609116e-09	1.1385788e-09	-8.9580478e-10
2485.573	0.411	-0.479	3.41088644e-09	8.1176668e-10	-6.7703451e-10
2486.518	0.610	-0.534	4.0734225e-09	8.7059372e-10	-6.9547272e-10
2487.627	0.381	-0.500	3.51987438e-09	8.139704e-10	-6.8357685e-10
2488.496	0.507	-0.488	4.6854469e-09	9.9141833e-10	-8.0719015e-10
2489.558	0.474	-0.556	4.5678276e-09	9.6166367e-10	-7.8198982e-10
2490.625	0.493	-0.593	4.251818e-09	9.1212252e-10	-7.3143894e-10
2491.592	0.640	-0.474	3.58816972e-09	7.9168826e-10	-6.3223528e-10
2492.787	0.586	-0.555	3.61616836e-09	8.0055383e-10	-6.2709487e-10
2493.873	0.425	-0.500	3.52453712e-09	8.1798897e-10	-6.488875e-10
2494.912	0.583	-0.614	4.0546783e-09	8.7464374e-10	-6.6235402e-10
2496.009	0.647	-0.514	3.9787284e-09	8.7437216e-10	-6.7999895e-10
2497.185	0.507	-0.528	4.598767e-09	9.9243324e-10	-7.7571684e-10
2498.255	0.621	-0.564	3.9402262e-09	8.532792e-10	-6.7911761e-10
2499.451	0.454	-0.574	4.7210631e-09	1.00051071e-09	-7.9506451e-10
2500.389	0.410	-0.483	3.44261431e-09	8.179035e-10	-6.7936403e-10
2501.336	0.453	-0.538	3.19656283e-09	7.4984644e-10	-6.1106018e-10
2502.350	0.500	-0.561	4.5346127e-09	9.8041971e-10	-7.5032263e-10
2503.428	0.584	-0.578	3.50132221e-09	7.9029743e-10	-6.1386108e-10
2504.559	0.591	-0.548	4.0946087e-09	8.9189277e-10	-6.728487e-10
2505.577	0.472	-0.427	3.4520593e-09	8.1307611e-10	-6.5444268e-10
2506.606	0.613	-0.558	3.9437745e-09	8.5528275e-10	-6.6924231e-10
2507.688	0.456	-0.469	3.68094167e-09	8.3041912e-10	-6.8081998e-10
2508.601	0.471	-0.456	3.05116911e-09	7.4460872e-10	-6.4224637e-10
2509.633	0.696	-0.562	3.57357877e-09	7.5499721e-10	-6.2160703e-10
2510.808	0.493	-0.479	3.60486486e-09	8.0313014e-10	-6.7181529e-10
2511.864	0.527	-0.564	4.1914895e-09	8.9687408e-10	-7.3097348e-10
2512.967	0.502	-0.576	4.3243417e-09	9.2005088e-10	-7.41554e-10
2513.900	0.440	-0.430	3.47510919e-09	8.1312532e-10	-6.8151003e-10
2514.826	0.426	-0.486	3.34457985e-09	7.6712729e-10	-6.4157371e-10
2515.691	0.415	-0.439	3.57465362e-09	8.1500233e-10	-6.8885268e-10
2516.714	0.499	-0.608	4.1089388e-09	8.6150726e-10	-7.150768e-10
2517.726	0.550	-0.514	4.2506636e-09	8.8060037e-10	-7.4214896e-10
2518.804	0.558	-0.528	4.2484584e-09	8.6217955e-10	-7.3617309e-10
2519.840	0.529	-0.478	4.4471151e-09	9.1626282e-10	-7.8541417e-10
2520.868	0.484	-0.499	3.01284784e-09	6.8786922e-10	-6.003324e-10
2521.897	0.619	-0.545	3.9247158e-09	8.1681015e-10	-6.7726095e-10
2522.999	0.437	-0.483	3.27068197e-09	7.5192917e-10	-6.379836e-10
2523.873	0.402	-0.437	3.58249207e-09	8.283079e-10	-6.9582496e-10
2524.783	0.487	-0.508	3.42622257e-09	7.7282085e-10	-6.3842279e-10
2525.900	0.645	-0.630	3.65116999e-09	7.776068e-10	-6.2282544e-10
2527.219	0.385	-0.673	2.98612681e-09	6.8716992e-10	-5.7120008e-10
2528.061	0.453	-0.457	3.47698916e-09	8.0045171e-10	-6.6484412e-10
2529.074	0.448	-0.561	3.08820389e-09	7.1719838e-10	-5.9751892e-10
2529.914	0.500	-0.392	3.52365652e-09	8.1946527e-10	-6.859356e-10
2531.019	0.638	-0.605	3.8024826e-09	8.0381094e-10	-6.4883089e-10
2532.247	0.472	-0.590	2.97612423e-09	6.787354e-10	-5.7341971e-10
2533.294	0.616	-0.574	2.6557934e-09	6.0334124e-10	-5.1304274e-10
2534.398	0.477	-0.489	3.44602164e-09	7.7548707e-10	-6.6042077e-10
2535.415	0.635	-0.539	4.0598731e-09	8.5257435e-10	-6.9638144e-10
2536.581	0.536	-0.531	2.91895553e-09	6.8059539e-10	-5.74129e-10
2537.685	0.540	-0.568	4.2470043e-09	9.1157085e-10	-7.3030674e-10
2538.742	0.596	-0.516	4.3586666e-09	9.2793373e-10	-7.3024495e-10
2539.827	0.537	-0.489	4.6760193e-09	1.00309183e-09	-7.8530539e-10
2540.901	0.559	-0.537	4.3799712e-09	9.4131848e-10	-7.3357421e-10
2541.976	0.493	-0.516	3.08881254e-09	7.3066342e-10	-5.9818825e-10
2542.990	0.604	-0.521	3.58448156e-09	7.9992039e-10	-6.3172912e-10
2544.204	0.565	-0.611	4.0423314e-09	8.760971e-10	-6.767115e-10
2545.271	0.548	-0.502	3.01269984e-09	7.0656865e-10	-5.7611849e-10
2546.320	0.435	-0.501	3.43233349e-09	7.8895396e-10	-6.4392654e-10
2547.200	0.506	-0.445	4.8156388e-09	1.04148599e-09	-8.31279e-10
2548.293	0.609	-0.586	4.0461831e-09	8.5264021e-10	-6.8094245e-10
2549.496	0.657	-0.594	3.737814e-09	7.9175227e-10	-6.4339411e-10
2550.738	0.666	-0.585	3.66478377e-09	7.8203015e-10	-6.4050811e-10
2551.890	0.398	-0.486	3.620413e-09	8.182809e-10	-6.8979877e-10
2552.793	0.409	-0.505	3.45653297e-09	7.9870753e-10	-6.8064571e-10
2553.745	0.332	-0.543	3.55288911e-09	8.1497199e-10	-6.9410187e-10
2554.690	0.562	-0.613	4.0202646e-09	8.4514253e-10	-6.8902769e-10
2555.807	0.536	-0.555	4.2028855e-09	9.0320367e-10	-7.3019611e-10
2556.767	0.502	-0.425	3.49607672e-09	7.9913303e-10	-6.5741119e-10
2557.906	0.547	-0.637	2.6208654e-09	6.0330276e-10	-4.9076689e-10
2559.105	0.554	-0.652	2.57061311e-09	5.9389884e-10	-4.7866863e-10
2560.089	0.582	-0.431	3.60756216e-09	8.0398891e-10	-6.4200365e-10
2561.180	0.423	-0.509	3.27861958e-09	7.5525695e-10	-6.2647216e-10
2562.246	0.552	-0.642	2.52329862e-09	5.8064544e-10	-4.9182953e-10
2563.375	0.582	-0.578	2.63499422e-09	5.9438983e-10	-5.1112318e-10
2564.413	0.464	-0.455	3.67082624e-09	7.9839895e-10	-6.8971071e-10
2565.415	0.475	-0.538	3.06305388e-09	6.8292454e-10	-5.8840212e-10
2566.248	0.544	-0.358	3.5139862e-09	7.8393787e-10	-6.6857261e-10
2567.355	0.617	-0.564	2.56520112e-09	5.9377341e-10	-5.0721006e-10
2568.538	0.605	-0.565	2.74799814e-09	6.2927861e-10	-5.2783645e-10
2569.744	0.513	-0.600	2.84666789e-09	6.5996715e-10	-5.5165261e-10
2570.796	0.544	-0.539	2.96907536e-09	6.8335596e-10	-5.6785269e-10
2571.812	0.571	-0.472	3.08560908e-09	7.1096573e-10	-5.8952026e-10
2573.095	0.592	-0.712	2.46680369e-09	5.6918654e-10	-4.7063519e-10
2574.162	0.603	-0.475	3.02700034e-09	6.9338e-10	-5.7017259e-10
2575.257	0.542	-0.492	2.97711102e-09	7.0419769e-10	-5.9026618e-10
2576.483	0.557	-0.684	2.5904958e-09	5.9531446e-10	-4.9612597e-10
2577.548	0.550	-0.507	3.04353897e-09	6.9750846e-10	-5.8424961e-10
2578.722	0.621	-0.624	2.57669332e-09	5.8861783e-10	-4.9586512e-10
2579.830	0.533	-0.487	3.19329203e-09	7.2352834e-10	-6.0732873e-10
2581.050	0.782	-0.687	2.15199733e-09	4.9743355e-10	-4.1807743e-10
2582.436	0.465	-0.604	3.00108628e-09	6.9005666e-10	-5.7447828e-10
2583.471	0.445	-0.570	3.1643029e-09	7.2935288e-10	-6.0434653e-10
2584.649	0.629	-0.733	2.28652489e-09	5.3659287e-10	-4.4716609e-10
2585.830	0.503	-0.552	2.95357643e-09	6.9198399e-10	-5.7854902e-10
2586.921	0.602	-0.588	2.65702476e-09	6.1605851e-10	-5.1485722e-10
2588.041	0.564	-0.517	2.9665342e-09	6.8078224e-10	-5.6883245e-10
2589.286	0.808	-0.681	2.17954642e-09	4.9970424e-10	-4.1825096e-10
2590.756	0.634	-0.661	2.54576983e-09	5.8164666e-10	-4.8076098e-10
2591.913	0.485	-0.523	3.17533815e-09	7.406475e-10	-6.1162924e-10
2593.133	0.642	-0.735	2.29196093e-09	5.4106691e-10	-4.4515736e-10
2594.708	0.822	-0.933	1.87965254e-09	4.3340838e-10	-3.51121601e-10
2596.397	0.696	-0.868	2.04825599e-09	4.77226e-10	-3.9499424e-10
2597.891	0.699	-0.797	2.17224188e-09	4.9863494e-10	-4.1640207e-10
2599.458	0.767	-0.868	2.00532193e-09	4.5104036e-10	-3.7954452e-10
2600.719	0.468	-0.494	3.20764951e-09	7.2838237e-10	-6.1983103e-10
2601.914	0.683	-0.727	2.18831246e-09	4.9531678e-10	-4.2369551e-10
2603.361	0.689	-0.763	2.0035056e-09	4.685014e-10	-4.0829093e-10
2604.836	0.815	-0.787	1.92815029e-09	4.3570867e-10	-3.7363932e-10
2606.034	0.629	-0.383	3.00568908e-09	6.9146266e-10	-5.8600785e-10
2607.290	0.608	-0.627	2.5004748e-09	5.7523752e-10	-4.783952e-10
2608.630	0.823	-0.732	1.98549104e-09	4.6023523e-10	-3.7679357e-10
2610.125	0.680	-0.672	2.27556993e-09	5.3223612e-10	-4.3685715e-10
2611.552	0.822	-0.747	2.03801476e-09	4.6723267e-10	-3.8352202e-10
2613.194	0.767	-0.820	1.90016201e-09	4.485621e-10	-3.7742627e-10
2614.603	0.595	-0.642	2.54948759e-09	5.8458372e-10	-4.8920623e-10
2616.119	0.737	-0.921	1.9286805e-09	4.3954594e-10	-3.65084735e-10
2617.906	0.896	-1.051	1.61964318e-09	3.731006e-10	-3.09507516e-10
2619.707	0.718	-0.905	1.9709641e-09	4.5068664e-10	-3.7192252e-10
2621.181	0.673	-0.756	2.10959681e-09	4.977314e-10	-4.192359e-10
2622.648	0.600	-0.795	2.19323013e-09	5.1127784e-10	-4.3146699e-10
2623.811	0.575	-0.563	2.76674752e-09	6.3222344e-10	-5.3232381e-10
2625.269	0.810	-0.882	1.83502536e-09	4.2322302e-10	-3.57120744e-10
2626.850	0.706	-0.771	2.07167588e-09	4.8325478e-10	-4.0734447e-10
2628.297	0.682	-0.741	2.21339809e-09	5.0867415e-10	-4.2389346e-10
2629.796	0.809	-0.817	1.90928991e-09	4.4347349e-10	-3.69365635e-10
2631.414	0.842	-0.809	1.93294105e-09	4.4616635e-10	-3.6864099e-10
2633.051	1.070	-0.795	1.72922571e-09	3.9995002e-10	-3.29070785e-10
2634.949	0.938	-0.829	1.79859183e-09	4.1988266e-10	-3.46107065e-10
2636.704	0.763	-0.817	2.07031206e-09	4.7497566e-10	-3.8930253e-10
2638.408	1.076	-0.942	1.55182699e-09	3.64654092e-10	-3.03076287e-10
2640.290	0.694	-0.806	2.1497148e-09	4.9631467e-10	-4.0989044e-10
2641.646	0.735	-0.662	2.28228099e-09	5.3121529e-10	-4.4062079e-10
2643.301	0.805	-0.920	1.87376473e-09	4.3601059e-10	-3.61853599e-10
2645.101	0.884	-0.995	1.72116526e-09	4.0163241e-10	-3.31348653e-10
2646.938	0.805	-0.952	1.86663668e-09	4.3428824e-10	-3.52405316e-10
2648.657	0.894	-0.914	1.81520113e-09	4.2380651e-10	-3.40370696e-10
2650.199	0.822	-0.648	2.2327243e-09	5.1954697e-10	-4.2127275e-10
2651.968	1.001	-0.948	1.65801958e-09	3.8407443e-10	-3.21437981e-10
2654.127	1.019	-1.159	1.44496359e-09	3.31015135e-10	-2.87415815e-10
2656.177	1.067	-1.031	1.54483103e-09	3.51566045e-10	-2.98023937e-10
2658.303	0.835	-1.060	1.68542696e-09	3.9262069e-10	-3.25035602e-10
2659.915	0.823	-0.776	2.02598495e-09	4.7110361e-10	-3.8282309e-10
2661.762	0.828	-1.024	1.77492552e-09	4.1105076e-10	-3.28890336e-10
2663.858	1.166	-1.268	1.28072133e-09	3.04693224e-10	-2.44687697e-10
2665.897	0.943	-0.874	1.76108086e-09	4.110552e-10	-3.30387319e-10
2667.667	0.783	-0.827	1.98677494e-09	4.6105404e-10	-3.7647463e-10
2669.448	0.826	-0.998	1.72879318e-09	4.0152215e-10	-3.34459243e-10
2671.062	0.775	-0.789	1.9863524e-09	4.6413614e-10	-3.9001737e-10
2672.637	0.978	-0.799	1.79983022e-09	4.1241791e-10	-3.45543222e-10
2674.712	0.896	-1.096	1.58631765e-09	3.66057502e-10	-3.08593801e-10
2676.608	0.717	-1.000	1.86977169e-09	4.2906088e-10	-3.58544985e-10
2678.421	0.871	-1.097	1.60775841e-09	3.7318681e-10	-3.11224168e-10
2680.563	1.094	-1.271	1.33798216e-09	3.11276449e-10	-2.58436009e-10
2682.411	0.811	-0.755	2.05036203e-09	4.736851e-10	-3.9067634e-10
2684.121	1.112	-0.898	1.50523178e-09	3.6052985e-10	-3.01335104e-10
2686.348	1.046	-1.116	1.51263178e-09	3.47397588e-10	-2.84087258e-10
2688.765	1.223	-1.371	1.1885732e-09	2.82471394e-10	-2.34482838e-10
2691.147	1.102	-1.159	1.42534101e-09	3.28311212e-10	-2.72373317e-10
2693.496	1.150	-1.247	1.32544804e-09	3.05314232e-10	-2.58169202e-10
2696.219	1.558	-1.573	1.01474313e-09	2.34488092e-10	-1.97167043e-10
2699.347	1.377	-1.570	1.06275544e-09	2.49308775e-10	-2.07907514e-10
2701.781	1.099	-1.057	1.49536573e-09	3.41424271e-10	-2.87849936e-10
2703.939	1.216	-1.059	1.41702341e-09	3.20188343e-10	-2.74624101e-10
2706.235	1.360	-1.079	1.31365873e-09	3.03390676e-10	-2.55286125e-10
2708.900	0.812	-1.305	1.57403402e-09	3.63512753e-10	-2.93190701e-10
2711.040	1.129	-1.328	1.33696392e-09	3.12427297e-10	-2.50124884e-10
2713.131	1.608	-0.963	1.25926614e-09	2.97119139e-10	-2.37332874e-10
2715.781	0.830	-1.042	1.70428216e-09	4.0539901e-10	-3.25834839e-10
2718.312	1.245	-1.701	1.09938211e-09	2.56572097e-10	-2.06335273e-10
2721.119	1.214	-1.561	1.09874608e-09	2.63976204e-10	-2.1913287e-10
2723.566	1.444	-1.233	1.19138631e-09	2.76971085e-10	-2.30268501e-10
2726.184	1.214	-1.173	1.35571367e-09	3.133493e-10	-2.58168906e-10
2729.050	1.793	-1.652	8.8255878e-10	2.10397873e-10	-1.73401462e-10
2731.749	1.041	-0.907	1.60705319e-09	3.7514004e-10	-3.09256434e-10
2733.601	1.134	-0.811	1.6335056e-09	3.7633514e-10	-3.12113981e-10
2735.716	0.676	-0.981	1.94550514e-09	4.4495719e-10	-3.67040444e-10
2737.610	1.346	-1.218	1.23727149e-09	2.86342704e-10	-2.35274601e-10
2740.191	1.267	-1.236	1.28211697e-09	2.94064678e-10	-2.41104062e-10
2742.585	0.766	-1.127	1.62279669e-09	3.7745957e-10	-3.19774054e-10
2744.739	1.430	-1.388	1.10629371e-09	2.52481044e-10	-2.16796986e-10
2747.528	1.547	-1.358	1.05862402e-09	2.42018776e-10	-2.10801543e-10
2750.280	1.165	-1.205	1.34998866e-09	3.03695038e-10	-2.62240682e-10
2752.828	1.402	-1.384	1.06522482e-09	2.54580535e-10	-2.18293747e-10
2755.671	1.319	-1.440	1.14258331e-09	2.65610309e-10	-2.20858735e-10
2758.269	1.151	-1.279	1.33543656e-09	3.06600648e-10	-2.50900626e-10
2760.762	1.379	-1.342	1.20808071e-09	2.80973116e-10	-2.28189064e-10
2763.551	1.326	-1.410	1.20179367e-09	2.80715707e-10	-2.25101377e-10
2766.073	1.236	-1.196	1.35219312e-09	3.13925279e-10	-2.55912054e-10
2768.732	1.199	-1.423	1.27211994e-09	2.88080594e-10	-2.41976337e-10
2770.926	1.199	-0.994	1.43570286e-09	3.38920481e-10	-2.8508537e-10
2773.424	1.063	-1.298	1.39475829e-09	3.25285722e-10	-2.6203437e-10
2776.152	1.456	-1.666	1.05467982e-09	2.4628347e-10	-1.97696661e-10
2778.852	1.252	-1.244	1.31928162e-09	3.0728426e-10	-2.48623794e-10
2781.959	1.458	-1.855	9.886363e-10	2.32776398e-10	-1.87604393e-10
2784.927	1.174	-1.509	1.20513033e-09	2.86028574e-10	-2.31748242e-10
2787.894	1.631	-1.793	9.7221718e-10	2.23515964e-10	-1.85972138e-10
2790.923	1.621	-1.398	1.09991417e-09	2.49725506e-10	-2.08832329e-10
2794.213	1.381	-1.668	1.04004336e-09	2.40523347e-10	-1.97937753e-10
2797.002	1.556	-1.408	1.07001299e-09	2.4743713e-10	-2.03666019e-10
2800.354	1.825	-1.796	8.5062963e-10	1.99884249e-10	-1.6613074e-10
2804.020	2.035	-1.842	7.9668585e-10	1.8537296e-10	-1.5384822e-10
2807.636	0.991	-1.581	1.21815396e-09	2.77802216e-10	-2.34689816e-10
2810.738	1.750	-2.110	8.1173449e-10	1.85856735e-10	-1.55845073e-10
2813.941	1.349	-1.453	1.14033556e-09	2.65345352e-10	-2.15195478e-10
2817.023	1.194	-1.733	1.09704593e-09	2.54696012e-10	-2.07765952e-10
2819.586	1.171	-1.369	1.28204556e-09	2.94139973e-10	-2.41064546e-10
2822.150	1.381	-1.392	1.1240637e-09	2.65081801e-10	-2.18624083e-10
2824.616	1.178	-1.085	1.44874129e-09	3.39830237e-10	-2.76969013e-10
2827.160	1.501	-1.365	1.17841411e-09	2.73075022e-10	-2.18009439e-10
2829.998	1.151	-1.338	1.35697611e-09	3.14843545e-10	-2.50114894e-10
2832.274	1.301	-1.124	1.39283022e-09	3.22168546e-10	-2.58741629e-10
2834.751	1.008	-1.177	1.50860803e-09	3.47350302e-10	-2.82414969e-10
2837.338	1.691	-1.579	9.7132474e-10	2.26789761e-10	-1.86877084e-10
2840.427	1.406	-1.398	1.14942942e-09	2.66410804e-10	-2.18163211e-10
2843.517	1.298	-1.684	1.06521224e-09	2.50323796e-10	-2.02994617e-10
2846.007	0.918	-1.192	1.55580338e-09	3.59524782e-10	-2.89597039e-10
2848.325	1.610	-1.400	1.07507126e-09	2.49624089e-10	-2.03577589e-10
2851.165	1.218	-1.230	1.28368984e-09	3.01275016e-10	-2.51010294e-10
2853.955	1.695	-1.572	9.6148459e-10	2.23853848e-10	-1.89327779e-10
2857.075	1.137	-1.425	1.22839223e-09	2.79573295e-10	-2.37014859e-10
2859.588	0.996	-1.376	1.34619616e-09	3.03933503e-10	-2.56665152e-10
2861.805	1.082	-1.222	1.38569773e-09	3.16550799e-10	-2.6167436e-10
2864.284	1.411	-1.397	1.10473416e-09	2.58686092e-10	-2.11748299e-10
2867.654	1.513	-1.960	8.6482542e-10	2.10556381e-10	-1.78365382e-10
2870.581	1.251	-1.414	1.18686491e-09	2.80976668e-10	-2.35070102e-10
2873.187	1.279	-1.354	1.23765851e-09	2.90503761e-10	-2.36295061e-10
2875.697	1.155	-1.231	1.36593714e-09	3.20638078e-10	-2.60804934e-10
2877.848	0.886	-0.997	1.64873406e-09	3.8180115e-10	-3.13281035e-10
2880.272	1.396	-1.538	1.05625047e-09	2.42690474e-10	-2.02295502e-10
2883.067	1.093	-1.399	1.24322183e-09	2.82725621e-10	-2.39982962e-10
2885.485	1.495	-1.325	1.09889556e-09	2.49768463e-10	-2.12205323e-10
2888.020	0.965	-1.040	1.60594837e-09	3.64970923e-10	-3.04707876e-10
2889.685	0.849	-0.700	2.0082342e-09	4.6979418e-10	-3.9391828e-10
2891.702	1.222	-1.167	1.34124852e-09	3.0865733e-10	-2.56553671e-10
2893.987	1.225	-1.063	1.42095799e-09	3.24427692e-10	-2.68528351e-10
2896.290	1.192	-1.078	1.32995501e-09	3.1530179e-10	-2.68690411e-10
2898.732	1.109	-1.250	1.30938227e-09	3.02139188e-10	-2.59414585e-10
2901.206	1.382	-1.365	1.17197944e-09	2.6354175e-10	-2.24048468e-10
2904.129	1.321	-1.540	1.12531726e-09	2.54258524e-10	-2.14449336e-10
2907.280	1.471	-1.831	9.6104873e-10	2.21544382e-10	-1.83485109e-10
2910.278	0.982	-1.526	1.2433332e-09	2.87364422e-10	-2.36758079e-10
2912.380	1.125	-1.120	1.38861814e-09	3.17983587e-10	-2.66695519e-10
2915.113	1.641	-1.608	9.5969601e-10	2.18838017e-10	-1.84895623e-10
2917.948	0.909	-1.194	1.48257742e-09	3.42442474e-10	-2.82500254e-10
2920.301	1.679	-1.445	1.03664491e-09	2.40989473e-10	-1.95961805e-10
2923.711	1.512	-1.730	9.8489005e-10	2.33599278e-10	-1.89827057e-10
2926.929	1.601	-1.707	9.9404866e-10	2.30677166e-10	-1.88349277e-10
2929.961	1.746	-1.431	1.02834174e-09	2.37342901e-10	-1.9613404e-10
2933.290	1.479	-1.583	9.7989246e-10	2.37415902e-10	-1.98333468e-10
2936.081	1.203	-1.312	1.1926543e-09	2.90123771e-10	-2.40041755e-10
2938.557	1.619	-1.272	1.11874125e-09	2.61274464e-10	-2.0964385e-10
2941.430	1.512	-1.254	1.15598175e-09	2.71811842e-10	-2.20045956e-10
2944.656	1.797	-1.713	9.2612702e-10	2.15028497e-10	-1.75382775e-10
2947.955	1.727	-1.502	9.7761881e-10	2.29771443e-10	-1.90882852e-10
2950.927	1.483	-1.245	1.17495424e-09	2.73341126e-10	-2.26953745e-10
2953.542	1.520	-1.132	1.17379392e-09	2.78084526e-10	-2.3236592e-10
2956.583	1.460	-1.522	1.07581792e-09	2.51710186e-10	-2.06424369e-10
2959.504	1.938	-1.460	9.7175283e-10	2.24557218e-10	-1.80886081e-10
2962.797	1.280	-1.355	1.22059152e-09	2.83796068e-10	-2.3069278e-10
2966.040	1.802	-1.963	8.4963877e-10	1.9674935e-10	-1.61445393e-10
2969.389	1.856	-1.548	9.398e-10	2.16911612e-10	-1.7922467e-10
2972.666	1.404	-1.422	1.13729231e-09	2.64952486e-10	-2.14170689e-10
2976.393	1.732	-2.323	8.1052496e-10	1.87515149e-10	-1.50502976e-10
2979.788	1.988	-1.663	8.8735583e-10	2.0641634e-10	-1.67575849e-10
2983.595	1.814	-1.819	8.8432627e-10	2.08214244e-10	-1.67833443e-10
2987.158	2.065	-1.750	7.6062158e-10	1.90984047e-10	-1.59223654e-10
2991.167	1.992	-1.944	7.9757792e-10	1.90347499e-10	-1.56450467e-10
2994.558	0.979	-1.400	1.3405063e-09	3.16477058e-10	-2.60345505e-10
2997.364	1.815	-1.827	8.7588176e-10	2.07419817e-10	-1.69303416e-10
6375.163	10.282	-9.777	9.6678595e-11	2.18033563e-11	-2.18033563e-11
6391.370	6.611	-5.925	1.64484166e-10	3.50681449e-11	-3.50681449e-11
6408.188	7.345	-10.207	1.14846668e-10	2.52250016e-11	-2.52250016e-11
6427.440	10.658	-11.908	8.4409987e-11	1.90691858e-11	-1.90691858e-11
6448.878	11.787	-10.779	8.496532e-11	1.9063658e-11	-1.9063658e-11
6470.064	10.658	-9.400	9.6134621e-11	2.16065792e-11	-2.16065792e-11
6492.002	11.286	-11.279	8.9794782e-11	1.9626613e-11	-1.9626613e-11
6517.532	8.323	-14.243	9.6605113e-11	2.06601599e-11	-2.06601599e-11
6537.492	10.928	-11.637	9.0432255e-11	1.97980636e-11	-1.97980636e-11
6561.454	12.039	-13.034	7.7508932e-11	1.7390666e-11	-1.7390666e-11
6581.242	7.295	-7.748	1.40976512e-10	3.01495092e-11	-3.01495092e-11
6600.944	12.666	-12.407	7.6800308e-11	1.73500696e-11	-1.73500696e-11
6621.547	12.121	-7.937	1.03045259e-10	2.25227991e-11	-2.25227991e-11
6652.705	13.559	-19.036	6.2692134e-11	1.37697387e-11	-1.37697387e-11
6676.140	10.181	-9.877	1.21814545e-10	2.44293758e-11	-2.44293758e-11
8064.179	7.398	-7.646	1.20342722e-10	2.695561e-11	-2.695561e-11
8083.086	6.041	-11.510	1.16218591e-10	2.48552717e-11	-2.48552717e-11
8108.765	10.451	-19.637	6.4203177e-11	1.40791586e-11	-1.40791586e-11
8130.724	8.550	-11.508	1.01939921e-10	2.17675477e-11	-2.17675477e-11
8152.433	11.913	-13.160	7.4212084e-11	1.67087671e-11	-1.67087671e-11
8175.285	11.628	-10.938	9.0307232e-11	1.9283586e-11	-1.9283586e-11
8199.902	9.576	-12.990	9.1204815e-11	1.94752534e-11	-1.94752534e-11
8221.235	13.317	-11.756	7.683346e-11	1.67938264e-11	-1.67938264e-11
8246.629	10.488	-12.078	9.1041275e-11	1.95930466e-11	-1.95930466e-11
8266.010	11.166	-8.893	9.7061138e-11	2.12150748e-11	-2.12150748e-11
8289.140	10.602	-11.964	9.0490456e-11	1.93831493e-11	-1.93831493e-11
8308.277	6.508	-8.535	1.29893828e-10	2.83914579e-11	-2.83914579e-11
8335.873	16.522	-21.088	5.7201519e-11	1.1980859e-11	-1.1980859e-11
8371.080	13.910	-18.685	6.1885497e-11	1.32559345e-11	-1.32559345e-11
8399.153	13.418	-14.163	6.7235697e-11	1.51641836e-11	-1.51641836e-11
8431.483	13.683	-18.912	6.1633749e-11	1.32226863e-11	-1.32226863e-11
8459.187	21.081	-14.021	5.471375e-11	1.19982194e-11	-1.19982194e-11
8499.784	15.587	-19.516	5.5370611e-11	1.22223654e-11	-1.22223654e-11
8530.412	10.032	-15.041	7.2632702e-11	1.62411685e-11	-1.62411685e-11
8550.095	7.900	-9.652	1.04236178e-10	2.34282705e-11	-2.34282705e-11
8574.034	21.571	-16.039	4.7788127e-11	1.08718765e-11	-1.08718765e-11
8615.033	13.167	-19.428	5.7126705e-11	1.28398732e-11	-1.28398732e-11
8639.731	13.542	-11.531	7.3558442e-11	1.66188941e-11	-1.66188941e-11
8672.186	23.712	-18.913	4.5444843e-11	1.00479457e-11	-1.00479457e-11
8723.595	34.251	-27.698	6.365073e-11	1.30860083e-11	-1.30860083e-11
12125.064	27.534	-22.612	2.89983245e-11	6.3889269e-12	-6.3889269e-12
12168.142	14.545	-15.543	4.6873339e-11	1.05022502e-11	-1.05022502e-11
12203.486	24.332	-20.800	3.21363833e-11	7.2439858e-12	-7.2439858e-12
12253.301	19.648	-25.483	3.25539172e-11	7.1174347e-12	-7.1174347e-12
12292.249	20.817	-19.300	3.46160715e-11	7.7559363e-12	-7.7559363e-12
12333.496	14.672	-20.430	3.9446588e-11	8.8738802e-12	-8.8738802e-12
12375.613	25.209	-27.444	2.59587301e-11	5.8633012e-12	-5.8633012e-12
12439.540	33.993	-38.718	1.88012096e-11	4.2466306e-12	-4.2466306e-12
12502.860	28.342	-29.327	2.42448864e-11	5.4322105e-12	-5.4322105e-12
12561.338	27.532	-30.136	2.5419037e-11	5.5895641e-12	-5.5895641e-12
12614.438	17.057	-25.567	3.24662235e-11	7.288889e-12	-7.288889e-12
12654.054	20.065	-22.559	3.24493737e-11	7.3591335e-12	-7.3591335e-12
12715.206	46.666	-41.088	3.06762597e-11	4.9426154e-12	-4.9426154e-12
14084.774	22.193	-17.924	3.5178638e-11	7.8961182e-12	-7.8961182e-12
14136.271	18.336	-29.303	3.15759665e-11	6.8904397e-12	-6.8904397e-12
14183.786	28.489	-29.179	2.55718285e-11	5.6106171e-12	-5.6106171e-12
14228.688	16.182	-16.413	4.4454908e-11	9.7360098e-12	-9.7360098e-12
14267.425	27.591	-22.556	2.790577e-11	6.275607e-12	-6.275607e-12
14314.820	20.313	-19.804	3.49244665e-11	7.8690083e-12	-7.8690083e-12
14360.023	20.242	-24.890	3.23890859e-11	7.0934883e-12	-7.0934883e-12
14451.687	56.448	-71.422	1.91677353e-11	3.26469093e-12	-3.26469093e-12
17897.844	32.547	-37.658	2.13581834e-11	4.722791e-12	-4.722791e-12
17986.032	52.172	-55.642	1.33557568e-11	3.02821579e-12	-3.02821579e-12
18067.033	21.318	-28.828	3.06816469e-11	6.7395648e-12	-6.7395648e-12
18128.040	30.515	-39.689	2.21869501e-11	4.8736104e-12	-4.8736104e-12
18181.745	14.420	-23.189	3.8596772e-11	8.67539e-12	-8.67539e-12
18236.562	39.837	-40.397	1.88946605e-11	4.1641909e-12	-4.1641909e-12
18318.009	36.116	-41.610	1.97769329e-11	4.4222585e-12	-4.4222585e-12
18376.434	20.316	-22.308	3.45012679e-11	7.7548448e-12	-7.7548448e-12
18420.312	29.091	-23.563	2.77473508e-11	6.2693688e-12	-6.2693688e-12
18493.953	25.655	-44.550	2.26534054e-11	4.837306e-12	-4.837306e-12
18552.827	19.435	-33.219	2.91324606e-11	6.5254717e-12	-6.5254717e-12
18603.114	29.322	-30.853	2.51122108e-11	5.5253136e-12	-5.5253136e-12
18662.766	37.368	-30.329	2.11549831e-11	4.7385715e-12	-4.7385715e-12
18748.383	31.984	-48.249	1.82750955e-11	4.1076882e-12	-4.1076882e-12
18823.432	34.662	-43.064	2.06837067e-11	4.4236534e-12	-4.4236534e-12
18900.705	42.635	-42.611	2.36611411e-11	4.5104295e-12	-4.5104295e-12
19893.325	36.621	-53.642	1.60225688e-11	3.61675925e-12	-3.61675925e-12
19958.020	29.594	-28.074	2.47263785e-11	5.5814611e-12	-5.5814611e-12
20023.832	28.972	-36.218	2.24183814e-11	5.0399809e-12	-5.0399809e-12
20098.546	42.014	-45.742	1.67044122e-11	3.7604728e-12	-3.7604728e-12
20196.548	56.840	-55.987	1.64021925e-11	3.30172534e-12	-3.30172534e-12
35055.162	16.174	-23.943	2.07887571e-11	4.6615967e-12	-4.6615967e-12
35108.063	28.463	-36.727	1.26849875e-11	2.84443679e-12	-2.84443679e-12
35175.633	41.127	-39.107	1.01307221e-11	2.30082539e-12	-2.30082539e-12
35257.121	37.365	-40.362	1.06017617e-11	2.39076388e-12	-2.39076388e-12
35333.463	28.720	-38.978	1.27521721e-11	2.79395917e-12	-2.79395917e-12
35403.544	41.380	-41.361	9.9492519e-12	2.23098456e-12	-2.23098456e-12
35482.110	33.019	-37.186	1.2266943e-11	2.69488242e-12	-2.69488242e-12
35558.369	49.530	-43.240	8.8458231e-12	1.99761668e-12	-1.99761668e-12
35651.773	28.839	-43.873	1.12578457e-11	2.53871504e-12	-2.53871504e-12
35739.018	46.901	-58.406	7.8158097e-12	1.76002266e-12	-1.76002266e-12
35830.041	36.111	-44.123	1.02562668e-11	2.31285261e-12	-2.31285261e-12
35927.190	49.284	-61.038	7.459866e-12	1.67986845e-12	-1.67986845e-12
36015.458	33.729	-38.983	1.13970212e-11	2.54845159e-12	-2.54845159e-12
36086.911	50.031	-37.724	9.3897934e-12	2.11446379e-12	-2.11446379e-12
36187.829	51.913	-50.887	8.0128347e-12	1.81207426e-12	-1.81207426e-12
36273.208	39.246	-33.466	1.14203349e-11	2.57171608e-12	-2.57171608e-12
36367.431	35.281	-54.977	9.6584467e-12	2.11897853e-12	-2.11897853e-12
40796.198	41.130	-51.641	8.7939565e-12	1.969177e-12	-1.969177e-12
40880.194	47.397	-42.867	8.9685151e-12	2.01397771e-12	-2.01397771e-12
40979.109	38.745	-51.518	9.0109948e-12	2.03218726e-12	-2.03218726e-12
41073.004	55.172	-55.150	7.296807e-12	1.64559868e-12	-1.64559868e-12
41163.023	37.865	-34.847	1.11022681e-11	2.49668637e-12	-2.49668637e-12
41242.878	38.244	-41.990	1.00757993e-11	2.26263066e-12	-2.26263066e-12
41343.164	48.279	-62.042	7.3071152e-12	1.64557241e-12	-1.64557241e-12
41445.204	61.577	-53.760	7.0091209e-12	1.57397445e-12	-1.57397445e-12
41563.903	40.663	-57.123	8.6590101e-12	1.90237979e-12	-1.90237979e-12
41648.934	53.417	-44.369	8.2435075e-12	1.85644984e-12	-1.85644984e-12
41761.026	44.124	-58.675	8.2142146e-12	1.80957232e-12	-1.80957232e-12
41850.096	45.318	-44.945	9.4156046e-12	2.06579843e-12	-2.06579843e-12
41935.776	39.872	-40.362	1.01028389e-11	2.26226732e-12	-2.26226732e-12
42025.252	28.123	-49.604	1.09225702e-11	2.39318442e-12	-2.39318442e-12
42111.029	50.153	-57.655	9.0228681e-12	1.85052133e-12	-1.85052133e-12
46581.006	59.322	-78.580	5.8598417e-12	1.32733393e-12	-1.32733393e-12
46693.844	66.836	-53.516	6.7813637e-12	1.52287449e-12	-1.52287449e-12
46800.162	45.766	-39.483	9.619815e-12	2.16339666e-12	-2.16339666e-12
46908.849	67.459	-62.921	6.2575954e-12	1.41131616e-12	-1.41131616e-12
47046.630	52.536	-70.322	6.6049477e-12	1.49395344e-12	-1.49395344e-12
47145.293	44.137	-46.127	8.9695289e-12	2.02586914e-12	-2.02586914e-12
47227.786	46.893	-38.356	9.5853199e-12	2.16183896e-12	-2.16183896e-12
47334.841	57.681	-60.163	6.9371115e-12	1.55784985e-12	-1.55784985e-12
47459.699	78.248	-67.176	5.5637714e-12	1.26392037e-12	-1.26392037e-12
47605.570	57.743	-67.623	6.8750329e-12	1.5146542e-12	-1.5146542e-12
47701.043	37.489	-37.731	1.09356756e-11	2.45228563e-12	-2.45228563e-12
47836.329	85.229	-97.796	7.3844933e-12	1.30121822e-12	-1.30121822e-12
52439.137	93.166	-62.287	5.4999834e-12	1.24581183e-12	-1.24581183e-12
52633.140	94.735	-100.836	3.2535247e-12	8.6132892e-13	-8.6132892e-13
52790.037	63.203	-62.163	6.8485076e-12	1.54458054e-12	-1.54458054e-12
52909.143	64.448	-55.903	7.1108487e-12	1.60144547e-12	-1.60144547e-12
53036.008	70.471	-62.417	6.4601001e-12	1.45489032e-12	-1.45489032e-12
53174.790	54.547	-68.312	7.0229811e-12	1.57712944e-12	-1.57712944e-12
53306.862	90.466	-77.524	5.3582734e-12	1.17887143e-12	-1.17887143e-12
53515.065	107.913	-117.738	6.8639107e-12	1.15311499e-12	-1.15311499e-12
58052.043	52.786	-57.536	7.3443964e-12	1.6563494e-12	-1.6563494e-12
58180.790	56.926	-75.962	6.0657171e-12	1.36993277e-12	-1.36993277e-12
58314.800	73.355	-77.084	5.3503776e-12	1.2101072e-12	-1.2101072e-12
58467.123	73.979	-78.968	5.2781314e-12	1.19035327e-12	-1.19035327e-12
58596.125	65.327	-55.024	6.669065e-12	1.51269616e-12	-1.51269616e-12
58730.515	66.333	-69.062	5.970357e-12	1.34454559e-12	-1.34454559e-12
58871.171	71.101	-74.323	5.5589688e-12	1.25189907e-12	-1.25189907e-12
59023.992	86.270	-81.720	4.8256917e-12	1.08366747e-12	-1.08366747e-12
59250.899	130.144	-140.637	5.3684669e-12	9.0328359e-13	-9.0328359e-13
64291.366	54.279	-78.609	6.4904475e-12	1.4221468e-12	-1.4221468e-12
64419.848	68.715	-74.202	5.6846023e-12	1.28956877e-12	-1.28956877e-12
64594.620	84.498	-106.058	4.4476146e-12	9.9080191e-13	-9.9080191e-13
64760.713	76.366	-81.595	5.2072505e-12	1.17108071e-12	-1.17108071e-12
64964.211	178.755	-127.132	5.1971125e-12	8.4022005e-13	-8.4022005e-13
70397.812	74.106	-71.318	5.6700798e-12	1.27864822e-12	-1.27864822e-12
70579.460	95.551	-107.541	4.0025971e-12	9.1165854e-13	-9.1165854e-13
70804.916	98.257	-129.905	4.4649972e-12	9.0727589e-13	-9.0727589e-13
82442.074	77.514	-87.969	5.435707e-12	1.16941127e-12	-1.16941127e-12
82612.708	109.970	-93.120	3.34766824e-12	8.284522e-13	-8.284522e-13
104902.544	99.060	-99.018	4.267987e-12	9.6297828e-13	-9.6297828e-13
105155.960	66.286	-154.355	2.85945435e-12	7.4995337e-13	-7.4995337e-13
109929.778	96.383	-86.651	3.51541958e-12	9.224063e-13	-9.224063e-13
110131.203	88.022	-105.042	3.35065895e-12	8.7698584e-13	-8.7698584e-13
110396.818	286.255	-177.594	2.00370318e-12	4.3933134e-13	-4.3933134e-13
115662.844	134.836	-181.085	2.10692541e-12	5.5331391e-13	-5.5331391e-13
115950.022	90.867	-152.342	2.75454122e-12	7.2107561e-13	-7.2107561e-13
116217.842	164.037	-176.952	2.89507647e-12	6.2439461e-13	-6.2439461e-13
121358.695	118.930	-109.005	3.21381075e-12	8.3866679e-13	-8.3866679e-13
121598.875	109.423	-121.250	2.80269339e-12	7.3848152e-13	-7.3848152e-13
121930.029	212.030	-221.731	2.20702854e-12	4.7811992e-13	-4.7811992e-13
127468.014	372.895	-485.746	1.83707923e-12	3.5173421e-13	-3.5173421e-13
133305.359	295.625	-293.590	1.41124697e-12	3.29165838e-13	-3.29165838e-13
144638.293	98.726	-164.542	2.56546197e-12	6.6983949e-13	-6.6983949e-13
145028.561	144.731	-291.542	1.5508698e-12	4.0779328e-13	-4.0779328e-13
147723.183	3098.171	-2549.891	1.81617016e-12	3.29928112e-13	-3.29928112e-13
173378.591	13443.211	-4780.394	1.54055087e-12	2.54262816e-13	-2.54262816e-13
227308.338	5233.056	-2291.916	8.0154617e-13	1.49574091e-13	-1.49574091e-13
281258.749	2582.828	-10156.357	6.9201581e-13	1.4265165e-13	-1.4265165e-13
288988.047	493.226	-727.829	7.6552334e-13	1.71210026e-13	-1.71210026e-13
294452.188	549.208	-616.686	7.8743548e-13	1.76871248e-13	-1.76871248e-13
313829.222	3793.841	-2677.618	8.9466481e-13	1.83745959e-13	-1.83745959e-13
355455.381	2425.732	-2443.179	9.2576479e-13	1.8353073e-13	-1.8353073e-13
363885.597	656.551	-820.248	4.9118832e-13	1.24286071e-13	-1.24286071e-13
369568.774	672.402	-669.004	5.0677272e-13	1.32575588e-13	-1.32575588e-13
415696.768	28406.160	-29788.596	3.52974709e-13	6.1527818e-14	-6.1527818e-14
536001.724	981.096	-651.156	3.7414733e-13	1.04305849e-13	-1.04305849e-13
549040.511	4981.384	-7823.747	3.41035401e-13	6.8400087e-14	-6.8400087e-14
562767.477	2894.201	-4360.832	3.10830155e-13	8.0085908e-14	-8.0085908e-14
754004.261	35684.697	-90750.885	2.28075955e-13	5.8495039e-14	-5.8495039e-14
829588.975	11653.855	-11987.331	1.95343239e-13	5.1417383e-14	-5.1417383e-14
1707345.905	26455.479	-25629.703	1.18837488e-13	2.87259601e-14	-2.87259601e-14
2620547.305	45774.631	-75364.141	7.384645e-14	1.94651857e-14	-1.94651857e-14
5114583.878	90757.256	-13777.070	2.19326824e-14	1.05127545e-14	-8.2857504e-15