Time	T_+ve	T_-ve	Flux	Fluxpos	Fluxneg
78.8663209315961	0.639846079767864	-0.529025952603632	9.44125168313771e-09	1.17000983514541e-09	-1.14513807315233e-09
79.9120923817739	0.399987601086735	-0.405925370409861	1.37356823596514e-08	1.69044256626441e-09	-1.66638479767168e-09
80.7877921438953	0.353362877398297	-0.475712161034707	1.33158081901318e-08	1.65731779391731e-09	-1.61512257179082e-09
81.6147871261302	0.398143879927503	-0.473632104836597	1.26476982604466e-08	1.55218834749633e-09	-1.53440112549276e-09
82.2490531260571	0.31362987699471	-0.236122119999393	2.03185039018963e-08	2.55030549201227e-09	-2.46438707118179e-09
83.5515363381111	0.844549639443187	-0.988853335059304	8.74824199156343e-09	9.29929821751147e-10	-8.88387541372876e-10
91.685	0.277	-0.291	5.05000674e-09	6.26013817e-10	-6.26011038e-10
92.263	0.282	-0.301	4.96448897e-09	6.06518338e-10	-6.06515956e-10
92.805	0.286	-0.260	5.30408674e-09	6.48006426e-10	-6.48004044e-10
93.382	0.245	-0.290	5.40997855e-09	6.60943068e-10	-6.60940686e-10
93.921	0.293	-0.294	4.8290286e-09	6.07448906e-10	-6.07446921e-10
94.479	0.251	-0.265	5.61492186e-09	6.85979476e-10	-6.85977888e-10
95.010	0.325	-0.279	3.860015517e-09	5.25285389e-10	-5.25284595e-10
95.580	0.264	-0.245	5.97277766e-09	7.18646621e-10	-7.1864543e-10
96.203	0.301	-0.359	4.38909702e-09	5.36217181e-10	-5.36216387e-10
96.750	0.270	-0.246	5.91390653e-09	7.16155049e-10	-7.16154255e-10
97.293	0.237	-0.273	5.72190939e-09	7.08647779e-10	-7.08647382e-10
97.777	0.344	-0.247	4.87308766e-09	6.08198839e-10	-6.08198839e-10
98.402	0.271	-0.281	5.33115817e-09	6.46500208e-10	-6.46500208e-10
98.989	0.213	-0.317	5.4642683e-09	6.67568998e-10	-6.67568998e-10
99.470	0.245	-0.268	5.65401048e-09	6.90749828e-10	-6.90749431e-10
99.995	0.240	-0.280	5.57654784e-09	6.81286142e-10	-6.81286142e-10
100.533	0.285	-0.298	4.85838278e-09	6.11135051e-10	-6.11135051e-10
101.178	0.226	-0.359	4.89662976e-09	6.06991959e-10	-6.06991959e-10
101.705	0.246	-0.302	3.493385223e-09	5.32190807e-10	-5.32190807e-10
102.209	0.287	-0.257	5.1930776e-09	6.53236504e-10	-6.53236504e-10
102.761	0.308	-0.265	4.98906724e-09	6.1845057e-10	-6.1845057e-10
103.321	0.255	-0.252	6.5477607e-09	7.46188893e-10	-7.46188893e-10
103.813	0.293	-0.237	5.44882897e-09	6.65682057e-10	-6.65682454e-10
104.428	0.367	-0.321	4.15099627e-09	5.14562419e-10	-5.14562419e-10
105.056	0.267	-0.261	5.46728947e-09	6.67937017e-10	-6.67937414e-10
105.633	0.327	-0.309	4.48716793e-09	5.56234318e-10	-5.56234318e-10
106.216	0.298	-0.256	3.740477626e-09	5.3989221e-10	-5.39892607e-10
106.835	0.261	-0.322	4.95048678e-09	6.04799725e-10	-6.04799725e-10
107.449	0.258	-0.352	4.73387167e-09	5.78335705e-10	-5.78335705e-10
108.000	0.305	-0.293	4.85309871e-09	5.97027259e-10	-5.97027656e-10
108.638	0.279	-0.333	4.66977602e-09	5.78870861e-10	-5.78870861e-10
109.198	0.296	-0.281	5.01159699e-09	6.1226531e-10	-6.1226531e-10
109.731	0.309	-0.237	5.28911984e-09	6.46170301e-10	-6.46170301e-10
110.325	0.347	-0.285	4.52508143e-09	5.60934004e-10	-5.60934004e-10
111.003	0.314	-0.332	4.425359e-09	5.48572615e-10	-5.48572615e-10
111.671	0.316	-0.354	4.37146228e-09	5.30118864e-10	-5.30119261e-10
112.295	0.269	-0.307	5.01160493e-09	6.12266104e-10	-6.12266501e-10
112.845	0.261	-0.281	5.19309745e-09	6.34439348e-10	-6.34439348e-10
113.394	0.378	-0.288	4.23010646e-09	5.1679078e-10	-5.16791177e-10
114.014	0.261	-0.242	3.778379613e-09	5.69046699e-10	-5.69046699e-10
114.523	0.257	-0.247	3.575352225e-09	5.69186443e-10	-5.69186443e-10
115.047	0.270	-0.268	3.853346711e-09	5.55691222e-10	-5.55691619e-10
115.612	0.233	-0.295	5.26975815e-09	6.53244841e-10	-6.53245238e-10
116.133	0.287	-0.288	3.289648793e-09	4.90392662e-10	-4.90392662e-10
116.722	0.324	-0.303	4.49450052e-09	5.49091891e-10	-5.49091891e-10
117.375	0.308	-0.329	4.41907449e-09	5.39877124e-10	-5.39877124e-10
117.950	0.250	-0.267	3.593184671e-09	5.47394319e-10	-5.47394319e-10
118.470	0.279	-0.269	3.679849374e-09	5.31141139e-10	-5.31141536e-10
119.013	0.240	-0.265	3.741389535e-09	5.57734184e-10	-5.57734184e-10
119.583	0.363	-0.329	4.06691167e-09	4.9685344e-10	-4.9685344e-10
120.198	0.297	-0.252	3.667969149e-09	5.29426496e-10	-5.29426496e-10
120.851	0.285	-0.356	4.34763434e-09	5.38937425e-10	-5.38937425e-10
121.453	0.291	-0.317	4.69494582e-09	5.69346831e-10	-5.69347228e-10
122.052	0.363	-0.307	3.793565657e-09	4.97237339e-10	-4.97237736e-10
122.661	0.275	-0.246	5.64117944e-09	6.74251302e-10	-6.74251699e-10
123.248	0.320	-0.312	4.52201262e-09	5.483761e-10	-5.483761e-10
123.886	0.351	-0.318	4.20572272e-09	5.13811692e-10	-5.13812089e-10
124.538	0.329	-0.301	3.933703481e-09	5.12125633e-10	-5.12125633e-10
125.112	0.315	-0.245	3.821311987e-09	5.35091686e-10	-5.35091686e-10
125.759	0.284	-0.332	4.57037913e-09	5.58361841e-10	-5.58361841e-10
126.312	0.257	-0.269	5.22820019e-09	6.5765432e-10	-6.57654717e-10
126.864	0.211	-0.295	3.703883754e-09	5.69904616e-10	-5.69904616e-10
127.417	0.190	-0.342	3.495650505e-09	5.32535403e-10	-5.325358e-10
127.954	0.275	-0.348	4.51814584e-09	5.51980463e-10	-5.5198086e-10
128.512	0.238	-0.283	3.866571575e-09	5.58092278e-10	-5.58092675e-10
128.979	0.286	-0.228	3.639938964e-09	5.60065765e-10	-5.60065765e-10
129.523	0.298	-0.258	3.921283733e-09	5.43785192e-10	-5.43785192e-10
130.103	0.226	-0.281	3.809486548e-09	5.61678776e-10	-5.61679173e-10
130.585	0.248	-0.256	3.753002182e-09	5.59465501e-10	-5.59465501e-10
131.112	0.323	-0.280	3.08318934e-09	4.69700228e-10	-4.69700228e-10
131.728	0.237	-0.293	3.507380664e-09	5.34322697e-10	-5.34322697e-10
132.250	0.333	-0.284	4.50850271e-09	5.58879132e-10	-5.58879132e-10
132.840	0.245	-0.257	3.933701893e-09	5.73790055e-10	-5.73790452e-10
133.442	0.318	-0.358	4.16144928e-09	5.08402964e-10	-5.08403361e-10
134.038	0.247	-0.277	3.542869288e-09	5.39729043e-10	-5.39729043e-10
134.571	0.282	-0.286	4.95685863e-09	6.05578242e-10	-6.05578242e-10
135.147	0.287	-0.294	3.196100904e-09	4.86901444e-10	-4.86901444e-10
135.739	0.223	-0.304	3.849759419e-09	5.61034842e-10	-5.61035239e-10
136.210	0.260	-0.248	3.795890489e-09	5.59674323e-10	-5.59674323e-10
136.754	0.303	-0.284	3.218259856e-09	4.7975068e-10	-4.7975068e-10
137.352	0.273	-0.295	3.403248358e-09	5.01782195e-10	-5.01782592e-10
137.879	0.265	-0.254	3.87961898e-09	5.59975646e-10	-5.59975646e-10
138.465	0.364	-0.321	4.10725084e-09	5.01781798e-10	-5.01782195e-10
139.137	0.337	-0.307	4.36805602e-09	5.33644224e-10	-5.33644224e-10
139.798	0.287	-0.325	3.087284395e-09	4.60225823e-10	-4.60225823e-10
140.324	0.277	-0.239	3.662151511e-09	5.45922243e-10	-5.45922243e-10
140.879	0.262	-0.277	3.393490098e-09	5.28420498e-10	-5.28420498e-10
141.366	0.298	-0.225	3.497365942e-09	5.44595469e-10	-5.44595469e-10
141.959	0.283	-0.296	3.267771711e-09	4.87131307e-10	-4.87131307e-10
142.534	0.267	-0.292	3.382242294e-09	5.04195558e-10	-5.04195955e-10
143.063	0.314	-0.262	3.225699239e-09	4.9141057e-10	-4.9141057e-10
143.719	0.343	-0.342	4.01931931e-09	5.05589425e-10	-5.05589425e-10
144.385	0.316	-0.323	4.35764668e-09	5.40178844e-10	-5.40178844e-10
145.064	0.227	-0.364	3.199703282e-09	4.76984384e-10	-4.76984384e-10
145.534	0.268	-0.243	3.830362396e-09	5.75923136e-10	-5.75923533e-10
146.131	0.246	-0.329	3.236465482e-09	4.93050577e-10	-4.93050974e-10
146.669	0.220	-0.293	3.629776955e-09	5.52968596e-10	-5.52968993e-10
147.211	0.348	-0.323	4.19535308e-09	5.12545262e-10	-5.12545262e-10
147.878	0.294	-0.318	3.088062912e-09	4.60341747e-10	-4.60342144e-10
148.430	0.298	-0.258	3.339866911e-09	5.0880314e-10	-5.0880314e-10
149.010	0.285	-0.282	3.330030839e-09	4.96412373e-10	-4.96412373e-10
149.588	0.395	-0.292	4.05366378e-09	5.02496398e-10	-5.02496795e-10
150.329	0.246	-0.346	3.190034744e-09	4.75542877e-10	-4.75543274e-10
150.889	0.266	-0.314	3.258527169e-09	4.8575332e-10	-4.8575332e-10
151.442	0.258	-0.287	3.471508538e-09	5.17502601e-10	-5.17502601e-10
151.963	0.304	-0.263	3.330031236e-09	4.96412373e-10	-4.96412373e-10
152.529	0.266	-0.262	3.815152929e-09	5.5067076e-10	-5.5067076e-10
153.198	0.288	-0.402	2.737848568e-09	4.08135056e-10	-4.08135056e-10
153.773	0.218	-0.287	3.680978442e-09	5.60768852e-10	-5.60769249e-10
154.321	0.267	-0.330	3.060970441e-09	4.76641773e-10	-4.76641773e-10
154.837	0.269	-0.248	3.650451921e-09	5.44178222e-10	-5.44178222e-10
155.405	0.264	-0.298	3.367549721e-09	5.13020471e-10	-5.13020471e-10
155.998	0.349	-0.329	2.81307451e-09	4.28550384e-10	-4.28550384e-10
156.613	0.289	-0.266	3.490691181e-09	5.20362192e-10	-5.20362192e-10
157.219	0.289	-0.317	3.193811008e-09	4.76105823e-10	-4.76105823e-10
157.745	0.267	-0.236	3.848378653e-09	5.73683262e-10	-5.73683262e-10
158.283	0.232	-0.271	3.933891659e-09	5.80021367e-10	-5.80021764e-10
158.807	0.308	-0.292	3.231724111e-09	4.81757515e-10	-4.81757912e-10
159.411	0.252	-0.296	3.536004364e-09	5.27117147e-10	-5.27117147e-10
159.938	0.318	-0.275	3.270543962e-09	4.87544584e-10	-4.87544584e-10
160.586	0.285	-0.331	3.14766611e-09	4.69227004e-10	-4.69227004e-10
161.158	0.272	-0.287	3.468508012e-09	5.17055182e-10	-5.17055579e-10
161.743	0.375	-0.313	2.769437461e-09	4.21902619e-10	-4.21902619e-10
162.390	0.282	-0.271	3.501900476e-09	5.22033165e-10	-5.22033562e-10
162.937	0.276	-0.265	3.66214238e-09	5.39954142e-10	-5.39954142e-10
163.473	0.261	-0.260	3.717034776e-09	5.54103619e-10	-5.54103619e-10
163.990	0.261	-0.257	3.683022198e-09	5.610801e-10	-5.61080497e-10
164.548	0.260	-0.297	3.479523968e-09	5.18697571e-10	-5.18697571e-10
165.156	0.236	-0.348	3.320508794e-09	4.94993098e-10	-4.94993098e-10
165.756	0.283	-0.364	2.979125715e-09	4.44102462e-10	-4.44102462e-10
166.293	0.253	-0.254	3.669514273e-09	5.59022449e-10	-5.59022449e-10
166.846	0.270	-0.299	3.268156404e-09	4.97878494e-10	-4.97878891e-10
167.499	0.378	-0.384	2.403974744e-09	3.743370962e-10	-3.743371756e-10
168.121	0.295	-0.244	3.451517603e-09	5.25812208e-10	-5.25812605e-10
168.744	0.297	-0.328	2.979520333e-09	4.53907171e-10	-4.53907171e-10
169.341	0.337	-0.300	2.921287182e-09	4.45035809e-10	-4.45035809e-10
170.049	0.324	-0.372	2.674758122e-09	4.07478815e-10	-4.07478815e-10
170.639	0.324	-0.266	3.150035009e-09	4.79883675e-10	-4.79883675e-10
171.330	0.272	-0.367	2.960224148e-09	4.41284556e-10	-4.41284953e-10
171.925	0.305	-0.323	3.010543501e-09	4.48785871e-10	-4.48785871e-10
172.575	0.321	-0.345	2.796283792e-09	4.25992513e-10	-4.25992513e-10
173.215	0.331	-0.319	2.9115583e-09	4.34030175e-10	-4.34030175e-10
173.949	0.362	-0.403	2.471492534e-09	3.684288628e-10	-3.684289422e-10
174.638	0.418	-0.327	2.495989419e-09	3.802448929e-10	-3.802449723e-10
175.360	0.288	-0.304	3.849759816e-09	5.28395487e-10	-5.28395884e-10
175.991	0.348	-0.342	2.738973666e-09	4.0830259e-10	-4.0830259e-10
176.651	0.353	-0.312	2.876850972e-09	4.28856074e-10	-4.28856471e-10
177.400	0.376	-0.396	2.471047497e-09	3.764451662e-10	-3.764452456e-10
178.195	0.503	-0.418	2.103771681e-09	3.136122144e-10	-3.136122541e-10
179.013	0.256	-0.315	3.394865703e-09	5.06077338e-10	-5.06077735e-10
179.616	0.271	-0.348	3.131472083e-09	4.66812847e-10	-4.66813244e-10
180.164	0.229	-0.276	3.837161021e-09	5.72011098e-10	-5.72011098e-10
180.740	0.335	-0.347	2.845306146e-09	4.24154006e-10	-4.24154006e-10
181.493	0.384	-0.419	2.377856511e-09	3.622482874e-10	-3.622483271e-10
182.154	0.252	-0.277	3.669233991e-09	5.46977866e-10	-5.46977866e-10
182.722	0.320	-0.317	2.995634166e-09	4.56361822e-10	-4.56362219e-10
183.349	0.238	-0.306	3.504618735e-09	5.33901877e-10	-5.33901877e-10
183.877	0.274	-0.290	3.437689696e-09	5.12461098e-10	-5.12461495e-10
184.586	0.371	-0.435	2.290843242e-09	3.646960306e-10	-3.6469611e-10
185.252	0.324	-0.295	3.131507813e-09	4.66818405e-10	-4.66818405e-10
186.027	0.386	-0.452	2.313699723e-09	3.449064937e-10	-3.449065731e-10
186.773	0.295	-0.360	2.961287314e-09	4.41443356e-10	-4.41443356e-10
187.415	0.383	-0.347	2.619443318e-09	3.904841184e-10	-3.904841978e-10
188.129	0.294	-0.331	3.048893304e-09	4.59181713e-10	-4.59181713e-10
188.861	0.451	-0.438	2.126904871e-09	3.170607549e-10	-3.170607946e-10
189.652	0.361	-0.340	2.699114866e-09	4.02360691e-10	-4.02361088e-10
190.429	0.448	-0.416	2.188171896e-09	3.26193859e-10	-3.261939384e-10
191.219	0.318	-0.342	2.866449175e-09	4.27305789e-10	-4.27305789e-10
191.940	0.401	-0.403	2.352827249e-09	3.507392971e-10	-3.507393368e-10
192.758	0.314	-0.416	2.593801088e-09	3.866616039e-10	-3.866616833e-10
193.478	0.349	-0.407	2.502288618e-09	3.730196914e-10	-3.730197708e-10
194.241	0.291	-0.413	2.642754364e-09	4.02603258e-10	-4.02603655e-10
194.847	0.342	-0.315	2.881981403e-09	4.29621093e-10	-4.29621093e-10
195.543	0.432	-0.355	2.40599865e-09	3.586656403e-10	-3.586657197e-10
196.349	0.352	-0.374	2.606501515e-09	3.885548572e-10	-3.885549366e-10
197.029	0.316	-0.328	2.937710278e-09	4.37928715e-10	-4.37928715e-10
197.593	0.289	-0.248	3.52136618e-09	5.24934838e-10	-5.24935235e-10
198.308	0.346	-0.426	2.450891807e-09	3.65357909e-10	-3.653579884e-10
199.042	0.349	-0.387	2.585576042e-09	3.894032065e-10	-3.894032859e-10
199.742	0.261	-0.351	3.092202431e-09	4.60959082e-10	-4.60959082e-10
200.381	0.316	-0.378	2.684138041e-09	4.08908015e-10	-4.08908015e-10
201.013	0.235	-0.316	3.431493717e-09	5.11537676e-10	-5.11537676e-10
201.569	0.334	-0.321	2.89053715e-09	4.30896257e-10	-4.30896654e-10
202.185	0.401	-0.282	2.72601638e-09	4.15287805e-10	-4.15287805e-10
203.048	0.447	-0.462	2.081636946e-09	3.103125886e-10	-3.10312668e-10
203.865	0.329	-0.370	2.663591703e-09	4.05778067e-10	-4.05778067e-10
204.439	0.275	-0.245	3.723815139e-09	5.49047427e-10	-5.49047427e-10
205.018	0.338	-0.304	3.012065996e-09	4.44105638e-10	-4.44105638e-10
205.638	0.396	-0.282	2.791906073e-09	4.16193362e-10	-4.16193362e-10
206.474	0.345	-0.440	2.33529295e-09	3.636423132e-10	-3.636423529e-10
207.228	0.278	-0.409	2.71189509e-09	4.13136462e-10	-4.13136462e-10
208.012	0.505	-0.507	1.869449577e-09	2.786814945e-10	-2.786815342e-10
208.831	0.337	-0.314	2.906356012e-09	4.33254437e-10	-4.33254834e-10
209.523	0.335	-0.354	2.573738693e-09	4.18984272e-10	-4.18984272e-10
210.321	0.458	-0.464	2.053480118e-09	3.06115187e-10	-3.061152267e-10
211.031	0.292	-0.252	3.420833473e-09	5.2113793e-10	-5.2113793e-10
211.731	0.361	-0.408	2.462271812e-09	3.670543694e-10	-3.670544091e-10
212.458	0.362	-0.366	2.559356574e-09	3.898984243e-10	-3.89898464e-10
213.111	0.333	-0.291	3.03048759e-09	4.51759004e-10	-4.51759004e-10
213.891	0.441	-0.447	2.097747206e-09	3.195757499e-10	-3.195757896e-10
214.680	0.348	-0.348	2.720467114e-09	4.05543837e-10	-4.05543837e-10
215.442	0.388	-0.414	2.321043032e-09	3.535931713e-10	-3.535932507e-10
216.220	0.378	-0.391	2.462299602e-09	3.670585379e-10	-3.670585776e-10
217.049	0.454	-0.450	2.060582448e-09	3.139139741e-10	-3.139140535e-10
218.060	0.346	-0.558	2.093947122e-09	3.121476814e-10	-3.121477211e-10
218.856	0.406	-0.450	2.176251177e-09	3.315352558e-10	-3.315352955e-10
219.602	0.355	-0.341	2.720471084e-09	4.05544631e-10	-4.05544631e-10
220.353	0.399	-0.396	2.379652539e-09	3.54738159e-10	-3.547382384e-10
221.197	0.495	-0.444	2.01459238e-09	3.003181533e-10	-3.003182327e-10
221.990	0.288	-0.298	3.23314815e-09	4.8196991e-10	-4.8196991e-10
222.813	0.429	-0.535	1.962555208e-09	2.925608924e-10	-2.925609321e-10
223.658	0.382	-0.417	2.369067725e-09	3.531603222e-10	-3.531604016e-10
224.474	0.382	-0.433	2.322541707e-09	3.462246131e-10	-3.462246528e-10
225.242	0.325	-0.387	2.659264403e-09	3.964203403e-10	-3.964204197e-10
225.995	0.478	-0.428	2.056540194e-09	3.132981874e-10	-3.132982668e-10
227.125	0.511	-0.653	1.626477637e-09	2.424613583e-10	-2.42461398e-10
228.067	0.309	-0.431	2.475632847e-09	3.854954164e-10	-3.854954958e-10
228.885	0.368	-0.509	2.157616394e-09	3.216389192e-10	-3.216389986e-10
229.636	0.397	-0.383	2.428541898e-09	3.620262056e-10	-3.62026285e-10
230.352	0.304	-0.319	2.942511993e-09	4.58195962e-10	-4.58195962e-10
231.088	0.307	-0.433	2.516345991e-09	3.833461378e-10	-3.833461775e-10
231.745	0.352	-0.349	2.656816898e-09	4.04745867e-10	-4.04745867e-10
232.513	0.427	-0.417	2.244115548e-09	3.345334792e-10	-3.345335189e-10
233.373	0.467	-0.433	2.068744768e-09	3.151574575e-10	-3.151574972e-10
234.348	0.501	-0.508	1.876033425e-09	2.796629579e-10	-2.796629976e-10
235.210	0.422	-0.361	2.4175315e-09	3.603848488e-10	-3.603848885e-10
236.157	0.437	-0.526	2.009924057e-09	2.963475975e-10	-2.963476372e-10
236.968	0.423	-0.374	2.374356956e-09	3.539487642e-10	-3.539488039e-10
237.833	0.464	-0.442	2.089805221e-09	3.115302273e-10	-3.11530267e-10
238.707	0.358	-0.411	2.462314291e-09	3.670607214e-10	-3.670608008e-10
239.573	0.484	-0.507	1.879351948e-09	2.863049267e-10	-2.863049664e-10
240.457	0.483	-0.401	2.140296475e-09	3.190570297e-10	-3.190571091e-10
241.294	0.427	-0.354	2.384629728e-09	3.632801301e-10	-3.632802095e-10
242.160	0.451	-0.439	2.093702967e-09	3.189596456e-10	-3.18959725e-10
243.137	0.493	-0.526	1.85650698e-09	2.767521539e-10	-2.767521936e-10
244.009	0.411	-0.379	2.357773075e-09	3.591887672e-10	-3.591888069e-10
244.854	0.361	-0.434	2.341960168e-09	3.567797712e-10	-3.567798109e-10
245.583	0.296	-0.368	2.852062689e-09	4.25161195e-10	-4.25161195e-10
246.340	0.379	-0.461	2.182072388e-09	3.397834072e-10	-3.397834866e-10
247.100	0.473	-0.381	2.21620486e-09	3.303728001e-10	-3.303728795e-10
247.957	0.383	-0.384	2.468163292e-09	3.679326128e-10	-3.679326525e-10
248.911	0.447	-0.571	1.800567298e-09	2.803769624e-10	-2.803770021e-10
249.781	0.542	-0.424	1.959076694e-09	2.92042331e-10	-2.920423707e-10
250.644	0.313	-0.320	2.988144761e-09	4.45447101e-10	-4.45447101e-10
251.425	0.490	-0.469	1.97355846e-09	2.942011376e-10	-2.94201217e-10
252.460	0.491	-0.544	1.827716143e-09	2.724602266e-10	-2.72460306e-10
253.535	0.467	-0.584	1.771264331e-09	2.698385974e-10	-2.698386371e-10
254.420	0.453	-0.417	2.17533768e-09	3.242806763e-10	-3.242807557e-10
255.474	0.433	-0.601	1.830849664e-09	2.729273765e-10	-2.729274162e-10
256.365	0.465	-0.458	2.04956411e-09	3.055313985e-10	-3.055314779e-10
257.281	0.526	-0.451	1.875904003e-09	2.921081139e-10	-2.921081536e-10
258.293	0.494	-0.486	1.930534776e-09	2.877875629e-10	-2.877876026e-10
259.279	0.432	-0.492	2.01695056e-09	3.072670428e-10	-3.072670825e-10
260.369	0.393	-0.659	1.799893589e-09	2.683126882e-10	-2.683127279e-10
261.302	0.525	-0.541	1.747586457e-09	2.662314554e-10	-2.662315348e-10
262.227	0.317	-0.400	2.555536243e-09	3.97937714e-10	-3.97937714e-10
262.940	0.444	-0.396	2.253733667e-09	3.359673241e-10	-3.359673638e-10
264.017	0.442	-0.633	1.761154329e-09	2.625377674e-10	-2.625378468e-10
264.897	0.574	-0.438	1.869485307e-09	2.78686854e-10	-2.786868937e-10
266.040	0.464	-0.569	1.772606588e-09	2.760230634e-10	-2.760231031e-10
267.064	0.511	-0.560	1.767006506e-09	2.634102146e-10	-2.634102543e-10
268.137	0.599	-0.561	1.631525889e-09	2.432139115e-10	-2.432139512e-10
269.286	0.384	-0.550	1.993925354e-09	3.037592699e-10	-3.037593493e-10
270.084	0.439	-0.415	2.145594043e-09	3.341031709e-10	-3.341032106e-10
271.023	0.435	-0.499	2.026165724e-09	3.020434359e-10	-3.020434756e-10
272.011	0.623	-0.553	1.609306196e-09	2.399015817e-10	-2.399016214e-10
273.036	0.452	-0.402	2.215731239e-09	3.303021738e-10	-3.303022532e-10
273.983	0.449	-0.495	1.971004559e-09	3.002674961e-10	-3.002675358e-10
274.933	0.378	-0.501	2.152892491e-09	3.209347206e-10	-3.209348e-10
275.875	0.511	-0.563	1.760788295e-09	2.624832196e-10	-2.62483299e-10
276.883	0.473	-0.497	1.951405463e-09	2.908988122e-10	-2.908988519e-10
277.870	0.489	-0.515	1.88566663e-09	2.81099026e-10	-2.810990657e-10
278.906	0.490	-0.547	1.824213015e-09	2.719380128e-10	-2.719380525e-10
279.948	0.435	-0.552	1.855263179e-09	2.888940019e-10	-2.888940416e-10
280.883	0.650	-0.499	1.646340738e-09	2.454223431e-10	-2.454224225e-10
282.104	0.467	-0.572	1.792142164e-09	2.730191629e-10	-2.730192026e-10
282.993	0.469	-0.421	2.093215054e-09	3.188853272e-10	-3.188854066e-10
283.859	0.371	-0.398	2.462355579e-09	3.670667955e-10	-3.670668749e-10
284.664	0.429	-0.434	2.193270964e-09	3.269540346e-10	-3.269540743e-10
285.711	0.571	-0.618	1.541742354e-09	2.4007384e-10	-2.400738797e-10
286.657	0.367	-0.375	2.550926279e-09	3.802701818e-10	-3.802702612e-10
287.570	0.556	-0.547	1.688412813e-09	2.572167764e-10	-2.572168161e-10
288.580	0.507	-0.454	1.907220554e-09	2.96984584e-10	-2.969846237e-10
289.519	0.439	-0.431	2.175330534e-09	3.242795647e-10	-3.242796441e-10
290.450	0.589	-0.493	1.749599247e-09	2.608152241e-10	-2.608152638e-10
291.605	0.556	-0.566	1.685794995e-09	2.513038981e-10	-2.513039378e-10
292.847	0.711	-0.686	1.355078909e-09	2.02003525e-10	-2.020035647e-10
294.069	0.530	-0.511	1.818200053e-09	2.710416662e-10	-2.710417456e-10
295.088	0.377	-0.490	2.183919232e-09	3.255599294e-10	-3.255599691e-10
296.050	0.467	-0.584	1.839605499e-09	2.712354022e-10	-2.712354816e-10
297.029	0.612	-0.512	1.682887367e-09	2.508704138e-10	-2.508704535e-10
298.232	0.550	-0.591	1.65924165e-09	2.473455302e-10	-2.473455699e-10
299.506	0.528	-0.724	1.510768811e-09	2.252124626e-10	-2.252125023e-10
300.475	0.395	-0.441	2.26291191e-09	3.373354655e-10	-3.373355449e-10
301.409	0.506	-0.538	1.811871873e-09	2.700983148e-10	-2.700983545e-10
302.477	0.423	-0.562	1.919799102e-09	2.861871765e-10	-2.861872162e-10
303.401	0.490	-0.501	1.848728956e-09	2.878765306e-10	-2.878765703e-10
304.351	0.309	-0.460	2.461966916e-09	3.670089129e-10	-3.670089526e-10
305.174	0.484	-0.514	1.896096217e-09	2.826537574e-10	-2.826538368e-10
306.090	0.487	-0.433	1.992000698e-09	3.101861838e-10	-3.101862235e-10
307.052	0.578	-0.475	1.796818824e-09	2.67854312e-10	-2.678543517e-10
308.244	0.546	-0.614	1.631495717e-09	2.43209346e-10	-2.432094254e-10
309.341	0.441	-0.550	1.909724433e-09	2.846853255e-10	-2.846853652e-10
310.232	0.509	-0.450	1.910713757e-09	2.975285137e-10	-2.975285931e-10
311.317	0.646	-0.576	1.5237257e-09	2.321280041e-10	-2.321280438e-10
312.444	0.468	-0.481	1.995715824e-09	2.975041776e-10	-2.975042173e-10
313.443	0.534	-0.532	1.7758207e-09	2.647241258e-10	-2.647242052e-10
314.547	0.577	-0.570	1.596689139e-09	2.486299046e-10	-2.486299443e-10
315.763	0.505	-0.639	1.627674592e-09	2.479637783e-10	-2.47963818e-10
316.871	0.623	-0.603	1.543524884e-09	2.300954038e-10	-2.300954435e-10
318.189	0.408	-0.695	1.688018989e-09	2.571568294e-10	-2.571568691e-10
319.216	0.550	-0.619	1.592929152e-09	2.426705773e-10	-2.42670617e-10
320.457	0.519	-0.691	1.539047518e-09	2.344621259e-10	-2.344621656e-10
321.514	0.699	-0.538	1.530179332e-09	2.281059971e-10	-2.281060368e-10
322.815	0.471	-0.602	1.735575619e-09	2.644017221e-10	-2.644017618e-10
323.908	0.525	-0.623	1.622570363e-09	2.471861744e-10	-2.471862141e-10
325.108	0.636	-0.675	1.443004881e-09	2.151107579e-10	-2.151107976e-10
326.292	0.516	-0.548	1.818146855e-09	2.680715504e-10	-2.680715901e-10
327.232	0.435	-0.424	2.167174169e-09	3.301524254e-10	-3.301525048e-10
328.192	0.520	-0.525	1.783211649e-09	2.716586836e-10	-2.716587233e-10
329.208	0.381	-0.496	2.054552812e-09	3.270792087e-10	-3.270792484e-10
330.270	0.609	-0.681	1.443794514e-09	2.199510613e-10	-2.19951101e-10
331.489	0.605	-0.610	1.557367877e-09	2.321590495e-10	-2.321590892e-10
332.610	0.352	-0.516	2.144969562e-09	3.267697472e-10	-3.267697869e-10
333.670	0.582	-0.708	1.467132159e-09	2.187074588e-10	-2.187074985e-10
334.800	0.452	-0.548	1.892668916e-09	2.821428581e-10	-2.821428978e-10
335.754	0.408	-0.503	2.011391766e-09	3.132056864e-10	-3.132057658e-10
336.809	0.588	-0.647	1.50817918e-09	2.297595815e-10	-2.297596212e-10
338.064	0.564	-0.667	1.536945006e-09	2.291145756e-10	-2.291146153e-10
339.135	0.492	-0.506	1.895799261e-09	2.826094919e-10	-2.826095316e-10
340.190	0.587	-0.564	1.643807481e-09	2.450447167e-10	-2.450447564e-10
341.270	0.498	-0.493	1.879030775e-09	2.862559766e-10	-2.862560163e-10
342.258	0.450	-0.490	1.9501831e-09	3.036745104e-10	-3.036745501e-10
343.218	0.643	-0.510	1.615168695e-09	2.46058615e-10	-2.460586547e-10
344.490	0.702	-0.629	1.399251114e-09	2.131652197e-10	-2.131652594e-10
345.719	0.499	-0.527	1.813908483e-09	2.763351054e-10	-2.763351451e-10
346.972	0.650	-0.754	1.326521508e-09	2.020854261e-10	-2.020854261e-10
348.241	0.690	-0.619	1.376107602e-09	2.190725797e-10	-2.190726194e-10
349.643	0.516	-0.712	1.516903255e-09	2.310885787e-10	-2.310886581e-10
350.720	0.526	-0.561	1.740745353e-09	2.594953579e-10	-2.594953976e-10
351.873	0.565	-0.627	1.587458889e-09	2.366447525e-10	-2.366447922e-10
353.122	0.725	-0.684	1.342931503e-09	2.001926889e-10	-2.001927286e-10
354.487	0.554	-0.640	1.585077683e-09	2.362897948e-10	-2.362898345e-10
355.695	0.662	-0.654	1.437280141e-09	2.142573667e-10	-2.142574064e-10
357.143	0.579	-0.786	1.364619613e-09	2.078893676e-10	-2.078894073e-10
358.357	0.558	-0.635	1.559941231e-09	2.376451131e-10	-2.376451528e-10
359.581	0.447	-0.665	1.701852057e-09	2.536974905e-10	-2.536975302e-10
360.694	0.670	-0.666	1.416308616e-09	2.111311505e-10	-2.111311902e-10
362.190	0.628	-0.826	1.281200782e-09	1.951811197e-10	-1.951811594e-10
363.431	0.591	-0.613	1.546122455e-09	2.355399809e-10	-2.355400206e-10
364.583	0.690	-0.561	1.513015434e-09	2.255473718e-10	-2.255474115e-10
365.884	0.810	-0.612	1.331244617e-09	1.984505338e-10	-1.984505735e-10
367.630	0.635	-0.936	1.166251417e-09	1.816039182e-10	-1.816039579e-10
369.170	0.522	-0.905	1.334550039e-09	2.009912147e-10	-2.009912147e-10
370.481	0.826	-0.789	1.152727215e-09	1.756091785e-10	-1.756092182e-10
371.978	0.811	-0.671	1.276826239e-09	1.903383152e-10	-1.903383549e-10
373.613	0.561	-0.823	1.367075058e-09	2.037918115e-10	-2.037918512e-10
374.906	0.629	-0.732	1.390307101e-09	2.07255041e-10	-2.072550807e-10
376.449	0.771	-0.914	1.087367517e-09	1.693204206e-10	-1.693204603e-10
377.785	0.467	-0.565	1.83376682e-09	2.733622106e-10	-2.733622503e-10
379.021	0.749	-0.770	1.205815643e-09	1.877646833e-10	-1.87764723e-10
380.221	0.432	-0.450	2.144502293e-09	3.196840118e-10	-3.196840515e-10
381.272	0.648	-0.618	1.493894326e-09	2.226969515e-10	-2.226969912e-10
382.653	0.536	-0.733	1.491799357e-09	2.223846316e-10	-2.223846713e-10
383.883	0.687	-0.694	1.327065398e-09	2.066451696e-10	-2.066452093e-10
385.107	0.588	-0.538	1.680356889e-09	2.504931447e-10	-2.504932241e-10
386.541	0.666	-0.846	1.171712946e-09	1.907455975e-10	-1.907456372e-10
388.106	0.806	-0.899	1.110284739e-09	1.655117614e-10	-1.655117614e-10
389.609	0.554	-0.697	1.513040842e-09	2.25551183e-10	-2.255512227e-10
390.601	0.598	-0.438	1.740303889e-09	2.770516507e-10	-2.770516904e-10
391.926	0.852	-0.728	1.197803786e-09	1.785583327e-10	-1.785583724e-10
393.495	0.851	-0.717	1.168881939e-09	1.820135031e-10	-1.820135428e-10
394.994	0.497	-0.648	1.651604561e-09	2.462070533e-10	-2.46207093e-10
396.061	0.658	-0.570	1.541498993e-09	2.297934456e-10	-2.297934853e-10
397.396	0.691	-0.677	1.38315197e-09	2.061884211e-10	-2.061884608e-10
398.757	0.631	-0.670	1.431917862e-09	2.181417338e-10	-2.181417735e-10
400.077	0.657	-0.690	1.405065179e-09	2.094550562e-10	-2.094550959e-10
401.286	0.630	-0.552	1.601722305e-09	2.387710448e-10	-2.387710845e-10
402.571	0.727	-0.656	1.346997577e-09	2.052047742e-10	-2.052048139e-10
404.203	0.655	-0.905	1.212713121e-09	1.807808578e-10	-1.807808975e-10
405.343	0.378	-0.485	2.157990368e-09	3.287533577e-10	-3.287534371e-10
406.457	0.807	-0.736	1.207186087e-09	1.839055654e-10	-1.839056051e-10
407.927	0.610	-0.664	1.485391777e-09	2.214294496e-10	-2.214294893e-10
409.271	0.943	-0.733	1.129023933e-09	1.683052122e-10	-1.683052122e-10
410.889	0.609	-0.675	1.449601433e-09	2.208357361e-10	-2.208357758e-10
412.198	0.599	-0.700	1.456870503e-09	2.171777781e-10	-2.171778178e-10
413.479	0.592	-0.682	1.485330639e-09	2.214203583e-10	-2.21420398e-10
414.922	0.773	-0.851	1.190723291e-09	1.755628089e-10	-1.755628486e-10
416.515	0.505	-0.820	1.404818642e-09	2.140134102e-10	-2.140134499e-10
417.609	0.600	-0.589	1.566753354e-09	2.386828711e-10	-2.386829505e-10
418.850	0.925	-0.641	1.18928893e-09	1.811790885e-10	-1.811791282e-10
420.562	0.626	-0.788	1.316444854e-09	2.005503462e-10	-2.005503462e-10
421.994	0.698	-0.805	1.218518452e-09	1.897427358e-10	-1.897427755e-10
423.267	0.694	-0.575	1.467834849e-09	2.23613426e-10	-2.236134657e-10
424.561	0.643	-0.601	1.521477489e-09	2.268088393e-10	-2.26808879e-10
425.944	0.700	-0.739	1.31458213e-09	1.959666239e-10	-1.959666239e-10
427.298	0.550	-0.655	1.570884139e-09	2.341739436e-10	-2.341739833e-10
428.464	0.613	-0.616	1.539057443e-09	2.29429476e-10	-2.294295157e-10
429.926	0.875	-0.849	1.045131878e-09	1.663821442e-10	-1.663821839e-10
431.865	1.020	-1.064	9.08204593e-10	1.353873617e-10	-1.353873617e-10
433.814	1.250	-0.929	8.54576245e-10	1.301881703e-10	-1.301881703e-10
435.730	0.852	-0.666	1.207408804e-09	1.880127289e-10	-1.880127686e-10
437.472	0.706	-0.890	1.185937853e-09	1.767894595e-10	-1.767894595e-10
438.831	0.754	-0.653	1.344846234e-09	2.004781716e-10	-2.004782113e-10
440.252	0.876	-0.667	1.226959069e-09	1.829045696e-10	-1.829045696e-10
441.987	0.752	-0.860	1.155460957e-09	1.760256712e-10	-1.760257109e-10
443.400	0.861	-0.660	1.244072151e-09	1.854555725e-10	-1.854556122e-10
444.816	0.580	-0.555	1.666953772e-09	2.484951628e-10	-2.484952422e-10
446.154	0.781	-0.758	1.190361227e-09	1.853581487e-10	-1.853581884e-10
447.691	0.652	-0.757	1.321446657e-09	2.013122686e-10	-2.013123083e-10
449.205	0.791	-0.862	1.108369214e-09	1.725907081e-10	-1.725907478e-10
450.767	0.967	-0.771	1.071223909e-09	1.631927653e-10	-1.63192805e-10
452.519	0.691	-0.784	1.28289756e-09	1.912433958e-10	-1.912434355e-10
454.134	0.864	-0.924	1.024536709e-09	1.595366732e-10	-1.595367129e-10
455.608	0.713	-0.611	1.383942e-09	2.155018029e-10	-2.155018426e-10
457.174	0.805	-0.853	1.141111392e-09	1.701071158e-10	-1.701071555e-10
459.091	1.100	-1.111	8.01134884e-10	1.304183906e-10	-1.304183906e-10
461.035	0.826	-0.844	1.114580676e-09	1.697978528e-10	-1.697978528e-10
462.391	0.582	-0.530	1.674554337e-09	2.551055304e-10	-2.551055701e-10
463.724	0.798	-0.751	1.221012009e-09	1.820179495e-10	-1.820179892e-10
465.181	1.022	-0.658	1.108842438e-09	1.689236588e-10	-1.689236985e-10
466.931	0.631	-0.729	1.392306393e-09	2.075531086e-10	-2.075531086e-10
468.247	0.852	-0.685	1.191991706e-09	1.856121096e-10	-1.856121096e-10
470.077	0.849	-0.978	1.035764266e-09	1.544028677e-10	-1.544029074e-10
471.680	0.607	-0.754	1.421395774e-09	2.095736798e-10	-2.095737195e-10
472.955	0.732	-0.668	1.351615481e-09	2.014872662e-10	-2.014873059e-10
474.672	0.744	-0.985	1.094373773e-09	1.631398849e-10	-1.631398849e-10
476.277	1.202	-0.860	8.73824393e-10	1.391104674e-10	-1.391105071e-10
478.386	0.688	-0.908	1.185648837e-09	1.767463453e-10	-1.76746385e-10
479.916	0.699	-0.842	1.228102429e-09	1.83074962e-10	-1.830750017e-10
481.291	0.846	-0.676	1.243905014e-09	1.854306409e-10	-1.854306806e-10
482.821	0.696	-0.685	1.326906201e-09	2.066203968e-10	-2.066204365e-10
484.214	0.826	-0.697	1.222665911e-09	1.862638248e-10	-1.862638645e-10
485.643	0.841	-0.604	1.309755404e-09	1.952471011e-10	-1.952471408e-10
487.207	0.627	-0.723	1.401178152e-09	2.088756347e-10	-2.088756744e-10
488.514	0.972	-0.679	1.146022679e-09	1.708391838e-10	-1.708392235e-10
490.387	0.707	-0.902	1.157705992e-09	1.76367647e-10	-1.763676867e-10
492.205	1.020	-1.111	8.73597706e-10	1.33085913e-10	-1.330859527e-10
494.127	0.789	-0.901	1.083842157e-09	1.68771449e-10	-1.687714887e-10
495.722	0.654	-0.807	1.274745562e-09	1.94197711e-10	-1.941977507e-10
497.265	0.832	-0.888	1.099811879e-09	1.639505192e-10	-1.639505589e-10
499.011	0.697	-0.914	1.173865083e-09	1.749897394e-10	-1.749897394e-10
500.643	0.660	-0.934	1.149191136e-09	1.78947353e-10	-1.78947353e-10
502.318	1.023	-1.016	9.13256418e-10	1.391276575e-10	-1.391276575e-10
504.197	0.703	-0.856	1.214058157e-09	1.809813825e-10	-1.809814222e-10
505.611	0.762	-0.711	1.264013064e-09	1.925627062e-10	-1.925627459e-10
507.094	0.500	-0.721	1.550374722e-09	2.311165275e-10	-2.311165672e-10
508.501	0.849	-0.907	1.077712874e-09	1.606562132e-10	-1.606562529e-10
510.200	0.822	-0.851	1.131599669e-09	1.686891509e-10	-1.686891906e-10
511.691	0.783	-0.669	1.30357332e-09	1.94325545e-10	-1.943255847e-10
513.301	0.690	-0.827	1.167642108e-09	1.900828854e-10	-1.900829251e-10
514.814	0.740	-0.822	1.211511799e-09	1.806018108e-10	-1.806018505e-10
516.452	0.806	-0.899	1.110344289e-09	1.655205748e-10	-1.655206145e-10
518.032	0.630	-0.774	1.356689538e-09	2.043255383e-10	-2.04325578e-10
519.438	0.679	-0.777	1.238285876e-09	1.971317395e-10	-1.971317792e-10
521.080	0.841	-0.963	1.049008583e-09	1.563771884e-10	-1.563772281e-10
522.775	0.682	-0.854	1.232555181e-09	1.83738746e-10	-1.837387857e-10
524.655	1.288	-1.199	7.24559142e-10	1.153478339e-10	-1.153478736e-10
526.735	0.737	-0.791	1.218590706e-09	1.856429565e-10	-1.856429962e-10
528.391	1.113	-0.919	9.16606701e-10	1.396380407e-10	-1.396380804e-10
530.242	0.769	-0.738	1.235815345e-09	1.882670471e-10	-1.882670868e-10
531.742	0.846	-0.732	1.160994343e-09	1.807852645e-10	-1.807853042e-10
533.788	0.916	-1.200	8.94585508e-10	1.333571434e-10	-1.333571831e-10
535.823	0.904	-1.119	9.35499534e-10	1.394562147e-10	-1.394562544e-10
537.749	1.019	-1.022	9.27334038e-10	1.382390127e-10	-1.382390524e-10
539.581	0.675	-0.814	1.250500375e-09	1.905042215e-10	-1.905042215e-10
540.988	0.691	-0.731	1.309924526e-09	1.995569728e-10	-1.995570125e-10
542.481	0.744	-0.802	1.184936222e-09	1.845134121e-10	-1.845134518e-10
544.122	1.025	-0.898	9.83848576e-10	1.466637497e-10	-1.466637497e-10
545.916	1.007	-0.768	1.0487152e-09	1.597637572e-10	-1.597637572e-10
547.804	0.909	-0.881	1.040386537e-09	1.584949452e-10	-1.584949849e-10
549.592	0.859	-0.879	1.071273534e-09	1.63200348e-10	-1.632003877e-10
551.319	0.815	-0.868	1.106504902e-09	1.685675498e-10	-1.685675895e-10
553.016	0.865	-0.882	1.083175594e-09	1.614705396e-10	-1.614705396e-10
555.218	0.909	-1.337	8.42851247e-10	1.256450214e-10	-1.256450214e-10
557.187	1.018	-1.061	8.67204418e-10	1.380565912e-10	-1.380566309e-10
559.154	0.748	-0.949	1.114972118e-09	1.662104417e-10	-1.662104814e-10
560.713	0.890	-0.811	1.112634979e-09	1.658620345e-10	-1.658620742e-10
562.699	0.998	-1.096	8.74941551e-10	1.362423012e-10	-1.362423409e-10
564.416	0.689	-0.720	1.321630468e-09	2.013403365e-10	-2.013403762e-10
565.929	0.723	-0.823	1.185062468e-09	1.845330636e-10	-1.845331033e-10
567.456	0.852	-0.805	1.142488188e-09	1.703123648e-10	-1.703124045e-10
569.464	0.781	-1.156	9.61191389e-10	1.464301549e-10	-1.464301946e-10
571.193	0.902	-0.948	9.90243055e-10	1.541965865e-10	-1.541966262e-10
573.194	0.825	-1.098	9.68422347e-10	1.475317902e-10	-1.475317902e-10
574.794	0.600	-0.775	1.354278954e-09	2.063140319e-10	-2.063140716e-10
576.058	0.704	-0.664	1.383348882e-09	2.062177991e-10	-2.062178388e-10
577.559	0.950	-0.797	1.083287151e-09	1.614871739e-10	-1.614872136e-10
579.465	0.898	-0.955	1.02091726e-09	1.521895927e-10	-1.521896324e-10
581.461	1.094	-1.098	8.63440858e-10	1.287143475e-10	-1.287143872e-10
583.480	0.786	-0.925	1.105611255e-09	1.648150264e-10	-1.648150264e-10
585.316	1.058	-1.049	8.84005458e-10	1.346714913e-10	-1.346714913e-10
587.387	0.901	-1.013	9.41286603e-10	1.498503099e-10	-1.498503099e-10
589.467	0.813	-1.180	9.49640674e-10	1.415642847e-10	-1.415642847e-10
591.041	0.760	-0.761	1.224166968e-09	1.864924571e-10	-1.864924968e-10
593.376	0.992	-1.575	7.13602339e-10	1.111192281e-10	-1.111192281e-10
595.220	0.789	-0.851	1.153558136e-09	1.71962535e-10	-1.71962535e-10
596.943	1.241	-0.934	8.42660687e-10	1.312156857e-10	-1.312157254e-10
599.179	0.972	-0.995	9.61641984e-10	1.433532858e-10	-1.433533255e-10
601.047	1.394	-0.896	8.26397185e-10	1.231921966e-10	-1.231922363e-10
603.232	0.650	-0.791	1.313071942e-09	1.957414852e-10	-1.957415249e-10
604.617	0.833	-0.736	1.206010173e-09	1.797816485e-10	-1.797816882e-10
606.510	0.908	-1.060	9.15850416e-10	1.458009099e-10	-1.458009496e-10
608.469	0.917	-1.051	9.61747586e-10	1.433690864e-10	-1.433691261e-10
610.344	0.804	-0.957	1.057339231e-09	1.61077589e-10	-1.61077589e-10
612.173	0.978	-1.025	9.44676189e-10	1.408241973e-10	-1.40824237e-10
614.161	1.248	-1.010	8.24821095e-10	1.256552243e-10	-1.25655264e-10
616.435	1.005	-1.026	9.31273866e-10	1.388263345e-10	-1.388263742e-10
618.657	1.106	-1.216	8.01992404e-10	1.221774646e-10	-1.221774646e-10
620.733	1.168	-0.970	8.56629529e-10	1.33390809e-10	-1.333908487e-10
622.916	0.975	-1.016	9.50425146e-10	1.416812409e-10	-1.416812806e-10
624.738	1.070	-0.846	9.87537103e-10	1.47213555e-10	-1.472135947e-10
626.902	0.964	-1.094	9.04683997e-10	1.378216863e-10	-1.37821726e-10
628.747	1.112	-0.881	8.74133259e-10	1.455486561e-10	-1.455486958e-10
630.727	0.801	-0.868	1.133948718e-09	1.690393843e-10	-1.690393843e-10
632.515	1.169	-0.988	8.6363777e-10	1.315686187e-10	-1.315686584e-10
634.483	1.252	-0.799	9.22509694e-10	1.375198075e-10	-1.375198472e-10
636.739	0.911	-1.004	9.88477993e-10	1.473538548e-10	-1.473538548e-10
638.642	1.079	-0.992	9.13753462e-10	1.362145112e-10	-1.362145509e-10
640.587	0.948	-0.867	1.009565839e-09	1.572054892e-10	-1.572055289e-10
642.670	1.095	-1.135	8.48852299e-10	1.265395815e-10	-1.265396212e-10
644.517	0.740	-0.753	1.267699209e-09	1.889777168e-10	-1.889777565e-10
646.197	1.043	-0.940	9.53906042e-10	1.422001199e-10	-1.422001596e-10
648.102	1.138	-0.862	9.01074473e-10	1.434486055e-10	-1.434486055e-10
650.102	1.038	-0.862	9.95868148e-10	1.484554901e-10	-1.484555298e-10
651.921	0.913	-0.780	1.142049106e-09	1.683862002e-10	-1.683862002e-10
653.782	0.844	-0.948	1.056186343e-09	1.574471828e-10	-1.574472225e-10
656.107	0.951	-1.481	7.58196555e-10	1.192108424e-10	-1.192108821e-10
658.291	0.987	-1.233	8.52264514e-10	1.270482576e-10	-1.270482973e-10
660.302	0.943	-1.024	9.1578769e-10	1.457909055e-10	-1.457909055e-10
662.304	0.930	-1.058	9.21923722e-10	1.435581775e-10	-1.435582172e-10
664.117	0.797	-0.884	1.125529936e-09	1.677843482e-10	-1.677843879e-10
665.940	1.209	-1.026	8.46838715e-10	1.262394495e-10	-1.262394495e-10
668.073	0.798	-0.924	1.081215605e-09	1.647149427e-10	-1.647149824e-10
669.943	1.147	-1.072	8.39283011e-10	1.278583758e-10	-1.278584155e-10
671.877	1.122	-0.787	9.75382948e-10	1.485921375e-10	-1.485921772e-10
673.992	0.978	-0.993	9.44565029e-10	1.438972552e-10	-1.438972949e-10
676.414	1.197	-1.443	7.05239931e-10	1.074379265e-10	-1.074379265e-10
678.492	0.656	-0.881	1.230957256e-09	1.83500546e-10	-1.835005857e-10
680.284	1.032	-1.137	8.72474196e-10	1.300609318e-10	-1.300609715e-10
682.355	0.962	-1.039	9.45375306e-10	1.409284495e-10	-1.409284495e-10
684.235	0.812	-0.918	1.094185198e-09	1.631117376e-10	-1.631117376e-10
686.025	0.750	-0.978	1.077877232e-09	1.642063857e-10	-1.642064254e-10
687.760	0.886	-0.985	9.78808264e-10	1.524160018e-10	-1.524160415e-10
689.749	1.160	-1.103	8.36104232e-10	1.246392616e-10	-1.246392616e-10
692.325	1.232	-1.416	7.14724658e-10	1.065449941e-10	-1.065450338e-10
694.358	1.124	-0.801	9.82921581e-10	1.465255143e-10	-1.46525554e-10
696.585	1.067	-1.103	8.43995401e-10	1.314234755e-10	-1.314235152e-10
698.860	1.163	-1.208	7.47076188e-10	1.216180916e-10	-1.216180916e-10
701.181	0.992	-1.158	8.52531695e-10	1.327527109e-10	-1.327527506e-10
703.132	1.101	-0.959	9.03958678e-10	1.377112012e-10	-1.377112012e-10
705.475	1.014	-1.242	8.38903082e-10	1.250564689e-10	-1.250564689e-10
707.647	1.292	-1.158	7.47899963e-10	1.164599103e-10	-1.1645995e-10
710.431	1.308	-1.492	6.32763214e-10	1.030088357e-10	-1.030088754e-10
713.409	1.522	-1.670	5.92880991e-10	8.83816089e-11	-8.83816089e-11
716.036	1.042	-1.105	8.67199654e-10	1.321111986e-10	-1.321112383e-10
718.274	0.859	-1.196	9.06241428e-10	1.380589732e-10	-1.380589732e-10
720.096	1.220	-0.963	8.53044222e-10	1.29954774e-10	-1.29954774e-10
722.686	1.103	-1.370	7.65095224e-10	1.140538521e-10	-1.140538521e-10
724.656	0.948	-0.867	1.04262522e-09	1.554256191e-10	-1.554256588e-10
726.744	1.100	-1.140	8.31261626e-10	1.266363304e-10	-1.266363701e-10
729.019	1.362	-1.175	7.33905316e-10	1.118048868e-10	-1.118048868e-10
731.690	1.294	-1.309	7.03857577e-10	1.096018544e-10	-1.096018544e-10
733.911	1.079	-0.927	9.43002437e-10	1.405747225e-10	-1.405747225e-10
735.987	1.004	-0.996	9.01182854e-10	1.43465875e-10	-1.43465875e-10
738.078	0.932	-1.087	9.22283007e-10	1.405027861e-10	-1.405027861e-10
740.271	1.347	-1.262	7.02498249e-10	1.09390174e-10	-1.093902137e-10
742.462	1.228	-0.845	9.12973754e-10	1.360983093e-10	-1.360983093e-10
744.927	0.996	-1.236	8.47408013e-10	1.263242884e-10	-1.263243281e-10
747.027	1.079	-1.104	8.66753426e-10	1.292081758e-10	-1.292082155e-10
749.438	1.129	-1.331	7.56745123e-10	1.152843536e-10	-1.152843933e-10
751.693	1.673	-1.126	6.6534024e-10	1.013594992e-10	-1.013594992e-10
754.641	1.176	-1.276	7.71710832e-10	1.150400398e-10	-1.150400795e-10
756.925	1.199	-1.108	8.19905838e-10	1.222245091e-10	-1.222245091e-10
759.330	1.212	-1.206	7.82513202e-10	1.166503115e-10	-1.166503512e-10
761.766	0.867	-1.223	9.05036136e-10	1.349150111e-10	-1.349150508e-10
763.695	1.444	-1.063	7.30736462e-10	1.137873063e-10	-1.137873063e-10
766.829	1.721	-1.690	5.10628546e-10	8.50228301e-11	-8.50228301e-11
769.697	1.120	-1.147	8.34760387e-10	1.244388957e-10	-1.244389354e-10
772.119	1.128	-1.303	7.78534865e-10	1.160572729e-10	-1.160573126e-10
775.150	1.691	-1.903	5.01368521e-10	7.98164927e-11	-7.98164927e-11
777.799	1.022	-0.958	9.40371518e-10	1.432584425e-10	-1.432584822e-10
780.157	1.610	-1.336	6.32018045e-10	9.62831396e-11	-9.62831396e-11
4255.439	11.729	-15.852	1.051559705e-10	2.199338315e-11	-2.199338315e-11
4280.825	13.924	-13.657	9.11677549e-11	2.049317573e-11	-2.049317573e-11
4308.281	16.556	-13.532	8.35043448e-11	1.867213673e-11	-1.867213673e-11
4339.871	20.068	-15.034	7.04539623e-11	1.583702078e-11	-1.583702078e-11
4382.600	27.486	-22.660	5.09570144e-11	1.143429872e-11	-1.143429872e-11
4428.130	12.043	-18.044	8.32720998e-11	1.87183515e-11	-1.87183515e-11
4451.576	13.671	-11.402	1.017385548e-10	2.274943392e-11	-2.274943392e-11
4478.913	11.407	-13.666	1.06253874e-10	2.322515108e-11	-2.322515108e-11
4512.494	17.943	-22.174	6.26172617e-11	1.410021327e-11	-1.410021327e-11
4544.599	10.911	-14.162	1.010411846e-10	2.26330494e-11	-2.26330494e-11
4574.066	14.040	-18.555	8.12276689e-11	1.775488411e-11	-1.775488411e-11
4605.046	15.655	-16.940	8.86988119e-11	1.863658538e-11	-1.863658538e-11
4643.542	22.291	-22.841	5.8147002e-11	1.279519487e-11	-1.279519487e-11
4685.502	15.433	-19.669	7.09302829e-11	1.594408771e-11	-1.594408771e-11
4721.097	14.940	-20.162	7.88605961e-11	1.686673159e-11	-1.686673159e-11
4759.218	19.444	-23.181	5.91695946e-11	1.327713699e-11	-1.327713699e-11
4800.210	21.077	-21.547	5.92320427e-11	1.326787498e-11	-1.326787498e-11
4842.334	16.562	-21.048	6.66450649e-11	1.500719947e-11	-1.500719947e-11
4876.689	14.803	-17.792	7.72440915e-11	1.742455232e-11	-1.742455232e-11
4908.976	17.618	-17.485	8.13194156e-11	1.708608997e-11	-1.708608997e-11
4936.080	15.587	-9.486	1.055868743e-10	2.31565733e-11	-2.31565733e-11
4966.828	17.434	-15.161	7.84562119e-11	1.760488163e-11	-1.760488163e-11
5002.220	17.145	-17.957	7.44094718e-11	1.629171282e-11	-1.629171282e-11
5041.740	15.234	-22.375	7.04286734e-11	1.542013505e-11	-1.542013505e-11
5083.789	18.317	-26.814	5.51347645e-11	1.241529763e-11	-1.241529763e-11
5129.045	18.194	-26.938	5.58342785e-11	1.255072624e-11	-1.255072624e-11
5161.857	17.977	-14.618	8.14216034e-11	1.782699916e-11	-1.782699916e-11
5192.491	9.908	-12.658	1.104208257e-10	2.477745681e-11	-2.477745681e-11
5223.461	21.563	-21.062	6.20446686e-11	1.36300025e-11	-1.36300025e-11
5267.827	19.822	-22.803	5.96991529e-11	1.344311475e-11	-1.344311475e-11
5302.056	25.709	-14.408	6.27068249e-11	1.409557631e-11	-1.409557631e-11
5347.310	15.558	-19.545	7.22439559e-11	1.626795634e-11	-1.626795634e-11
5395.321	20.200	-32.454	5.2263065e-11	1.121378507e-11	-1.121378507e-11
5433.599	22.040	-18.078	6.64950783e-11	1.458323126e-11	-1.458323126e-11
5480.692	22.586	-25.053	5.82321982e-11	1.24547237e-11	-1.24547237e-11
5531.143	19.774	-27.865	5.48702037e-11	1.209443429e-11	-1.209443429e-11
5576.026	27.544	-25.109	5.02547611e-11	1.102151797e-11	-1.102151797e-11
5623.993	19.694	-20.423	6.28835296e-11	1.413530013e-11	-1.413530013e-11
5666.299	17.505	-22.612	6.67159691e-11	1.460724182e-11	-1.460724182e-11
5720.369	23.611	-36.564	4.36063609e-11	9.57945914e-12	-9.57945914e-12
5789.215	22.462	-45.235	3.720594278e-11	8.45242378e-12	-8.45242378e-12
5831.972	24.838	-20.294	5.60565985e-11	1.262287702e-11	-1.262287702e-11
5883.002	23.954	-26.192	5.25340572e-11	1.159899814e-11	-1.159899814e-11
5933.151	18.936	-26.196	5.92375213e-11	1.307905384e-11	-1.307905384e-11
5979.400	30.356	-27.312	4.37038244e-11	9.87602211e-12	-9.87602211e-12
6022.288	15.048	-12.532	9.24704707e-11	2.06770304e-11	-2.06770304e-11
6054.584	12.840	-17.248	8.80138281e-11	1.93025767e-11	-1.93025767e-11
6090.351	24.712	-22.927	5.29787766e-11	1.195083939e-11	-1.195083939e-11
6133.607	21.573	-18.545	6.25473897e-11	1.410930457e-11	-1.410930457e-11
6177.846	19.958	-22.666	6.51278897e-11	1.395181467e-11	-1.395181467e-11
6217.349	20.572	-19.545	6.27173851e-11	1.41227589e-11	-1.41227589e-11
6257.061	13.455	-19.140	8.57741923e-11	1.840407836e-11	-1.840407836e-11
6294.555	23.601	-24.038	5.57149006e-11	1.228062332e-11	-1.228062332e-11
6335.521	15.229	-17.366	8.14049294e-11	1.788307541e-11	-1.788307541e-11
6368.594	14.752	-17.843	8.12101215e-11	1.775104909e-11	-1.775104909e-11
6402.145	16.303	-18.799	7.26177711e-11	1.638095842e-11	-1.638095842e-11
6442.505	21.075	-24.057	5.62560116e-11	1.262334945e-11	-1.262334945e-11
6493.175	33.070	-29.595	6.43853409e-11	1.146952453e-11	-1.146952453e-11
10910.336	18.309	-16.794	5.95819982e-11	1.33719525e-11	-1.33719525e-11
10949.116	19.647	-20.471	5.47035431e-11	1.204236774e-11	-1.204236774e-11
11010.357	41.147	-41.594	2.506769557e-11	5.67813617e-12	-5.67813617e-12
11083.787	27.892	-32.284	3.731071902e-11	8.15610298e-12	-8.15610298e-12
11135.488	31.353	-23.808	3.771749316e-11	8.51187453e-12	-8.51187453e-12
11190.028	24.452	-23.187	4.40323816e-11	9.90037012e-12	-9.90037012e-12
11236.740	20.364	-22.260	5.1551244e-11	1.128881013e-11	-1.128881013e-11
11284.495	25.263	-27.390	4.14054723e-11	9.11494929e-12	-9.11494929e-12
11333.445	16.430	-23.687	5.21798538e-11	1.171069012e-11	-1.171069012e-11
11371.680	30.849	-21.805	3.927567846e-11	8.84715691e-12	-8.84715691e-12
11430.596	24.586	-28.068	3.955032306e-11	8.89260944e-12	-8.89260944e-12
11479.870	25.459	-24.687	4.19214929e-11	9.4781368e-12	-9.4781368e-12
11528.184	24.783	-22.856	4.63674165e-11	1.01714576e-11	-1.01714576e-11
11571.167	21.917	-18.200	5.5081765e-11	1.206192793e-11	-1.206192793e-11
11623.104	20.127	-30.020	4.38591705e-11	9.65510749e-12	-9.65510749e-12
11663.929	26.935	-20.698	7.30111187e-11	1.273789983e-11	-1.273789983e-11
16684.949	32.731	-29.952	2.478117273e-11	5.55485973e-12	-5.55485973e-12
16755.646	42.268	-37.966	1.927645013e-11	4.3315876e-12	-4.3315876e-12
16845.788	42.389	-47.874	1.772459698e-11	3.98287074e-12	-3.98287074e-12
16946.062	52.438	-57.884	1.457325862e-11	3.274738267e-12	-3.274738267e-12
17036.462	49.794	-37.962	1.88089469e-11	4.22653346e-12	-4.22653346e-12
17123.602	35.366	-37.346	1.857861147e-11	4.15940473e-12	-4.15940473e-12
17180.275	26.332	-21.307	1.866539964e-11	4.20531778e-12	-4.20531778e-12
17239.442	29.848	-32.835	2.048583123e-11	4.60346908e-12	-4.60346908e-12
17330.763	61.384	-61.473	2.12730862e-11	3.725311432e-12	-3.725311432e-12
56511.724	121.276	-214.702	2.579897751e-12	6.01504625e-13	-6.01504625e-13
57626.452	223.382	-280.588	1.455292031e-12	3.79292212e-13	-3.79292212e-13
58065.007	193.514	-215.173	2.031820195e-12	4.96620004e-13	-4.96620004e-13
62520.465	258.847	-267.691	1.398926368e-12	3.639968739e-13	-3.639968739e-13
63256.366	576.008	-477.054	1.158681024e-12	2.348932679e-13	-2.348932679e-13
68636.962	534.461	-474.569	1.450903593e-12	3.294155934e-13	-3.294155934e-13
74481.289	329.756	-409.897	1.152743095e-12	2.766750962e-13	-2.766750962e-13
90036.768	1936.234	-8792.926	6.65651091e-13	1.770192431e-13	-1.770192431e-13
97458.186	272.858	-466.796	1.094841836e-12	2.804991193e-13	-2.804991193e-13
106122.617	3010.595	-3371.792	1.014876508e-12	1.949338681e-13	-1.949338681e-13
117563.964	8187.462	-3353.139	6.68350294e-13	1.372022869e-13	-1.372022869e-13
132582.092	396.955	-1510.899	7.31233506e-13	1.722606026e-13	-1.722606026e-13
166851.456	11459.300	-7590.036	3.357708091e-13	7.74413608e-14	-7.74413608e-14
191526.322	19630.315	-8984.670	2.192258217e-13	4.79423949e-14	-4.79423949e-14
339256.882	21934.746	-18057.484	1.765295039e-13	4.72531235e-14	-4.72531235e-14
573686.342	196284.894	-138409.498	2.491013024e-14	9.90365331e-15	-8.15883434e-15