Time	T_+ve	T_-ve	Flux	Fluxpos	Fluxneg
65.3552260175329	3.05985097031346	-3.37513803879605	2.90409038982742e-10	5.36515520104975e-11	-5.33329645926972e-11
70.4018375428391	1.94253651779172	-1.98676055499267	1.8332100059046e-09	2.19070911882406e-10	-2.09160535281537e-10
80.072	0.422	-0.430	1.891420684e-08	2.432452122e-09	-2.412749592e-09
80.871	0.294	-0.377	2.320713162e-08	3.11538402e-09	-3.092991836e-09
81.494	0.276	-0.329	2.596114686e-08	3.445500832e-09	-3.421849204e-09
81.999	0.324	-0.230	2.888168938e-08	3.7468459e-09	-3.72395538e-09
82.548	0.353	-0.225	2.859382516e-08	3.548688604e-09	-3.53097727e-09
83.362	0.390	-0.460	1.927887996e-08	2.414587922e-09	-2.406103322e-09
84.443	0.522	-0.691	1.260071574e-08	1.723111996e-09	-1.716939718e-09
85.525	0.673	-0.560	1.26249595e-08	1.687773816e-09	-1.68222947e-09
86.675	0.569	-0.477	1.527584568e-08	1.976968722e-09	-1.969370172e-09
87.782	0.592	-0.538	1.402287432e-08	1.837240606e-09	-1.82784955e-09
88.753	0.402	-0.379	1.156982968e-08	1.878115972e-09	-1.579996484e-09
89.518	0.333	-0.363	8.18437404e-09	1.469877832e-09	-1.147316968e-09
90.130	0.378	-0.280	8.64888262e-09	1.512049158e-09	-1.200033542e-09
90.802	0.339	-0.293	8.66209998e-09	1.618052958e-09	-1.272678544e-09
91.400	0.244	-0.259	1.182709922e-08	2.322106856e-09	-1.707155578e-09
91.908	0.345	-0.264	9.44839686e-09	1.914701066e-09	-1.39816721e-09
92.508	0.287	-0.256	1.02845345e-08	2.088526892e-09	-1.551200396e-09
93.177	0.389	-0.382	7.31829686e-09	1.455114628e-09	-1.083456212e-09
93.915	0.284	-0.350	8.54979538e-09	1.617015116e-09	-1.272853964e-09
94.555	0.331	-0.356	8.49743072e-09	1.586119358e-09	-1.19658278e-09
95.212	0.333	-0.327	8.62556966e-09	1.65896484e-09	-1.245894058e-09
95.921	0.312	-0.375	8.37137534e-09	1.621685942e-09	-1.205554976e-09
96.633	0.421	-0.401	6.52060484e-09	1.299685706e-09	-1.000594248e-09
97.468	0.501	-0.414	6.16503208e-09	1.236760762e-09	-9.1779207e-10
98.340	0.385	-0.371	7.5296171e-09	1.534566284e-09	-1.125018222e-09
99.296	0.482	-0.571	5.40368422e-09	1.09196265e-09	-8.03104622e-10
100.371	0.505	-0.593	5.11693696e-09	1.004583084e-09	-7.42687826e-10
101.340	0.401	-0.464	6.49597444e-09	1.261389014e-09	-9.3673027e-10
102.290	0.562	-0.550	5.12731896e-09	9.75280426e-10	-7.28648498e-10
103.415	0.590	-0.563	4.68350636e-09	9.36601032e-10	-7.04818944e-10
104.573	0.517	-0.568	5.17547712e-09	1.044961904e-09	-7.64119138e-10
105.654	0.480	-0.564	5.27420278e-09	1.085195734e-09	-7.97740708e-10
106.885	0.609	-0.750	4.09227294e-09	8.30776232e-10	-6.09917082e-10
108.065	0.739	-0.570	3.25998917e-09	6.98903352e-10	-5.41981212e-10
109.497	0.846	-0.693	3.64975988e-09	6.88105356e-10	-5.18555482e-10
110.912	0.650	-0.569	3.097856698e-09	6.30351006e-10	-5.07302826e-10
112.134	0.529	-0.572	3.426059284e-09	7.1305724e-10	-5.66364592e-10
113.411	0.737	-0.749	2.4672823e-09	5.28435208e-10	-4.22623654e-10
114.933	0.704	-0.785	3.70007678e-09	7.46356968e-10	-5.49002666e-10
116.279	0.882	-0.641	2.40671944e-09	5.40581432e-10	-4.22638332e-10
118.072	0.871	-0.912	2.116473804e-09	4.70452812e-10	-3.62890996e-10
119.939	1.130	-0.996	1.69868315e-09	3.74853924e-10	-2.984310912e-10
121.849	0.734	-0.780	2.361304634e-09	5.17529454e-10	-4.13208612e-10
123.651	0.854	-1.068	1.941939138e-09	4.27267988e-10	-3.306420338e-10
125.515	1.041	-1.011	1.793006484e-09	4.03404424e-10	-3.127223438e-10
127.436	0.705	-0.880	2.185924014e-09	5.01392604e-10	-4.0022252e-10
128.925	0.947	-0.784	2.155452844e-09	4.8711807e-10	-3.74920512e-10
131.169	1.401	-1.297	1.360299044e-09	3.07494792e-10	-2.38409205e-10
133.641	1.353	-1.072	1.482895428e-09	3.316380256e-10	-2.601293156e-10
136.162	1.133	-1.168	1.586130814e-09	3.501822108e-10	-2.734487772e-10
138.732	1.548	-1.437	1.222209852e-09	2.788654962e-10	-2.155710962e-10
141.992	1.323	-1.712	1.169591012e-09	2.73929965e-10	-2.141544902e-10
145.435	1.599	-2.119	9.8598391e-10	2.2850424e-10	-1.772377808e-10
148.587	1.510	-1.553	1.092772088e-09	2.658363368e-10	-2.127203064e-10
151.882	1.612	-1.785	1.094520202e-09	2.47629137e-10	-1.907596914e-10
155.937	1.635	-2.443	8.94901192e-10	2.068115164e-10	-1.60011859e-10
159.342	1.356	-1.770	1.167395398e-09	2.706809718e-10	-2.09620277e-10
162.794	2.108	-2.096	8.5013186e-10	2.003658696e-10	-1.56929479e-10
167.337	2.221	-2.435	8.07083434e-10	1.822707238e-10	-1.412740316e-10
171.412	1.540	-1.855	9.14741552e-10	2.37410922e-10	-1.962747172e-10
175.026	2.431	-2.074	7.77668006e-10	1.802092524e-10	-1.39538734e-10
179.020	1.988	-1.563	9.42601112e-10	2.181339108e-10	-1.689827662e-10
183.192	2.488	-2.184	6.96226944e-10	1.619370756e-10	-1.261101182e-10
187.802	2.249	-2.122	7.45877606e-10	1.737913148e-10	-1.3541171e-10
191.805	2.059	-1.754	8.80287274e-10	2.029949858e-10	-1.566589384e-10
196.992	2.768	-3.128	5.11767802e-10	1.242479454e-10	-9.9076679e-11
201.465	1.494	-1.705	9.92686744e-10	2.337985588e-10	-1.85776403e-10
205.555	2.592	-2.596	6.20023422e-10	1.454802094e-10	-1.136804298e-10
210.726	2.319	-2.579	6.7533478e-10	1.575651438e-10	-1.231561528e-10
215.628	2.767	-2.583	5.95706988e-10	1.427705074e-10	-1.147810292e-10
221.450	2.268	-3.055	5.63324098e-10	1.374778712e-10	-1.12087294e-10
226.725	3.097	-3.007	5.1681775e-10	1.249818454e-10	-9.96456126e-11
232.333	2.314	-2.511	6.46021382e-10	1.663467406e-10	-1.369785328e-10
236.949	1.749	-2.302	9.05516966e-10	2.114296806e-10	-1.662438514e-10
240.796	1.834	-2.098	7.48335992e-10	1.804937192e-10	-1.474793172e-10
245.053	3.080	-2.423	5.4291237e-10	1.28849212e-10	-1.063415372e-10
250.468	2.424	-2.335	6.89255968e-10	1.5873362e-10	-1.237803258e-10
254.805	1.579	-1.913	9.0782177e-10	2.152664024e-10	-1.72417812e-10
259.555	2.552	-3.170	5.50639084e-10	1.306877568e-10	-1.039073878e-10
264.362	2.204	-2.256	6.27190582e-10	1.588625358e-10	-1.299573652e-10
269.071	2.296	-2.505	6.71484132e-10	1.564062978e-10	-1.219059452e-10
274.456	2.374	-3.090	5.11453836e-10	1.315171712e-10	-1.092835096e-10
279.080	2.890	-2.250	6.36387244e-10	1.497139532e-10	-1.198116452e-10
283.837	2.046	-1.867	9.34253268e-10	2.17510597e-10	-1.700621362e-10
289.125	3.680	-3.242	4.98592686e-10	1.186493982e-10	-9.44164856e-11
294.162	1.294	-1.357	1.264290962e-09	2.93302777e-10	-2.30759103e-10
299.057	2.565	-3.601	5.20239872e-10	1.23429808e-10	-9.85499536e-11
305.048	3.166	-3.426	4.93361948e-10	1.150984678e-10	-9.0260392e-11
310.676	2.632	-2.461	6.41156878e-10	1.521605968e-10	-1.201805642e-10
315.976	2.963	-2.668	6.34548914e-10	1.489944448e-10	-1.169434924e-10
322.020	2.631	-3.081	5.87455446e-10	1.424226388e-10	-1.144766576e-10
327.346	2.041	-2.695	7.71643224e-10	1.780969808e-10	-1.381484768e-10
332.031	2.397	-2.643	6.93584904e-10	1.622460654e-10	-1.27701643e-10
337.711	2.753	-3.283	5.63581142e-10	1.322728734e-10	-1.033999944e-10
342.608	2.453	-2.144	7.16330792e-10	1.693051094e-10	-1.333163002e-10
347.470	2.529	-2.408	6.32750322e-10	1.567962672e-10	-1.26967564e-10
352.977	2.400	-2.978	6.18528414e-10	1.469676636e-10	-1.15754646e-10
357.944	3.012	-2.567	6.55111002e-10	1.514598834e-10	-1.17703956e-10
363.477	2.187	-2.521	7.9396345e-10	1.81428314e-10	-1.401572864e-10
368.597	3.150	-2.933	6.19418402e-10	1.420005926e-10	-1.099366806e-10
374.271	2.439	-2.524	7.31189582e-10	1.700032452e-10	-1.328332508e-10
379.436	2.224	-2.725	7.6608241e-10	1.736141406e-10	-1.333621958e-10
384.763	2.987	-3.103	6.13736584e-10	1.402447458e-10	-1.08342077e-10
422.969	12.335	-35.219	7.56427508e-10	1.7913783e-10	-1.415748948e-10
438.217	3.206	-2.913	5.27341876e-10	1.300298244e-10	-1.051321774e-10
443.448	1.505	-2.025	9.43996596e-10	2.279744358e-10	-1.822367496e-10
446.963	2.201	-2.010	5.52980046e-10	1.736934734e-10	-1.540496196e-10
4849.093	8.779	-13.787	1.196854144e-10	2.62752131e-11	-2.62752131e-11
4870.653	14.800	-12.781	8.59348928e-11	1.930688988e-11	-1.930688988e-11
4901.633	11.400	-16.180	9.935216e-11	2.071636094e-11	-2.071636094e-11
4922.487	13.112	-9.454	1.158640508e-10	2.477327064e-11	-2.477327064e-11
4961.911	18.819	-26.313	5.68621782e-11	1.252107506e-11	-1.252107506e-11
5006.320	19.543	-25.589	5.67840626e-11	1.246612564e-11	-1.246612564e-11
5041.577	19.388	-15.715	7.56449346e-11	1.622048954e-11	-1.622048954e-11
5071.868	11.662	-10.904	1.06652496e-10	2.388585666e-11	-2.388585666e-11
5097.564	13.547	-14.034	8.75743896e-11	1.970642504e-11	-1.970642504e-11
5128.527	20.194	-17.416	6.42927904e-11	1.449045812e-11	-1.449045812e-11
5159.998	16.304	-11.277	8.82520836e-11	1.976490792e-11	-1.976490792e-11
5196.169	20.250	-19.868	6.28838456e-11	1.378443558e-11	-1.378443558e-11
5231.581	19.940	-15.162	6.964532e-11	1.567194046e-11	-1.567194046e-11
5263.426	13.168	-11.905	9.72423228e-11	2.181278964e-11	-2.181278964e-11
5297.179	17.025	-20.585	6.87600934e-11	1.500468216e-11	-1.500468216e-11
5333.999	22.830	-19.795	5.69363558e-11	1.277159988e-11	-1.277159988e-11
5372.521	14.396	-15.692	8.41786522e-11	1.845235462e-11	-1.845235462e-11
5400.823	8.659	-13.907	1.132765342e-10	2.475611886e-11	-2.475611886e-11
5430.901	18.698	-21.419	6.42427062e-11	1.40823059e-11	-1.40823059e-11
5466.263	18.439	-16.664	6.94934206e-11	1.561300292e-11	-1.561300292e-11
5506.002	18.817	-21.300	6.07052008e-11	1.361700972e-11	-1.361700972e-11
5547.873	17.063	-23.054	5.97796276e-11	1.34732763e-11	-1.34732763e-11
5574.542	15.467	-9.606	1.01169547e-10	2.214346708e-11	-2.214346708e-11
5607.173	22.953	-17.164	6.05729556e-11	1.356590164e-11	-1.356590164e-11
5648.794	18.942	-18.667	6.48428574e-11	1.45681656e-11	-1.45681656e-11
5696.007	16.861	-28.271	6.16340676e-11	1.292241454e-11	-1.292241454e-11
5739.061	16.432	-26.192	5.70086718e-11	1.278782444e-11	-1.278782444e-11
5777.472	23.153	-21.979	5.85120928e-11	1.25286575e-11	-1.25286575e-11
5820.015	23.234	-19.390	5.95557702e-11	1.317403484e-11	-1.317403484e-11
5873.436	27.481	-30.187	4.17472034e-11	9.40907772e-12	-9.40907772e-12
5917.834	18.185	-16.917	6.96875282e-11	1.565661806e-11	-1.565661806e-11
5951.472	17.143	-15.452	7.8323956e-11	1.72208919e-11	-1.72208919e-11
5996.290	29.993	-27.675	4.17931706e-11	9.46452476e-12	-9.46452476e-12
6047.950	30.987	-21.667	4.58002288e-11	1.033897914e-11	-1.033897914e-11
6108.440	15.629	-29.503	5.90249636e-11	1.263847758e-11	-1.263847758e-11
6142.114	22.071	-18.046	6.12048256e-11	1.372907804e-11	-1.372907804e-11
6179.636	22.160	-15.450	6.8161231e-11	1.491878006e-11	-1.491878006e-11
6222.969	21.451	-21.173	5.65405868e-11	1.266281084e-11	-1.266281084e-11
6268.227	18.817	-23.807	5.65770312e-11	1.269100692e-11	-1.269100692e-11
6303.835	18.312	-16.790	6.91816026e-11	1.56171056e-11	-1.56171056e-11
6352.757	27.045	-30.610	5.8161933e-11	1.115475732e-11	-1.115475732e-11
10668.164	52.183	-35.573	1.603599782e-11	3.5901314e-12	-3.5901314e-12
10759.314	36.252	-38.967	1.853522446e-11	4.15472246e-12	-4.15472246e-12
10828.397	32.360	-32.830	2.120838898e-11	4.7655528e-12	-4.7655528e-12
10888.699	27.219	-27.942	2.522576832e-11	5.66133682e-12	-5.66133682e-12
10977.293	56.469	-61.375	1.182656938e-11	2.660701108e-12	-2.660701108e-12
11096.290	47.794	-62.528	1.396259428e-11	2.990075786e-12	-2.990075786e-12
11210.493	51.435	-66.409	1.19231005e-11	2.669336426e-12	-2.669336426e-12
11309.661	42.530	-47.733	1.552611274e-11	3.497295914e-12	-3.497295914e-12
11400.676	46.794	-48.484	1.40959815e-11	3.267296666e-12	-3.267296666e-12
11493.461	46.779	-45.991	1.51117528e-11	3.466411612e-12	-3.466411612e-12
11583.341	69.006	-43.101	1.614981318e-11	3.74335182e-12	-3.74335182e-12
11720.832	78.615	-68.484	1.413768134e-11	3.405776078e-12	-3.405776078e-12
11863.030	88.511	-63.583	1.57028108e-11	3.9179341e-12	-3.9179341e-12
12131.757	172.540	-180.216	9.57287346e-12	2.924676704e-12	-2.924676704e-12
17504.025	51.043	-56.772	6.88508822e-12	1.688538146e-12	-1.688538146e-12
17627.807	45.105	-72.739	6.7080787e-12	1.58361121e-12	-1.58361121e-12
17739.550	58.728	-66.638	6.31977758e-12	1.482962374e-12	-1.482962374e-12
17892.108	79.175	-93.830	4.28546764e-12	1.049302654e-12	-1.049302654e-12
18060.970	78.304	-89.687	4.64257264e-12	1.07941117e-12	-1.07941117e-12
18226.990	107.848	-87.716	4.69137162e-12	9.9218984e-13	-9.9218984e-13
23305.379	70.670	-97.320	3.44689023e-12	9.22638316e-13	-9.22638316e-13
23490.437	98.735	-114.388	3.76899894e-12	8.54113536e-13	-8.54113536e-13
23688.248	88.973	-99.076	4.2759162e-12	9.60375096e-13	-9.60375096e-13
23852.146	98.080	-74.925	3.449070808e-12	9.02978746e-13	-9.02978746e-13
24052.216	73.522	-101.990	4.57024948e-12	1.026482302e-12	-1.026482302e-12
24303.349	150.838	-177.611	3.9985557e-12	7.02973096e-13	-7.02973096e-13
28717.052	115.329	-110.330	2.694846432e-12	7.07951086e-13	-7.07951086e-13
28927.089	85.819	-94.708	4.54869788e-12	1.024215804e-12	-1.024215804e-12
29158.776	155.004	-145.868	2.03467152e-12	5.36680664e-13	-5.36680664e-13
33658.055	123.895	-154.417	2.315800328e-12	6.02670088e-13	-6.02670088e-13
33978.527	149.434	-196.576	1.82713176e-12	4.7765792e-13	-4.7765792e-13
34303.019	216.083	-175.059	1.60938184e-12	4.21210986e-13	-4.21210986e-13
34698.906	188.772	-179.804	1.701351324e-12	4.50402306e-13	-4.50402306e-13
42595.848	54771.600	-7708.170	5.3773927e-13	1.03863139e-13	-1.03863139e-13