Time	T_+ve	T_-ve	Flux	Fluxpos	Fluxneg
128.339335679321	0.47930433113936	-0.678898708235636	2.72531935825633e-09	4.06345409793287e-10	-4.06347933365333e-10
129.554544775055	0.637571204242676	-0.735904764595318	2.49816024295123e-09	3.73428736158338e-10	-3.73355324804529e-10
130.779132838563	0.822011134414481	-0.587016859264509	2.29193558288931e-09	3.41703289556663e-10	-3.41747674463499e-10
132.241494087496	0.669076908415093	-0.640350114518924	2.47304235462015e-09	3.68778207586675e-10	-3.68832039092396e-10
133.739289729525	0.770797240906603	-0.82871873361438	2.06307138194618e-09	3.08056648858283e-10	-3.08065246488192e-10
135.890859821622	1.29589517992338	-1.38077285118965	2.62739792692023e-09	2.88133787536738e-10	-2.94478034007505e-10
144.813	0.959	-0.815	1.853327008e-09	2.934737728e-10	-2.934065784e-10
146.489	0.623	-0.717	2.490444164e-09	3.868485712e-10	-3.867613672e-10
147.625	0.686	-0.513	2.864070716e-09	4.283876896e-10	-4.282840588e-10
148.993	0.603	-0.682	2.6736307e-09	3.996073276e-10	-3.995613596e-10
150.086	0.598	-0.491	3.109223468e-09	4.733124188e-10	-4.733016028e-10
151.397	0.592	-0.713	2.59596844e-09	3.950836032e-10	-3.950930672e-10
152.778	0.748	-0.790	2.234239488e-09	3.335878156e-10	-3.336133684e-10
154.165	0.606	-0.639	2.765189492e-09	4.127320028e-10	-4.127870968e-10
155.567	0.670	-0.796	2.366692224e-09	3.53229942e-10	-3.532809124e-10
157.009	0.712	-0.772	2.33834146e-09	3.489574192e-10	-3.490144736e-10
158.411	0.735	-0.690	2.365220572e-09	3.665899328e-10	-3.66649894e-10
160.043	0.841	-0.897	1.967587908e-09	2.99149604e-10	-2.992075372e-10
161.674	0.836	-0.790	2.103188776e-09	3.197517856e-10	-3.198153296e-10
163.406	0.672	-0.896	2.150411432e-09	3.332032392e-10	-3.332690816e-10
164.686	0.676	-0.608	2.660116784e-09	4.043746824e-10	-4.044594528e-10
166.093	0.742	-0.731	2.309923772e-09	3.511582048e-10	-3.512304016e-10
167.653	0.739	-0.817	2.185848028e-09	3.322548112e-10	-3.323259264e-10
169.143	0.623	-0.751	2.477481188e-09	3.765831732e-10	-3.7666382e-10
170.635	0.809	-0.869	1.998871836e-09	3.096700568e-10	-3.09734412e-10
172.058	0.682	-0.615	2.623614812e-09	3.987886916e-10	-3.988743408e-10
173.607	0.809	-0.867	2.05974496e-09	3.07195018e-10	-3.0726397e-10
174.999	0.590	-0.583	2.944334224e-09	4.39092082e-10	-4.39190102e-10
176.345	0.857	-0.757	2.094185132e-09	3.123082144e-10	-3.1237791e-10
177.842	0.543	-0.640	2.759840304e-09	4.275498552e-10	-4.276388168e-10
179.116	0.616	-0.730	2.460033628e-09	3.739114184e-10	-3.739921328e-10
180.356	0.545	-0.624	2.711400848e-09	4.366073088e-10	-4.366913356e-10
181.708	0.750	-0.807	2.159060176e-09	3.220046232e-10	-3.220768876e-10
182.885	0.402	-0.427	4.054072724e-09	6.04647524e-10	-6.047832648e-10
183.786	0.445	-0.499	3.557864388e-09	5.306578368e-10	-5.307765424e-10
184.978	0.634	-0.746	2.39977296e-09	3.647903532e-10	-3.648673496e-10
186.352	0.835	-0.740	2.10817698e-09	3.204552312e-10	-3.205235072e-10
187.872	0.609	-0.685	2.535123708e-09	3.927918956e-10	-3.928713256e-10
188.959	0.479	-0.478	3.526458104e-09	5.260423792e-10	-5.261560824e-10
190.112	0.766	-0.675	2.27532474e-09	3.525405572e-10	-3.526116724e-10
191.388	0.569	-0.509	3.086035992e-09	4.691045892e-10	-4.692039612e-10
192.791	1.000	-0.834	1.828511048e-09	2.799868968e-10	-2.800445596e-10
194.703	0.815	-0.912	1.925952392e-09	2.927760732e-10	-2.928369808e-10
196.198	0.545	-0.679	2.757508104e-09	4.113805436e-10	-4.114655168e-10
197.357	0.608	-0.615	2.723768944e-09	4.1409732e-10	-4.141797244e-10
198.698	0.813	-0.733	2.185355224e-09	3.260396672e-10	-3.261051716e-10
200.171	0.738	-0.660	2.381656836e-09	3.620839872e-10	-3.621563868e-10
201.661	0.661	-0.752	2.323539088e-09	3.599945388e-10	-3.600682904e-10
203.230	0.681	-0.908	2.096284112e-09	3.186466608e-10	-3.187145988e-10
204.622	0.671	-0.711	2.40924372e-09	3.66249026e-10	-3.663249408e-10
205.873	0.487	-0.580	3.165123936e-09	4.72125836e-10	-4.722291288e-10
207.118	0.816	-0.757	2.087124988e-09	3.233934652e-10	-3.234577528e-10
208.549	0.670	-0.616	2.597573264e-09	3.94923256e-10	-3.95000658e-10
210.291	0.763	-1.072	1.821545544e-09	2.769387452e-10	-2.769931632e-10
211.668	0.687	-0.614	2.569099468e-09	3.906344416e-10	-3.907061652e-10
213.095	0.736	-0.741	2.26266664e-09	3.440512816e-10	-3.441130004e-10
214.475	0.693	-0.643	2.464491848e-09	3.818995076e-10	-3.819719748e-10
215.822	0.635	-0.654	2.51538248e-09	3.973736884e-10	-3.974446008e-10
217.230	0.622	-0.773	2.360756944e-09	3.658500508e-10	-3.659165016e-10
218.486	0.664	-0.634	2.600586872e-09	3.954367456e-10	-3.9550732e-10
220.044	0.729	-0.893	2.145738244e-09	3.201190564e-10	-3.201845608e-10
221.602	0.715	-0.829	2.222325664e-09	3.378869052e-10	-3.379514632e-10
223.256	0.903	-0.939	1.782826968e-09	2.871817e-10	-2.872296284e-10
224.820	0.760	-0.661	2.414255584e-09	3.671168072e-10	-3.671804864e-10
226.324	0.721	-0.743	2.343856944e-09	3.564329652e-10	-3.56491642e-10
227.660	0.582	-0.615	2.907718008e-09	4.339640812e-10	-4.340291124e-10
229.014	0.737	-0.772	2.27657534e-09	3.461954184e-10	-3.46253284e-10
230.417	0.842	-0.666	2.247728392e-09	3.484003276e-10	-3.484542048e-10
231.826	0.767	-0.567	2.578725032e-09	3.92175992e-10	-3.922364264e-10
233.512	0.699	-0.918	2.158455156e-09	3.221394176e-10	-3.221877516e-10
234.950	0.706	-0.739	2.381827864e-09	3.623155172e-10	-3.623571588e-10
236.343	0.700	-0.688	2.479545016e-09	3.771918436e-10	-3.772330796e-10
237.887	0.736	-0.844	2.146457508e-09	3.327500488e-10	-3.327938536e-10
239.294	0.813	-0.671	2.28546474e-09	3.543116096e-10	-3.54356158e-10
240.861	0.716	-0.754	2.375529572e-09	3.546348052e-10	-3.546709036e-10
242.640	0.871	-1.063	1.805172824e-09	2.695040972e-10	-2.69528636e-10
244.375	0.764	-0.864	2.144477504e-09	3.201435952e-10	-3.201757728e-10
245.826	0.659	-0.688	2.649669204e-09	3.91324908e-10	-3.9135161e-10
247.144	0.629	-0.659	2.671552e-09	4.065120592e-10	-4.065357868e-10
248.320	0.533	-0.547	3.232673236e-09	4.8275188e-10	-4.827719572e-10
249.666	0.790	-0.813	2.146729936e-09	3.266140644e-10	-3.266405636e-10
251.180	0.723	-0.724	2.427417304e-09	3.624312484e-10	-3.624589644e-10
252.550	0.858	-0.648	2.3351913e-09	3.486818816e-10	-3.487045952e-10
254.187	0.687	-0.779	2.397537428e-09	3.580315024e-10	-3.580472532e-10
255.566	0.719	-0.692	2.491263476e-09	3.720069236e-10	-3.720272036e-10
256.946	0.636	-0.661	2.632669832e-09	4.082879112e-10	-4.083121796e-10
258.165	0.734	-0.583	2.593542952e-09	4.022006664e-10	-4.022280444e-10
259.691	0.737	-0.793	2.231632156e-09	3.4604102e-10	-3.460712372e-10
260.854	0.433	-0.426	4.089491068e-09	6.106990084e-10	-6.107251696e-10
262.186	0.799	-0.898	2.025149984e-09	3.081636584e-10	-3.081797472e-10
263.630	0.657	-0.645	2.677531896e-09	3.997644976e-10	-3.99796878e-10
265.070	0.664	-0.783	2.410765396e-09	3.599370112e-10	-3.599658764e-10
266.442	0.670	-0.708	2.528972108e-09	3.775818956e-10	-3.77613262e-10
267.850	0.567	-0.737	2.673878792e-09	3.99180704e-10	-3.992201824e-10
269.137	0.552	-0.720	2.74119352e-09	4.0933997e-10	-4.09359912e-10
270.219	0.697	-0.531	2.799987268e-09	4.260339928e-10	-4.260629932e-10
271.681	0.689	-0.765	2.377280412e-09	3.5505548e-10	-3.550617668e-10
272.929	0.704	-0.559	2.69034142e-09	4.017485576e-10	-4.01767756e-10
274.376	0.734	-0.743	2.301378456e-09	3.436805632e-10	-3.43693948e-10
275.867	0.662	-0.758	2.359496204e-09	3.590018328e-10	-3.590278588e-10
277.505	0.647	-0.976	2.09444066e-09	3.126945484e-10	-3.127221968e-10
278.885	0.555	-0.733	2.638339444e-09	3.939235196e-10	-3.939534664e-10
280.046	0.610	-0.605	2.637084788e-09	4.250961104e-10	-4.251149708e-10
281.220	0.714	-0.565	2.656646876e-09	3.966302912e-10	-3.966653756e-10
282.564	0.659	-0.629	2.53213038e-09	4.003418692e-10	-4.003593776e-10
284.104	0.810	-0.881	2.021252844e-09	3.018854436e-10	-3.01890108e-10
285.519	0.576	-0.605	2.894896992e-09	4.32539952e-10	-4.325141288e-10
286.969	0.781	-0.873	2.066895012e-09	3.086342896e-10	-3.08652136e-10
288.413	0.690	-0.662	2.493139376e-09	3.79404324e-10	-3.794189932e-10
289.725	0.673	-0.622	2.640444508e-09	3.94324658e-10	-3.943383808e-10
291.106	0.564	-0.708	2.68840806e-09	4.013386312e-10	-4.01380408e-10
292.199	0.683	-0.529	2.82263124e-09	4.21291312e-10	-4.213499888e-10
293.493	0.697	-0.611	2.530806772e-09	3.923829156e-10	-3.924259092e-10
295.025	0.843	-0.836	1.937393016e-09	3.06217184e-10	-3.062480096e-10
296.473	0.566	-0.605	2.903758676e-09	4.335045364e-10	-4.335463808e-10
297.934	0.678	-0.895	2.16139508e-09	3.226500004e-10	-3.226859636e-10
299.439	0.666	-0.827	2.244832408e-09	3.415164168e-10	-3.415483916e-10
300.759	0.760	-0.654	2.40336252e-09	3.588401336e-10	-3.588673764e-10
302.119	0.655	-0.600	2.710174584e-09	4.045960724e-10	-4.046366324e-10
303.485	0.614	-0.711	2.492446476e-09	3.864400644e-10	-3.864816384e-10
304.787	0.550	-0.689	2.712776508e-09	4.126846828e-10	-4.12727406e-10
305.896	0.501	-0.559	3.213833792e-09	4.797545636e-10	-4.798083732e-10
306.976	0.590	-0.579	2.915393988e-09	4.35181422e-10	-4.352342852e-10
308.288	0.625	-0.722	2.494209484e-09	3.793799204e-10	-3.794289304e-10
309.672	0.775	-0.759	2.222078924e-09	3.317278692e-10	-3.317614664e-10
311.155	0.697	-0.709	2.355371252e-09	3.6527491e-10	-3.652981644e-10
312.323	0.487	-0.471	3.509456704e-09	5.339748336e-10	-5.340128248e-10
313.589	0.620	-0.780	2.433816996e-09	3.635025732e-10	-3.635084544e-10
314.998	0.622	-0.789	2.281289764e-09	3.677313588e-10	-3.67749746e-10
316.358	0.698	-0.737	2.344359888e-09	3.567077592e-10	-3.5673196e-10
317.751	0.682	-0.695	2.408964532e-09	3.73586668e-10	-3.736103956e-10
319.096	0.750	-0.663	2.382769532e-09	3.62533392e-10	-3.625615136e-10
320.851	0.862	-1.005	1.80356462e-09	2.744324076e-10	-2.744491724e-10
322.524	0.646	-0.811	2.343467568e-09	3.49942216e-10	-3.49960468e-10
323.883	0.630	-0.714	2.542117604e-09	3.796240916e-10	-3.796403156e-10
325.195	0.638	-0.682	2.575623544e-09	3.919159348e-10	-3.91938716e-10
326.619	0.788	-0.787	2.160257372e-09	3.35018502e-10	-3.350393904e-10
328.241	0.607	-0.834	2.42960146e-09	3.627303108e-10	-3.62762894e-10
329.481	0.519	-0.633	2.998304036e-09	4.562201644e-10	-4.562490296e-10
330.819	0.729	-0.819	2.26204472e-09	3.3773129e-10	-3.37758668e-10
332.206	0.693	-0.659	2.478619572e-09	3.918317052e-10	-3.918582044e-10
333.533	0.483	-0.634	3.13372306e-09	4.679087452e-10	-4.679404496e-10
334.682	0.687	-0.666	2.589455856e-09	3.865890548e-10	-3.866252208e-10
336.192	0.700	-0.823	2.264075424e-09	3.444827724e-10	-3.445079196e-10
337.552	0.571	-0.660	2.839525156e-09	4.238545012e-10	-4.239063504e-10
338.889	0.524	-0.766	2.710245564e-09	4.04603238e-10	-4.046444064e-10
340.080	0.753	-0.667	2.39205642e-09	3.70922552e-10	-3.709538508e-10
341.601	0.860	-0.768	2.116821668e-09	3.220439664e-10	-3.22073778e-10
342.951	0.423	-0.490	3.830265348e-09	5.717044216e-10	-5.717808772e-10
344.169	0.572	-0.796	2.555167108e-09	3.813979832e-10	-3.814464524e-10
345.722	1.008	-0.981	1.73166864e-09	2.634340904e-10	-2.634610628e-10
347.379	0.865	-0.649	2.261397112e-09	3.375679008e-10	-3.376073792e-10
348.960	0.462	-0.716	2.824078556e-09	4.379389612e-10	-4.379712064e-10
350.314	0.622	-0.892	2.22916408e-09	3.391876644e-10	-3.392092288e-10
351.634	0.578	-0.698	2.645738264e-09	4.026164064e-10	-4.026338472e-10
353.103	0.676	-0.892	2.184391924e-09	3.261317384e-10	-3.261592516e-10
354.568	0.622	-0.789	2.357554056e-09	3.655396992e-10	-3.655764736e-10
355.872	0.597	-0.682	2.67656116e-09	3.995798144e-10	-3.996194956e-10
357.103	0.488	-0.633	3.009519552e-09	4.578908984e-10	-4.579265912e-10
358.239	0.746	-0.649	2.450508112e-09	3.658567432e-10	-3.658886504e-10
359.783	0.901	-0.798	1.98302572e-09	3.017149564e-10	-3.01738008e-10
361.460	0.682	-0.775	2.211924728e-09	3.565299036e-10	-3.565514004e-10
362.921	0.955	-0.780	1.886127204e-09	2.981758936e-10	-2.981944836e-10
364.513	0.615	-0.638	2.72898158e-09	4.074416944e-10	-4.074754944e-10
365.727	0.650	-0.599	2.658700564e-09	4.122652248e-10	-4.123007824e-10
366.896	0.503	-0.518	3.299350496e-09	5.019331772e-10	-5.019823224e-10
368.037	0.732	-0.638	2.494848304e-09	3.724476756e-10	-3.72485464e-10
369.405	0.593	-0.637	2.779866804e-09	4.150178292e-10	-4.150561584e-10
370.647	0.753	-0.649	2.402897432e-09	3.655918864e-10	-3.656208868e-10
372.212	0.716	-0.812	2.2361911e-09	3.338888384e-10	-3.339124984e-10
373.707	0.619	-0.779	2.409013204e-09	3.6654748e-10	-3.665719512e-10
375.018	0.534	-0.692	2.787934188e-09	4.162721472e-10	-4.163013504e-10
376.674	0.847	-1.122	1.685710104e-09	2.614188668e-10	-2.614361724e-10
378.339	0.759	-0.817	2.16846604e-09	3.237807456e-10	-3.238029184e-10
380.048	0.885	-0.950	1.838032508e-09	2.796789788e-10	-2.796957436e-10
381.695	0.672	-0.762	2.351106368e-09	3.577609672e-10	-3.577802332e-10
383.113	0.748	-0.747	2.288591916e-09	3.417286132e-10	-3.417499072e-10
384.612	0.866	-0.751	2.084698824e-09	3.171821744e-10	-3.172067808e-10
386.223	0.565	-0.745	2.500191408e-09	3.951928448e-10	-3.952286052e-10
387.324	0.499	-0.536	3.1617534e-09	4.997345548e-10	-4.997848492e-10
388.633	0.663	-0.810	2.321759856e-09	3.465631624e-10	-3.466063588e-10
389.884	0.671	-0.588	2.620071896e-09	4.061865652e-10	-4.062374004e-10
391.131	0.711	-0.576	2.64023968e-09	3.940561508e-10	-3.941131376e-10
392.916	0.948	-1.074	1.630983848e-09	2.528245408e-10	-2.528604364e-10
394.429	0.570	-0.564	2.9967418e-09	4.47239572e-10	-4.473083212e-10
395.687	0.459	-0.689	2.95957532e-09	4.416927892e-10	-4.417607272e-10
396.995	0.568	-0.850	2.39509842e-09	3.574496016e-10	-3.575044928e-10
398.300	0.731	-0.736	2.280799664e-09	3.468987288e-10	-3.469469952e-10
399.632	0.682	-0.600	2.611423828e-09	3.972204392e-10	-3.972697196e-10
401.003	0.779	-0.689	2.319726448e-09	3.462855968e-10	-3.463241288e-10
402.600	0.636	-0.818	2.342440724e-09	3.497100776e-10	-3.497428636e-10
403.892	0.717	-0.656	2.47897988e-09	3.700938436e-10	-3.701286576e-10
405.705	0.914	-1.096	1.6452826e-09	2.551148288e-10	-2.551380832e-10
407.258	0.669	-0.638	2.566637476e-09	3.904659824e-10	-3.905040412e-10
408.450	0.528	-0.523	3.238242124e-09	4.834426168e-10	-4.834887876e-10
409.854	0.692	-0.875	2.18955724e-09	3.293636944e-10	-3.293910724e-10
411.318	0.705	-0.772	2.310187412e-09	3.449341376e-10	-3.449592172e-10
412.764	0.663	-0.741	2.431246168e-09	3.630225456e-10	-3.63046476e-10
414.177	0.694	-0.751	2.362380696e-09	3.527282148e-10	-3.527536324e-10
415.814	0.926	-0.943	1.800844396e-09	2.739951032e-10	-2.74016262e-10
417.550	0.826	-0.811	2.055311076e-09	3.127016464e-10	-3.127276724e-10
419.317	0.650	-0.941	2.115086376e-09	3.217966856e-10	-3.2182332e-10
420.930	0.648	-0.964	2.116152428e-09	3.159427284e-10	-3.159694304e-10
422.055	0.416	-0.477	3.896883796e-09	5.75471026e-10	-5.755201712e-10
423.298	0.827	-0.826	2.001172264e-09	3.103184084e-10	-3.103430824e-10
425.360	0.668	-1.235	1.762959328e-09	2.682146272e-10	-2.682383548e-10
426.797	0.569	-0.769	2.472163096e-09	3.833341148e-10	-3.833682528e-10
428.340	1.041	-0.974	1.640835196e-09	2.544236864e-10	-2.544471436e-10
430.564	1.115	-1.182	1.482313872e-09	2.212867748e-10	-2.213097588e-10
432.441	0.691	-0.763	2.2808747e-09	3.536550108e-10	-3.536897572e-10
433.848	0.703	-0.716	2.405607516e-09	3.591279744e-10	-3.591639376e-10
435.483	0.865	-0.932	1.873573208e-09	2.850449992e-10	-2.85069876e-10
437.007	0.540	-0.659	2.848182012e-09	4.252395576e-10	-4.25274642e-10
438.412	0.906	-0.864	1.90179756e-09	2.893338136e-10	-2.893600424e-10
440.119	0.727	-0.801	2.234777584e-09	3.335941024e-10	-3.336331076e-10
441.600	0.862	-0.753	2.114179184e-09	3.155589632e-10	-3.156016864e-10
443.089	0.663	-0.627	2.643425668e-09	3.945457776e-10	-3.946003984e-10
444.443	0.888	-0.692	2.126124104e-09	3.23407526e-10	-3.234466664e-10
446.058	0.569	-0.726	2.593405048e-09	3.945238752e-10	-3.945649084e-10
447.262	0.642	-0.635	2.62952508e-09	4.000487556e-10	-4.00084854e-10
448.711	0.814	-0.807	2.072451056e-09	3.15324256e-10	-3.153477132e-10
450.401	0.949	-0.876	1.866822672e-09	2.787607004e-10	-2.787762484e-10
452.364	0.591	-1.014	2.09312584e-09	3.185407992e-10	-3.18551142e-10
453.777	0.744	-0.822	2.141198228e-09	3.25821184e-10	-3.258384896e-10
455.449	1.052	-0.928	1.66679292e-09	2.584640708e-10	-2.58485162e-10
457.310	0.710	-0.809	2.204194668e-09	3.353039092e-10	-3.353408188e-10
458.686	0.564	-0.665	2.724143448e-09	4.14422476e-10	-4.144637796e-10
460.104	0.808	-0.854	2.015398684e-09	3.066336e-10	-3.06658274e-10
461.699	0.719	-0.788	2.25458506e-09	3.36657126e-10	-3.366768652e-10
463.243	0.919	-0.825	1.921502284e-09	2.923955528e-10	-2.924100868e-10
464.908	0.704	-0.746	2.322079604e-09	3.533328292e-10	-3.53353988e-10
466.609	0.875	-0.997	1.798948892e-09	2.737178756e-10	-2.737368712e-10
468.124	0.663	-0.641	2.544482252e-09	3.945889064e-10	-3.946164196e-10
469.447	0.579	-0.659	2.640396512e-09	4.174139112e-10	-4.174406808e-10
470.872	0.710	-0.846	2.194152012e-09	3.276175864e-10	-3.276397592e-10
472.301	0.678	-0.718	2.445712568e-09	3.651841232e-10	-3.652078508e-10
473.764	0.674	-0.785	2.341321944e-09	3.49579542e-10	-3.49605568e-10
475.184	0.713	-0.746	2.332376436e-09	3.482225396e-10	-3.482524188e-10
476.714	0.723	-0.817	2.204696936e-09	3.291391948e-10	-3.291713048e-10
478.184	0.930	-0.746	1.96898858e-09	3.052916724e-10	-3.05322498e-10
480.182	0.894	-1.068	1.706258476e-09	2.595446568e-10	-2.595754824e-10
481.792	0.571	-0.716	2.640718288e-09	3.941516696e-10	-3.942046004e-10
483.314	0.678	-0.951	2.084323644e-09	3.111138576e-10	-3.11154012e-10
484.731	0.788	-0.739	2.194844912e-09	3.338855936e-10	-3.339216244e-10
486.205	0.752	-0.687	2.39167786e-09	3.638646388e-10	-3.63897222e-10
487.750	0.628	-0.792	2.38955522e-09	3.705556192e-10	-3.705829296e-10
489.078	0.659	-0.700	2.56926644e-09	3.835864656e-10	-3.836200628e-10
490.420	0.793	-0.683	2.364903528e-09	3.530585084e-10	-3.530925112e-10
491.746	0.502	-0.532	3.378433032e-09	5.04346024e-10	-5.043988872e-10
492.854	0.747	-0.607	2.542532668e-09	3.867890156e-10	-3.86828494e-10
494.206	0.740	-0.605	2.596388912e-09	3.87614682e-10	-3.87652538e-10
495.737	0.876	-0.791	2.084098536e-09	3.111532008e-10	-3.111801732e-10
497.180	0.444	-0.566	3.313749972e-09	5.174887484e-10	-5.175251848e-10
498.163	0.560	-0.540	3.109631096e-09	4.643033668e-10	-4.643363556e-10
499.383	0.798	-0.660	2.346462248e-09	3.50366068e-10	-3.503885788e-10
501.100	0.783	-0.920	1.950810264e-09	3.025551568e-10	-3.02570502e-10
502.950	1.004	-1.067	1.556788116e-09	2.509608088e-10	-2.50970408e-10
504.579	0.672	-0.625	2.694746912e-09	3.980494856e-10	-3.98063952e-10
506.204	1.098	-0.953	1.64216962e-09	2.4992058e-10	-2.499271372e-10
507.936	0.792	-0.633	2.391656904e-09	3.57182176e-10	-3.571922484e-10
509.491	0.613	-0.764	2.404465076e-09	3.72920132e-10	-3.729377756e-10
510.700	0.707	-0.595	2.617099524e-09	3.907699796e-10	-3.907964112e-10
512.418	0.691	-1.012	2.001794184e-09	2.988643996e-10	-2.988904932e-10
513.794	0.984	-0.685	1.925803672e-09	3.103828312e-10	-3.104068968e-10
515.952	1.158	-1.174	1.419578368e-09	2.201262856e-10	-2.20144808e-10
517.916	0.860	-0.805	2.0420608e-09	3.048660628e-10	-3.048945224e-10
519.320	0.626	-0.545	2.861515436e-09	4.353268972e-10	-4.353691472e-10
520.691	0.835	-0.745	2.151044844e-09	3.211109512e-10	-3.2114563e-10
522.396	0.804	-0.870	2.000931608e-09	3.043847508e-10	-3.0441801e-10
523.919	0.598	-0.718	2.507604424e-09	3.88818976e-10	-3.888555476e-10
525.486	0.849	-0.969	1.842345388e-09	2.80304752e-10	-2.803272628e-10
527.002	0.610	-0.667	2.660359468e-09	3.972338916e-10	-3.9725985e-10
528.381	0.632	-0.769	2.438571304e-09	3.641330784e-10	-3.641538992e-10
529.854	0.989	-0.841	1.883475256e-09	2.83367032e-10	-2.833820392e-10
531.561	0.669	-0.717	2.397899764e-09	3.719041716e-10	-3.71921342e-10
533.039	1.028	-0.810	1.86137276e-09	2.779588968e-10	-2.779720112e-10
535.011	0.780	-0.944	1.927694444e-09	2.989831728e-10	-2.989958816e-10
536.623	0.900	-0.832	1.891579144e-09	2.99073554e-10	-2.990855192e-10
538.373	0.822	-0.850	2.0140237e-09	3.06467642e-10	-3.06484204e-10
539.926	0.611	-0.731	2.501901012e-09	3.806714184e-10	-3.806985936e-10
541.285	0.640	-0.749	2.450335732e-09	3.658257824e-10	-3.65858636e-10
542.697	0.772	-0.771	2.1757905e-09	3.31012188e-10	-3.31043284e-10
544.186	0.954	-0.718	1.890644912e-09	3.10756524e-10	-3.107776152e-10
545.892	0.601	-0.751	2.446195908e-09	3.793721464e-10	-3.793939136e-10
547.226	0.797	-0.733	2.1935017e-09	3.33792914e-10	-3.338081916e-10
549.148	0.852	-1.125	1.674701444e-09	2.597065588e-10	-2.597247432e-10
550.697	0.627	-0.698	2.504413028e-09	3.883183304e-10	-3.88355916e-10
552.590	0.886	-1.265	1.520599808e-09	2.403248952e-10	-2.403518e-10
554.286	0.909	-0.810	1.959819992e-09	2.981297904e-10	-2.981625088e-10
556.131	0.894	-0.937	1.813223984e-09	2.81161244e-10	-2.811858504e-10
557.853	0.830	-0.828	2.001918568e-09	3.10438128e-10	-3.104620584e-10
559.680	0.686	-0.997	2.002333632e-09	3.046310176e-10	-3.046582604e-10
561.260	0.978	-0.894	1.777477104e-09	2.756074984e-10	-2.75633592e-10
563.073	0.916	-0.835	1.956122272e-09	2.920251724e-10	-2.920544432e-10
564.960	0.835	-0.971	1.842291308e-09	2.85696528e-10	-2.857163348e-10
566.525	0.632	-0.731	2.512826524e-09	3.752336744e-10	-3.752527376e-10
568.019	0.736	-0.861	2.112877884e-09	3.215453488e-10	-3.21555962e-10
569.554	0.811	-0.799	2.09653626e-09	3.19068282e-10	-3.190770024e-10
571.210	0.735	-0.845	2.162481412e-09	3.229665712e-10	-3.229737368e-10
572.521	0.611	-0.576	2.875912208e-09	4.295205304e-10	-4.29529386e-10
573.916	0.621	-0.784	2.428144004e-09	3.626099152e-10	-3.626242464e-10
575.330	0.816	-0.793	2.091668384e-09	3.18278376e-10	-3.182963576e-10
576.965	0.661	-0.820	2.3055994e-09	3.442360324e-10	-3.44263478e-10
578.238	0.754	-0.612	2.497700348e-09	3.728975536e-10	-3.729310156e-10
579.719	0.746	-0.727	2.250605448e-09	3.489798624e-10	-3.490108908e-10
581.448	0.786	-0.982	1.932449428e-09	2.884864476e-10	-2.885161916e-10
583.167	0.924	-0.933	1.841696428e-09	2.749452212e-10	-2.749723288e-10
584.840	0.709	-0.749	2.347657416e-09	3.505178976e-10	-3.505454108e-10
586.236	0.819	-0.688	2.237662752e-09	3.404911276e-10	-3.405108668e-10
587.771	0.771	-0.716	2.234309792e-09	3.465316608e-10	-3.465477496e-10
589.249	0.635	-0.707	2.513683692e-09	3.824762032e-10	-3.825012152e-10
590.607	0.553	-0.723	2.643375644e-09	4.021751136e-10	-4.022078996e-10
592.061	0.748	-0.901	2.044331484e-09	3.110087396e-10	-3.110386864e-10
593.602	0.603	-0.793	2.37887104e-09	3.68870216e-10	-3.689027316e-10
594.960	0.918	-0.754	1.986609872e-09	3.080662468e-10	-3.080896364e-10
596.578	1.028	-0.700	1.979670056e-09	2.955971564e-10	-2.956162872e-10
598.099	0.684	-0.494	2.820866204e-09	4.374978036e-10	-4.375193004e-10
599.591	0.972	-0.807	1.867428368e-09	2.896326732e-10	-2.896455848e-10
601.419	0.687	-0.857	2.2145929e-09	3.30714748e-10	-3.30728606e-10
602.897	0.546	-0.791	2.559152804e-09	3.821709892e-10	-3.8218674e-10
603.998	0.779	-0.555	2.562173172e-09	3.82612282e-10	-3.826299256e-10
605.506	0.661	-0.729	2.425405528e-09	3.690717992e-10	-3.690907272e-10
607.105	1.245	-0.938	1.566120296e-09	2.338509108e-10	-2.338653772e-10
609.188	0.818	-0.839	2.034603844e-09	3.095568268e-10	-3.095815008e-10
610.901	0.980	-0.895	1.823183492e-09	2.721770012e-10	-2.722046496e-10
612.877	0.922	-0.996	1.755226564e-09	2.67002424e-10	-2.67032506e-10
614.695	0.865	-0.896	1.901447392e-09	2.892415396e-10	-2.892747988e-10
616.691	0.972	-1.131	1.615631212e-09	2.411657716e-10	-2.411949748e-10
618.692	1.076	-1.029	1.591235724e-09	2.42049574e-10	-2.420781012e-10
620.645	0.861	-0.877	1.926747368e-09	2.930850728e-10	-2.93119684e-10
622.199	0.685	-0.692	2.4672817e-09	3.682901404e-10	-3.683350944e-10
623.798	0.678	-0.914	2.105809628e-09	3.203422716e-10	-3.203766124e-10
625.276	0.794	-0.800	2.113451808e-09	3.215291248e-10	-3.215592068e-10
626.930	1.040	-0.860	1.773083104e-09	2.697705764e-10	-2.697915324e-10
628.704	0.806	-0.734	2.218341996e-09	3.31247774e-10	-3.312667696e-10
630.336	1.002	-0.825	1.870553516e-09	2.793514568e-10	-2.793605828e-10
632.163	0.879	-0.825	2.005280316e-09	2.995141032e-10	-2.995158608e-10
633.948	0.781	-0.905	1.997541468e-09	3.040114636e-10	-3.040180884e-10
635.562	0.867	-0.833	1.990148056e-09	3.086654532e-10	-3.086793788e-10
636.993	0.524	-0.563	3.216602012e-09	4.802769088e-10	-4.803107088e-10
638.489	0.862	-0.973	1.906249696e-09	2.846080328e-10	-2.846313548e-10
640.101	0.610	-0.751	2.56907716e-09	3.835537472e-10	-3.835881556e-10
641.516	0.683	-0.804	2.350890048e-09	3.509677756e-10	-3.510013728e-10
642.915	0.702	-0.716	2.430746604e-09	3.698126276e-10	-3.69845008e-10
644.335	0.635	-0.717	2.585978512e-09	3.861266032e-10	-3.861520208e-10
645.967	0.826	-0.998	1.875188848e-09	2.800422612e-10	-2.800517252e-10
647.603	0.680	-0.811	2.278851432e-09	3.40363296e-10	-3.403676224e-10
649.180	1.030	-0.896	1.763321664e-09	2.633076784e-10	-2.63321942e-10
651.103	0.751	-0.893	2.066751024e-09	3.085353908e-10	-3.08567298e-10
652.911	1.009	-1.056	1.644871592e-09	2.455252956e-10	-2.45555986e-10
654.646	0.594	-0.726	2.57368748e-09	3.842107516e-10	-3.842509736e-10
656.146	0.880	-0.906	1.908187788e-09	2.84897496e-10	-2.84920818e-10
657.684	0.709	-0.657	2.503733648e-09	3.738565272e-10	-3.738792408e-10
659.418	0.672	-1.025	1.986801856e-09	3.023266688e-10	-3.023427576e-10
660.735	0.651	-0.644	2.56590334e-09	3.979563328e-10	-3.979755312e-10
662.289	1.006	-0.903	1.766456952e-09	2.688051132e-10	-2.688179572e-10
664.150	1.004	-0.855	1.8400382e-09	2.747628364e-10	-2.74777776e-10
665.940	0.964	-0.786	1.926229552e-09	2.93101432e-10	-2.931185348e-10
667.497	0.683	-0.593	2.681842748e-09	4.004426608e-10	-4.004686192e-10
669.055	0.911	-0.876	1.887918604e-09	2.87273298e-10	-2.872897924e-10
670.923	0.893	-0.957	1.8225467e-09	2.773367064e-10	-2.77350632e-10
672.769	0.695	-0.953	2.017296216e-09	3.128803132e-10	-3.128936304e-10
674.399	0.846	-0.935	1.8935774e-09	2.881581144e-10	-2.881702148e-10
676.130	0.951	-0.885	1.810094104e-09	2.807492896e-10	-2.807601056e-10
677.665	0.510	-0.584	3.119923196e-09	4.659077176e-10	-4.659280652e-10
679.059	0.913	-0.884	1.896486904e-09	2.831867428e-10	-2.83203102e-10
680.628	0.719	-0.656	2.407274532e-09	3.733121444e-10	-3.733381028e-10
681.955	0.705	-0.608	2.59546144e-09	3.874974636e-10	-3.875313988e-10
683.283	0.842	-0.622	2.16138494e-09	3.55240028e-10	-3.552672032e-10
685.121	0.900	-0.997	1.7968587e-09	2.682591756e-10	-2.682841876e-10
686.878	0.940	-0.857	1.869430004e-09	2.844107084e-10	-2.844362612e-10
688.666	0.838	-0.849	2.026139648e-09	3.025056736e-10	-3.025308884e-10
690.314	0.795	-0.810	2.100988396e-09	3.19679724e-10	-3.197009504e-10
692.011	0.676	-0.902	2.184681252e-09	3.28682692e-10	-3.287002004e-10
693.480	0.592	-0.792	2.471086904e-09	3.690019008e-10	-3.690204908e-10
694.870	0.762	-0.798	2.098318872e-09	3.317499744e-10	-3.31765252e-10
696.442	0.629	-0.810	2.376429328e-09	3.548616032e-10	-3.54880396e-10
698.052	0.694	-0.980	1.9847529e-09	3.078129496e-10	-3.078298496e-10
699.664	0.871	-0.919	1.878098352e-09	2.857636548e-10	-2.857829884e-10
701.229	0.723	-0.694	2.407042664e-09	3.593794464e-10	-3.59408582e-10
702.869	0.810	-0.918	1.973217636e-09	2.94594716e-10	-2.946210124e-10
704.410	0.953	-0.731	1.994354128e-09	3.034207748e-10	-3.034472064e-10
706.160	0.686	-0.796	2.267291832e-09	3.449437368e-10	-3.449740892e-10
707.776	0.795	-0.930	1.975244284e-09	2.948954008e-10	-2.949221028e-10
709.237	0.991	-0.666	2.0289633e-09	3.086939804e-10	-3.08719398e-10
711.209	0.892	-0.982	1.794802984e-09	2.730781092e-10	-2.730987272e-10
713.006	0.798	-0.905	1.974861668e-09	3.004780792e-10	-3.004999816e-10
714.556	0.785	-0.752	2.219069372e-09	3.313148332e-10	-3.313416028e-10
716.286	0.807	-0.945	1.86316416e-09	2.945229248e-10	-2.945455708e-10
718.111	0.745	-1.018	1.879512544e-09	2.91458414e-10	-2.914805192e-10
719.566	0.788	-0.710	2.244594456e-09	3.415372376e-10	-3.415586668e-10
721.243	1.010	-0.889	1.772300972e-09	2.6970203e-10	-2.697134544e-10
723.132	0.773	-0.880	2.06505494e-09	3.083923492e-10	-3.084036384e-10
724.727	0.900	-0.821	1.927276e-09	2.989047568e-10	-2.989200344e-10
726.481	0.567	-0.855	2.401018152e-09	3.584914528e-10	-3.585184252e-10
727.926	0.915	-0.878	1.903187416e-09	2.841501104e-10	-2.841735e-10
729.610	0.909	-0.769	2.034372652e-09	3.037497164e-10	-3.037722272e-10
731.667	0.796	-1.148	1.732252028e-09	2.635831484e-10	-2.635989668e-10
733.431	0.854	-0.968	1.84955966e-09	2.814274528e-10	-2.814452992e-10
735.098	0.721	-0.813	2.228931536e-09	3.327895272e-10	-3.328160264e-10
736.510	0.654	-0.691	2.468940604e-09	3.828440148e-10	-3.828763952e-10
36437.544	3163.469	-3531.489	7.8157092e-13	1.903238792e-13	-1.903238792e-13
80670.888	29879.928	-18858.936	2.26602636e-13	5.724699916e-14	-5.724699916e-14
231926.772	375214.881	-118076.856	4.902583868e-14	1.088902828e-14	-1.088902828e-14