# Swift_J0243.6+6124, super Eddington outburst
# https://ui.adsabs.harvard.edu/abs/2018ApJ...863....9W/abstract
# there is no refereed publication for Swift/XRT data, but we have analysed them for current student project
# https://ui.adsabs.harvard.edu/abs/2021MNRAS.tmp.2817C/abstract
# convertion factor for counts to 0.3-10.0 keV flux
# 8.36E-11 erg cm-2 ct-1
# factor for Flux to Lx for 7 kpc distance, note that sometimes 5kpc is used but i believe 7 is more robust
# ~5.86e+45
!MJD    	T_+ve   	T_-ve   	Rate    	Ratepos 	Rateneg 	BGrate  	BGerr   	FracExp
! WT data
58029.1844500567	0.0708487962962963	-0.0708487962962963	1.420849e+01	8.685247e-02	-8.375073e-02	2.439643e-01	7.957236e-03	0.245843	::ObsID=00775946000
58031.7008286574	0.137837650462963	-0.137837650462963	3.199895e+01	6.789494e-01	-6.662458e-01	4.032327e-01	1.204351e-02	0.077192	::ObsID=00010336002
58032.0698170486	0.0382478009259259	-0.0382478009259259	3.944891e+01	1.431416e-01	-1.432003e-01	4.202556e-01	1.180661e-02	0.326630	::ObsID=00010336003
58033.3591551701	0.0100391898148148	-0.0100391898148148	4.588809e+01	6.232637e+00	-5.769700e+00	7.419764e-01	1.657040e-02	1.000000	::ObsID=00010336004
58034.3501087002	0.00453430555555556	-0.00453430555555556	7.910089e+01	3.352347e-01	-3.353561e-01	7.923327e-01	2.690903e-02	1.000000	::ObsID=00010336005
58035.2830845336	0.403461678240741	-0.403461678240741	1.016407e+02	6.278483e-01	-7.614077e-01	1.243240e+00	1.985693e-02	0.037022	::ObsID=00010336006
58036.4858781852	0.00482990740740741	-0.00482990740740741	1.384609e+02	1.339347e+00	-6.671882e-01	1.602636e+00	3.460359e-02	0.999997	::ObsID=00010336007
58037.5096434514	0.0338794444444444	-0.0338794444444444	1.901849e+02	7.138475e+00	-1.215951e+00	1.719298e+00	2.399982e-02	0.365522	::ObsID=00010336008
58038.5036132396	0.0329488888888889	-0.0329488888888889	2.025756e+02	1.404378e+01	-6.977909e+00	2.167345e+00	2.608232e-02	0.347969	::ObsID=00010336009
58040.1423015498	0.8005309375	-0.8005309375	3.035134e+02	8.470907e+00	-1.879545e+00	2.465248e+00	3.635601e-02	0.008538	::ObsID=00010336010
58041.6302690104	0.0396262731481482	-0.0396262731481482	3.589244e+02	3.033390e+01	-5.760015e+01	3.063895e+00	2.910219e-02	0.300033	::ObsID=00010336011
58042.395207066	0.467755960648148	-0.467755960648148	3.720325e+02	1.590779e+01	-5.144495e+00	3.248416e+00	1.823198e-02	0.068231	::ObsID=00010336012
58044.4859137269	0.0437243055555556	-0.0437243055555556	4.341145e+02	1.072553e+01	-1.826584e+00	3.222409e+00	2.923670e-02	0.278714	::ObsID=00010336013
58048.896663581	0.0100391550925926	-0.0100391550925926	5.943125e+02	2.809401e+01	-2.020612e+01	5.074111e+00	3.817928e-02	0.999996	::ObsID=00010336014
58050.9521344688	0.00943158564814815	-0.00943158564814815	7.751942e+02	1.482710e+01	-4.777486e+00	5.777012e+00	3.980929e-02	0.999998	::ObsID=00010336015
58052.1736728368	0.0311441203703704	-0.0311441203703704	9.387364e+02	3.295246e+01	-3.458708e+01	7.398830e+00	4.226316e-02	0.373482	::ObsID=00782859000
58052.5582547546	0.265109780092593	-0.265109780092593	1.148160e+03	1.800428e+01	-1.913056e+01	6.459706e+00	5.296442e-02	0.021642	::ObsID=00010336016
58056.4650117257	0.00834331018518518	-0.00834331018518518	1.852666e+03	1.254469e+01	-1.317088e+01	8.354009e+00	4.386772e-02	0.999999	::ObsID=00010336018
58058.3893088519	0.00836087962962963	-0.00836087962962963	2.835811e+03	1.617555e+01	-1.162288e+01	7.613721e+00	3.422113e-02	1.000000	::ObsID=00010336019
58060.5922656308	0.00193638888888889	-0.00193638888888889	3.318802e+03	2.784338e+01	-2.377374e+01	9.535523e+00	8.717424e-02	1.000000	::ObsID=00010336020
58061.2498005845	0.00552255787037037	-0.00552255787037037	3.804381e+03	2.907756e+01	-2.154410e+01	9.545586e+00	4.157965e-02	1.000000	::ObsID=00785917000
58062.7094775127	0.536800775462963	-0.536800775462963	4.019617e+03	5.160849e+01	-2.998065e+02	8.677738e+00	2.962496e-02	0.020483	::ObsID=00010336021
58066.9309772975	0.0361294560185185	-0.0361294560185185	3.475909e+03	2.385865e+01	-1.646049e+01	1.055108e+01	4.551096e-02	0.169127	::ObsID=00010336022
58067.1539435822	0.00624866898148148	-0.00624866898148148	3.126460e+03	1.940978e+02	-6.980147e+02	1.134872e+01	4.832832e-02	1.000000	::ObsID=00010336023
58070.4121437824	0.00633541666666667	-0.00633541666666667	2.283436e+03	2.310416e+01	-2.470943e+01	1.033883e+01	5.118042e-02	0.999999	::ObsID=00010336024
58072.402902412	0.0059002662037037	-0.0059002662037037	2.122458e+03	2.193644e+01	-2.483084e+01	1.164993e+01	5.907888e-02	0.999999	::ObsID=00010336025
58080.9172532072	0.00196613425925926	-0.00196613425925926	8.103651e+02	2.626583e+01	-2.036953e+01	8.514871e+00	1.071583e-01	1.000000	::ObsID=00010336027
58082.57832789	0.00524460648148148	-0.00524460648148148	7.928950e+02	1.348766e+01	-3.727038e+00	7.242492e+00	5.877724e-02	1.000000	::ObsID=00010336030
58084.5044310347	0.00572789351851852	-0.00572789351851852	7.946175e+02	6.827185e+00	-3.337018e+00	5.906830e+00	5.221153e-02	1.000000	::ObsID=00010336031
58086.2892299884	9.86805555555555e-05	-9.86805555555555e-05	8.654905e+02	3.167381e+01	-2.725338e+01	8.955055e+00	5.792544e-01	1.000000	::ObsID=00010336032
58088.6250558299	0.0059593287037037	-0.0059593287037037	5.872313e+02	7.318939e+00	-2.246625e+00	6.038573e+00	5.943927e-02	0.999996	::ObsID=00010336033
58090.1447061308	0.00575577546296296	-0.00575577546296296	5.246701e+02	1.121290e+01	-3.067639e+00	5.745104e+00	5.472769e-02	1.000000	::ObsID=00010336034
58092.7030799074	0.0348817708333333	-0.0348817708333333	4.649003e+02	1.099707e+01	-7.193896e+00	5.061739e+00	6.275419e-02	0.117477	::ObsID=00010336035
58094.0934349653	0.0375845717592593	-0.0375845717592593	4.045926e+02	1.635089e+00	-1.188021e+00	4.589815e+00	3.754835e-02	0.272544	::ObsID=00088249001
58096.5014558831	0.103174525462963	-0.103174525462963	4.049070e+02	1.577118e+00	-1.568943e+00	5.115252e+00	5.470936e-02	0.061661	::ObsID=00010336036
58098.2515608831	0.00260194444444444	-0.00260194444444444	4.038049e+02	2.355682e+00	-2.350246e+00	4.794680e+00	8.267919e-02	1.000000	::ObsID=00010336037
58100.9770805741	0.00532274305555556	-0.00532274305555556	3.297456e+02	1.484508e+00	-1.478752e+00	3.559975e+00	4.981056e-02	1.000000	::ObsID=00010336038
58102.4381753727	0.335169976851852	-0.335169976851852	3.492811e+02	1.714326e+00	-1.708735e+00	3.535377e+00	5.331599e-02	0.012786	::ObsID=00010336039
58106.9499771238	0.00465726851851852	-0.00465726851851852	2.434432e+02	9.140550e-01	-9.089553e-01	3.799477e+00	5.505332e-02	1.000000	::ObsID=00010336040
58108.5789192141	0.0353956597222222	-0.0353956597222222	2.940874e+02	1.029452e+00	-1.022841e+00	3.257482e+00	4.416950e-02	0.185583	::ObsID=00010467003
58111.5900937326	0.00619087962962963	-0.00619087962962963	2.623402e+02	1.030448e+00	-1.025196e+00	3.728326e+00	5.112575e-02	1.000000	::ObsID=00010467004
58114.1805543299	0.00671165509259259	-0.00671165509259259	2.326235e+02	9.023576e-01	-8.976415e-01	2.978698e+00	4.216735e-02	1.000000	::ObsID=00010467005
58117.3678711968	0.00619082175925926	-0.00619082175925926	2.139118e+02	7.980361e-01	-7.935259e-01	3.119095e+00	4.604865e-02	1.000000	::ObsID=00010467006
58120.431374419	0.00520329861111111	-0.00520329861111111	2.223388e+02	8.870372e-01	-8.826552e-01	2.701213e+00	4.644854e-02	1.000000	::ObsID=00010467007
58131.7307152604	0.0676468634259259	-0.0676468634259259	1.500600e+02	5.240593e-01	-5.206781e-01	2.114279e+00	3.904633e-02	0.088694	::ObsID=00010467008
58132.2306713252	0.0350449537037037	-0.0350449537037037	1.513627e+02	5.988145e-01	-5.958060e-01	2.373524e+00	4.394661e-02	0.157437	::ObsID=00010467009
58135.3583631563	0.0337301967592593	-0.0337301967592593	1.174403e+02	4.141669e-01	-4.115466e-01	1.875817e+00	4.206036e-02	0.145442	::ObsID=00010467010
58138.5015238553	0.00656699074074074	-0.00656699074074074	1.164158e+02	3.842874e-01	-3.815112e-01	1.854238e+00	3.684239e-02	0.999998	::ObsID=00010467011
58141.423525978	0.133840162037037	-0.133840162037037	9.463746e+01	5.226843e-01	-5.213386e-01	1.645118e+00	5.679576e-02	0.017600	::ObsID=00010467012
58144.7444945243	0.00595938657407407	-0.00595938657407407	8.979458e+01	3.214057e-01	-3.194319e-01	1.527220e+00	3.405615e-02	1.000000	::ObsID=00010467013
58147.6062537072	0.00601717592592593	-0.00601717592592593	7.967142e+01	3.097977e-01	-3.081864e-01	1.425998e+00	3.339840e-02	1.000000	::ObsID=00010467014
58150.652777809	0.00598825231481481	-0.00598825231481481	5.896196e+01	2.610708e-01	-2.600242e-01	1.157719e+00	3.078777e-02	1.000000	::ObsID=00010467015
58153.0420367396	0.00561115740740741	-0.00561115740740741	4.787823e+01	2.463153e-01	-2.455843e-01	1.022531e+00	2.928698e-02	1.000000	::ObsID=00010467016
58156.5607007928	0.00572694444444444	-0.00572694444444444	3.754389e+01	2.084722e-01	-2.079411e-01	5.592021e-01	1.958800e-02	1.000000	::ObsID=00010467017
58162.0082027951	0.00472928240740741	-0.00472928240740741	2.524024e+01	1.884898e-01	-1.882246e-01	4.459462e-01	2.065806e-02	1.000000	::ObsID=00010467019
58164.4024496979	0.26884099537037	-0.26884099537037	2.072953e+01	1.495915e-01	-1.493660e-01	4.152177e-01	1.751490e-02	0.022950	::ObsID=00010467020
58165.4299215845	0.301771875	-0.301771875	1.997864e+01	1.287544e-01	-1.285110e-01	4.063244e-01	1.515334e-02	0.026538	::ObsID=00010467021
58166.1287448137	0.0057241087962963	-0.0057241087962963	1.899084e+01	1.518322e-01	-1.516458e-01	4.719513e-01	2.010580e-02	1.000000	::ObsID=00010467022
58168.0469852581	0.465978483796296	-0.465978483796296	1.686825e+01	1.034981e-01	-1.032822e-01	3.043228e-01	1.044433e-02	0.023526	::ObsID=00010467024
58170.7676311308	0.0689300231481482	-0.0689300231481482	1.067746e+01	1.290965e-01	-1.290272e-01	2.710322e-01	1.351786e-02	0.079941	::ObsID=00010467025
58172.1667060845	0.00595460648148148	-0.00595460648148148	9.373588e+00	1.128337e-01	-1.127726e-01	2.526834e-01	1.255594e-02	1.000000	::ObsID=00010467026
58174.0594727778	0.0350802199074074	-0.0350802199074074	6.257730e+00	1.371603e-01	-1.371379e-01	1.709316e-01	1.726670e-02	0.064221	::ObsID=00010467027
58184.3980157604	0.000116458333333333	-0.000116458333333333	5.347626e+00	7.943108e-01	-7.943080e-01	2.601188e-01	9.196587e-02	1.000000	::ObsID=00010467032
58186.0577556678	0.000344918981481481	-0.000344918981481481	5.624135e+00	3.663692e-01	-3.663624e-01	2.154182e-01	4.816897e-02	1.000000	::ObsID=00010467033
58193.0626443519	0.0331279976851852	-0.0331279976851852	4.129718e+00	3.931536e-01	-3.931502e-01	2.465956e-01	7.435138e-02	0.005723	::ObsID=00010467035
58211.5502452292	0.0716301736111111	-0.0716301736111111	3.168063e+00	2.559712e-01	-2.559681e-01	9.258358e-02	3.499330e-02	0.004544	::ObsID=00010645003
58213.4420753044	0.427206041666667	-0.427206041666667	5.131360e+00	1.310676e-01	-1.310518e-01	2.433151e-01	2.259124e-02	0.004884	::ObsID=00010645004
58214.6330607442	0.430468449074074	-0.430468449074074	7.232674e+00	2.881277e-01	-2.881135e-01	1.091476e-01	2.818178e-02	0.001359	::ObsID=00010645005
58217.7304750162	0.143590231481481	-0.143590231481481	1.030386e+01	7.122456e-02	-7.110754e-02	2.384614e-01	8.667027e-03	0.094861	::ObsID=00010645006
58219.7210121632	0.203041388888889	-0.203041388888889	1.238695e+01	8.427219e-02	-8.412926e-02	2.389965e-01	9.267888e-03	0.057109	::ObsID=00010645007
58221.1783168391	0.00615802083333333	-0.00615802083333333	1.164290e+01	1.115488e-01	-1.114534e-01	2.208928e-01	1.299369e-02	1.000000	::ObsID=00010645008
!PC
58199.8040116262	0.00544119212962963	-0.00544119212962963	2.550913e+00	1.281499e-01	-1.281499e-01	5.676557e-03	4.291074e-04	1.000000	::ObsID=00010467038
58201.9310543866	0.00548472222222222	-0.00548472222222222	2.078515e+00	1.123898e-01	-1.123898e-01	4.177723e-03	3.457508e-04	1.000000	::ObsID=00010467039
58203.9197966389	0.00634079861111111	-0.00634079861111111	1.722801e+00	9.185302e-02	-9.185302e-02	4.169837e-03	3.338542e-04	1.000000	::ObsID=00010467040
58205.6534127789	0.00603608796296296	-0.00603608796296296	9.879044e-01	6.643039e-02	-6.643039e-02	2.783397e-03	2.678325e-04	1.000000	::ObsID=00010467041
58207.3087157836	0.20422244212963	-0.20422244212963	8.206179e-01	4.037722e-02	-4.037722e-02	2.460789e-03	2.072359e-04	0.045329	::ObsID=00010645001
58209.4305555926	0.00947498842592593	-0.00947498842592593	7.233743e-01	4.126760e-02	-4.126760e-02	1.741709e-03	1.527580e-04	0.999993	::ObsID=00010645002
58211.5532515255	0.0742730787037037	-0.0742730787037037	2.104980e+00	7.166303e-02	-7.166303e-02	4.053854e-03	2.431340e-04	0.163710	::ObsID=00010645003
58213.4449059988	0.429821585648148	-0.429821585648148	4.831056e+00	8.327010e-02	-8.327010e-02	6.454577e-03	1.919272e-04	0.068258	::ObsID=00010645004
58214.6717621447	0.468262800925926	-0.468262800925926	7.345855e+00	1.815500e-01	-1.815500e-01	8.370723e-03	2.991452e-04	0.030677	::ObsID=00010645005
58217.5992383843	0.00120431712962963	-0.00120431712962963	1.169209e+01	6.737984e-01	-6.737984e-01	1.403057e-02	1.362769e-03	1.000000	::ObsID=00010645006
58219.9176382512	0.000609409722222222	-0.000609409722222222	1.267748e+01	9.976915e-01	-9.976915e-01	1.665825e-02	2.082282e-03	1.000000	::ObsID=00010645007
58223.4452908218	0.00437813657407407	-0.00437813657407407	8.915793e+00	3.781060e-01	-3.781060e-01	1.225594e-02	6.706151e-04	0.964419	::ObsID=00010645009
58234.7854956991	0.101044618055556	-0.101044618055556	7.555762e-01	4.779754e-02	-4.779754e-02	2.157358e-03	2.382403e-04	0.054137	::ObsID=00010645010
58235.880286544	0.00625373842592593	-0.00625373842592593	7.414026e-01	3.960134e-02	-3.960134e-02	2.512763e-03	2.791959e-04	1.000000	::ObsID=00010645011
58237.2765060405	0.00518001157407407	-0.00518001157407407	1.672390e+00	9.176646e-02	-9.176646e-02	3.801460e-03	3.560394e-04	1.000000	::ObsID=00010645012
