# RX J0520.5-6932 2013-4 outburst
# https://ui.adsabs.harvard.edu/abs/2014A%26A...567A.129V/abstract
# convertion factor for counts to 0.3-10.0 keV flux
# 7.26E-11 erg cm-2 ct-1
# factor for Flux to Lx for 50 kpc distance
# 2.99E+47
!MJD    	T_+ve   	T_-ve   	Rate    	Ratepos 	Rateneg 	BGrate  	BGerr   	FracExp
! WT data
56658.1833612051	0.0970681134259259	-0.0970681134259259	7.936113e+00	4.470114e-01	-3.979128e-01	2.096427e-01	1.147114e-02	0.069385	::ObsID=00032671045
56660.544761888	0.00474417824074074	-0.00474417824074074	9.652472e+00	1.168176e-01	-1.168258e-01	2.078814e-01	1.347495e-02	1.000000	::ObsID=00032671046
56664.6135769088	0.00638961805555556	-0.00638961805555556	1.076037e+01	1.272563e-01	-1.211198e-01	2.133637e-01	1.176312e-02	1.000000	::ObsID=00032671048
56666.6776827757	0.0055244212962963	-0.0055244212962963	1.192973e+01	1.190736e-01	-1.190813e-01	1.965232e-01	1.214124e-02	1.000000	::ObsID=00032671049
56668.4180034574	0.00546752314814815	-0.00546752314814815	1.094403e+01	1.167877e-01	-1.168257e-01	2.720327e-01	1.530304e-02	1.000000	::ObsID=00032671050
56670.5563033405	0.00606875	-0.00606875	1.199319e+01	1.135860e-01	-1.136042e-01	2.109882e-01	1.200270e-02	1.000000	::ObsID=00032671051
56672.6114509898	0.00645034722222222	-0.00645034722222222	1.026571e+01	6.886766e-01	-4.106709e-01	2.230732e-01	1.144342e-02	1.000000	::ObsID=00032671052
56674.3451290546	0.0052091087962963	-0.0052091087962963	1.062120e+01	2.869590e-01	-3.992594e-01	2.018353e-01	1.199787e-02	1.000000	::ObsID=00032671053
56676.2885897363	0.00502855324074074	-0.00502855324074074	1.084501e+01	1.222807e-01	-1.215095e-01	2.356798e-01	1.393604e-02	1.000000	::ObsID=00032671054
56678.5501785546	0.072599837962963	-0.072599837962963	1.047904e+01	1.093074e-01	-1.093177e-01	2.479307e-01	1.330962e-02	0.079885	::ObsID=00032671055
56680.2740952896	0.0688172569444444	-0.0688172569444444	1.038861e+01	1.115108e-01	-1.115908e-01	2.510602e-01	1.444689e-02	0.082273	::ObsID=00032671056
56682.6133210627	0.005265	-0.005265	9.556485e+00	1.098564e-01	-1.098649e-01	2.290307e-01	1.342602e-02	1.000000	::ObsID=00032671057
56684.8254132838	0.00502849537037037	-0.00502849537037037	8.934832e+00	1.091420e-01	-1.095292e-01	1.640171e-01	1.100811e-02	1.000000	::ObsID=00032671058
56686.7098430627	0.234465856481481	-0.234465856481481	8.305254e+00	9.127205e-02	-9.126058e-02	2.103913e-01	1.149490e-02	0.028540	::ObsID=00032671059
56688.346657425	0.0059584375	-0.0059584375	7.692256e+00	2.770016e-01	-2.739495e-01	1.490666e-01	1.000469e-02	1.000000	::ObsID=00032671060
56690.7886146912	0.0362557060185185	-0.0362557060185185	6.986595e+00	8.554623e-01	-6.735354e-01	1.407623e-01	1.092527e-02	0.123026	::ObsID=00032671061
56692.7197812757	0.0370338541666667	-0.0370338541666667	7.511642e+00	1.045537e-01	-1.181588e-01	1.392079e-01	9.583465e-03	0.157749	::ObsID=00032671062
56694.0459289493	0.0365840046296296	-0.0365840046296296	7.097418e+00	9.724974e-02	-9.636985e-02	2.050057e-01	1.259340e-02	0.163194	::ObsID=00032671063
56696.4512173023	0.0354352430555556	-0.0354352430555556	6.659884e+00	8.887159e-02	-8.886865e-02	1.484168e-01	1.085331e-02	0.156927	::ObsID=00032671064
56706.9491322815	0.0361378472222222	-0.0361378472222222	4.575794e+00	1.793570e-01	-1.202174e-01	1.282906e-01	8.811034e-03	0.174739	::ObsID=00032671065
56710.8174493151	0.101857650462963	-0.101857650462963	4.440887e+00	8.569942e-02	-9.568279e-02	1.503150e-01	9.933096e-03	0.060914	::ObsID=00032671067
56716.1727209759	0.00283340277777778	-0.00283340277777778	3.595641e+00	9.520862e-02	-9.518830e-02	1.765003e-01	1.747613e-02	1.000000	::ObsID=00032671068
56718.5701905581	0.00606936342592593	-0.00606936342592593	3.531410e+00	6.325902e-02	-6.340537e-02	1.327225e-01	9.269745e-03	1.000000	::ObsID=00032671069
56720.1038584262	0.0056980787037037	-0.0056980787037037	3.418970e+00	6.406088e-02	-6.406317e-02	1.179239e-01	9.017867e-03	1.000000	::ObsID=00032671070
56722.3083481345	0.00679855324074074	-0.00679855324074074	3.007646e+00	5.560865e-02	-5.560672e-02	1.591010e-01	1.029139e-02	1.000000	::ObsID=00032671071
56726.3703361866	0.0059005787037037	-0.0059005787037037	2.525777e+00	2.047778e-01	-1.497552e-01	1.240356e-01	8.837168e-03	1.000000	::ObsID=00032671072
56730.6448174782	0.00572696759259259	-0.00572696759259259	2.216290e+00	5.250372e-02	-5.250308e-02	1.548898e-01	1.106356e-02	1.000000	::ObsID=00032671073
56734.1671601125	0.00558321759259259	-0.00558321759259259	2.170040e+00	5.670032e-02	-5.659718e-02	2.411049e-01	1.425683e-02	1.000000	::ObsID=00032671074
56738.9763728741	0.00610407407407407	-0.00610407407407407	1.752866e+00	4.904825e-02	-4.897437e-02	2.128209e-01	1.281032e-02	1.000000	::ObsID=00032671075
56742.4371618162	0.402245486111111	-0.402245486111111	1.425377e+00	3.466051e-02	-3.448363e-02	2.794653e-01	1.047341e-02	0.029812	::ObsID=00032671076
56746.5683966727	0.00158914351851852	-0.00158914351851852	1.273990e+00	8.096786e-02	-8.096472e-02	1.666039e-01	2.267191e-02	1.000000	::ObsID=00032671077
! PC data
56608.1710180315	0.00581844907407407	-0.00581844907407407	1.481592e-01	1.362035e-02	-1.362035e-02	3.327366e-03	2.753748e-04	1.000000	::ObsID=00032671024
56610.1146868046	0.00576040509259259	-0.00576040509259259	1.216191e-01	1.251100e-02	-1.251100e-02	2.777258e-03	2.314382e-04	1.000000	::ObsID=00032671025
56612.7718259944	0.00580393518518518	-0.00580393518518518	1.421299e-01	1.333821e-02	-1.333821e-02	2.721562e-03	2.424560e-04	1.000000	::ObsID=00032671026
56614.7172086218	0.00557178240740741	-0.00557178240740741	1.467407e-01	1.734620e-02	-1.734620e-02	1.793572e-03	1.591538e-04	1.000000	::ObsID=00032671027
56616.7053914933	0.00626825231481482	-0.00626825231481482	1.066781e-01	1.116956e-02	-1.116956e-02	2.219757e-03	1.744005e-04	1.000000	::ObsID=00032671028
56618.7854404285	0.00606511574074074	-0.00606511574074074	7.482731e-02	9.948598e-03	-9.948598e-03	2.138538e-03	1.669917e-04	1.000000	::ObsID=00032671029
56620.6432534725	0.00581844907407407	-0.00581844907407407	5.546738e-02	9.291715e-03	-9.291715e-03	1.189865e-03	9.985126e-05	1.000000	::ObsID=00032671030
56622.1106990512	0.0593004976851852	-0.0593004976851852	4.719569e-02	7.914964e-03	-7.914964e-03	2.184796e-03	1.675662e-04	0.101544	::ObsID=00032671031
56624.513748565	0.00554275462962963	-0.00554275462962963	3.675922e-02	7.185303e-03	-7.185303e-03	9.665999e-04	8.823809e-05	1.000000	::ObsID=00032671032
56626.580555278	0.00541216435185185	-0.00541216435185185	7.684702e-02	1.030015e-02	-1.030015e-02	1.797850e-03	1.634410e-04	1.000000	::ObsID=00032671033
56628.6528939921	0.00249569444444444	-0.00249569444444444	1.462230e-01	2.058956e-02	-2.058956e-02	4.157534e-03	4.677591e-04	1.000000	::ObsID=00032671034
56630.3123181241	0.066709537037037	-0.066709537037037	2.252129e-01	1.564796e-02	-1.564796e-02	3.732358e-03	2.645799e-04	0.102881	::ObsID=00032671035
56634.4097946056	0.0400588425925926	-0.0400588425925926	6.839090e-01	4.975931e-02	-4.975931e-02	3.514004e-03	2.735649e-04	0.145610	::ObsID=00032671037
56636.2853807502	0.297792800925926	-0.297792800925926	7.272214e-01	2.108477e-02	-2.108477e-02	4.252829e-03	1.506429e-04	0.094233	::ObsID=00032671038
56638.8170446854	0.176563831018519	-0.176563831018519	1.018635e+00	5.210694e-02	-5.210694e-02	5.663269e-03	3.945786e-04	0.036898	::ObsID=00032671039
56640.3198469065	0.141652789351852	-0.141652789351852	1.727650e+00	8.345288e-02	-8.345288e-02	6.485739e-03	4.563350e-04	0.038822	::ObsID=00032671040
56642.1178403208	0.00562981481481481	-0.00562981481481481	2.410994e+00	1.037401e-01	-1.037401e-01	6.045963e-03	4.264493e-04	1.000000	::ObsID=00032671041
56654.884175837	0.00526707175925926	-0.00526707175925926	9.217489e+00	2.865416e-01	-2.865416e-01	1.046486e-02	5.569884e-04	1.000000	::ObsID=00032671043
56656.8208488683	0.133843368055556	-0.133843368055556	8.408895e+00	2.510947e-01	-2.510947e-01	1.108879e-02	5.695929e-04	0.041521	::ObsID=00032671044
56759.589985881	0.0050058912037037	-0.0050058912037037	5.022003e-01	4.029536e-02	-4.029536e-02	3.276391e-03	2.778999e-04	1.000000	::ObsID=00032671078
56761.5866693972	0.00692122685185185	-0.00692122685185185	4.459919e-01	3.397362e-02	-3.397362e-02	2.788161e-03	2.072424e-04	0.999995	::ObsID=00032671079
56763.5830423104	0.00567334490740741	-0.00567334490740741	2.608907e-01	2.877104e-02	-2.877104e-02	2.966181e-03	2.471817e-04	1.000000	::ObsID=00032671080
56765.4148830488	0.103711527777778	-0.103711527777778	1.624564e-01	1.357042e-02	-1.357042e-02	3.773531e-03	2.648499e-04	0.064497	::ObsID=00032671081
56769.312418322	0.00548472222222222	-0.00548472222222222	8.348306e-02	1.076853e-02	-1.076853e-02	2.075219e-03	1.741485e-04	1.000000	::ObsID=00032671083
56777.3030012965	0.0683625810185185	-0.0683625810185185	4.960904e-03	3.159559e-03	-2.333342e-03	7.704823e-04	6.110322e-05	0.095512	::ObsID=00032671087
