# XMMU_J053108.3-690923 LMC SFXT
# https://ui.adsabs.harvard.edu/abs/2018MNRAS.475..220V/abstract
# https://ui.adsabs.harvard.edu/abs/2021A%26A...647A...8M/citations
# convertion factor for counts to 0.3-10.0 keV flux
# 1.89E-10 erg cm-2 ct-1
# factor for Flux to Lx for 50 kpc distance
# 2.99E+47
!
1807.63965 250 2.00000009E-3 2.00000009E-3 1
2307.63965 250 0 0 1
2807.63965 250 0 0 1
3307.63965 250 0 0 1
3807.63965 250 0 0 1
4307.63965 250 4.00000019E-3 2.82842712E-3 1
4807.63965 250 4.00000019E-3 2.82842712E-3 1
5307.63965 250 0 0 1
5807.63965 250 0 0 1
6307.63965 250 2.00000009E-3 2.00000009E-3 1
6807.63965 250 2.00000009E-3 2.00000009E-3 1
7307.63965 250 2.00000009E-3 2.00000009E-3 1
7807.63965 250 0 0 1
8307.63965 250 4.00000019E-3 2.82842712E-3 1
8807.63965 250 4.00000019E-3 2.82842712E-3 1
9307.63965 250 1.99999986E-3 1.99999986E-3 1.00000012
9807.63965 250 0 0 1
10307.6396 250 1.99999986E-3 1.99999986E-3 1.00000012
10807.6396 250 0 0 1
11307.6396 250 0 0 1
11807.6396 250 0 0 1
12307.6396 250 8.00000038E-3 4.00000019E-3 1
12807.6396 250 0 0 1
13307.6396 250 2.00000009E-3 2.00000009E-3 1
13807.6396 250 4.00000019E-3 2.82842712E-3 1
14307.6396 250 2.00000009E-3 2.00000009E-3 1
14807.6396 250 2.00000009E-3 2.00000009E-3 1
15307.6396 250 4.00000019E-3 2.82842712E-3 1
15807.6396 250 4.00000019E-3 2.82842712E-3 1
16307.6396 250 2.00000009E-3 2.00000009E-3 1
16807.6387 250 0 0 1
17307.6387 250 4.00000019E-3 2.82842712E-3 1
17807.6387 250 0 0 1
18307.6387 250 0 0 1
18807.6387 250 0 0 0.99999994
19307.6387 250 0 0 1
19807.6387 250 0 0 0.99999994
20307.6387 250 4.00000019E-3 2.82842736E-3 0.99999994
20807.6387 250 0 0 0.99999994
21307.6387 250 0 0 0.99999994
21807.6387 250 0 0 0.99999994
22307.6387 250 2.00000009E-3 2.00000009E-3 0.99999994
22807.6387 250 6.00000052E-3 3.46410181E-3 0.99999994
23307.6387 250 0 0 0.99999994
23807.6387 250 4.00000019E-3 2.82842736E-3 0.99999994
24307.6387 250 0 0 0.99999994
24807.6387 250 2.00000009E-3 2.00000009E-3 1
25307.6387 250 6.00000005E-3 3.46410158E-3 1
25807.6387 250 2.00000009E-3 2.00000009E-3 1
26307.6387 250 2.00000009E-3 2.00000009E-3 1
26807.6387 250 0 0 1
27307.6387 250 0 0 1
27807.6387 250 0 0 1
28307.6387 250 2.00000009E-3 2.00000009E-3 1
28807.6387 250 2.00000009E-3 2.00000009E-3 1
29307.6387 250 0 0 1
29807.6387 250 0 0 1
30307.6387 250 0 0 1
30807.6387 250 0 0 1
31307.6387 250 0 0 1
31807.6387 250 0 0 1
32307.6387 250 0 0 1
32807.6406 250 0 0 0.99999994
33307.6406 250 0 0 1
33807.6406 250 0 0 1
34307.6406 250 0 0 1
34807.6406 250 0 0 1
35307.6406 250 0 0 1
35807.6406 250 0 0 1
36307.6406 250 0 0 1
36807.6406 250 0 0 1
37307.6406 250 0 0 1
37807.6406 250 0 0 1
38307.6406 250 0 0 1
38807.6406 250 2.00000009E-3 2.00000009E-3 1
39307.6406 250 4.00000019E-3 2.82842712E-3 1
39807.6406 250 2.00000009E-3 2.00000009E-3 1
40307.6406 250 7.99999945E-3 3.99999972E-3 1.00000012
40807.6406 250 5.99999959E-3 3.46410135E-3 1.00000012
41307.6406 250 5.99999959E-3 3.46410135E-3 1.00000012
41807.6406 250 1.99999986E-3 1.99999986E-3 1.00000012
42307.6406 250 7.99999945E-3 3.99999972E-3 1.00000012
42807.6406 250 5.99999959E-3 3.46410135E-3 1.00000012
43307.6406 250 1.99999986E-3 1.99999986E-3 1.00000012
43807.6406 250 5.99999959E-3 3.46410135E-3 1.00000012
44307.6406 250 7.99999945E-3 3.99999972E-3 1.00000012
44807.6406 250 5.99999959E-3 3.46410135E-3 1.00000012
45307.6406 250 1.19999992E-2 4.89897933E-3 1.00000012
45807.6406 250 7.99999945E-3 3.99999972E-3 1.00000012
46307.6406 250 9.99999978E-3 4.47213603E-3 1
46807.6406 250 2.39999983E-2 6.9282027E-3 1.00000012
47307.6406 250 9.99999978E-3 4.47213603E-3 1
47807.6406 250 7.99999945E-3 3.99999972E-3 1.00000012
48307.6406 250 2.19999999E-2 6.63324958E-3 1
48807.6406 250 1.79999992E-2 6.00000005E-3 1
49307.6406 250 9.99999978E-3 4.47213603E-3 1
49807.6406 250 2.19999999E-2 6.63324958E-3 1
50307.6406 250 3.20000015E-2 8.00000038E-3 1
50807.6406 250 1.20000001E-2 4.89897979E-3 1
51307.6406 250 2.19999999E-2 6.63324958E-3 1
51807.6406 250 8.00000038E-3 4.00000019E-3 1
52307.6406 250 9.99999978E-3 4.47213603E-3 1
52807.6406 250 1.40000004E-2 5.29150246E-3 1
53307.6406 250 2.40000002E-2 6.92820316E-3 1
53807.6406 250 9.99999978E-3 4.47213603E-3 1
54307.6406 250 9.99999978E-3 4.47213603E-3 1
54807.6406 250 2.99999993E-2 7.74596678E-3 1
55307.6406 250 2.39999983E-2 6.9282027E-3 1.00000012
55807.6406 250 1.99999986E-3 1.99999986E-3 1.00000012
56307.6406 250 7.99999945E-3 3.99999972E-3 1.00000012
56807.6406 250 5.99999959E-3 3.46410135E-3 1.00000012
57307.6406 250 5.99999959E-3 3.46410135E-3 1.00000012
57807.6406 250 1.19999992E-2 4.89897933E-3 1.00000012
58307.6406 250 9.99999978E-3 4.47213557E-3 1.00000012
58807.6406 250 5.99999959E-3 3.46410135E-3 1.00000012
59307.6406 250 7.99999945E-3 3.99999972E-3 1.00000012
59807.6406 250 1.99999986E-3 1.99999986E-3 1.00000012
60307.6406 250 1.99999986E-3 1.99999986E-3 1.00000012
60807.6406 250 1.39999995E-2 5.29150199E-3 1.00000012
61307.6406 250 2.1999998E-2 6.63324958E-3 1.00000012
61807.6406 250 7.99999945E-3 3.99999972E-3 1.00000012
62307.6406 250 4.00000019E-3 2.82842712E-3 1
62807.6406 250 5.99999959E-3 3.46410135E-3 1.00000012
63307.6406 250 8.00000038E-3 4.00000019E-3 1
63807.6406 250 2.00000009E-3 2.00000009E-3 1
64307.6406 250 9.99999978E-3 4.47213603E-3 1
64807.6406 250 3.40000018E-2 8.24621134E-3 1
65307.6406 250 2.19999999E-2 6.63324958E-3 1
65807.6406 250 9.99999978E-3 4.47213603E-3 1
66307.6406 250 6.00000052E-3 3.46410181E-3 0.99999994
66807.6406 250 1.40000004E-2 5.29150292E-3 0.99999994
67307.6406 250 2.20000017E-2 6.63325004E-3 0.99999994
67807.6406 250 2.00000009E-3 2.00000009E-3 0.99999994
68307.6406 250 1.2000001E-2 4.89897979E-3 0.99999994
68807.6406 250 1.40000004E-2 5.29150292E-3 0.99999994
69307.6406 250 2.20000017E-2 6.63325004E-3 0.99999994
69807.6406 250 1.2000001E-2 4.89897979E-3 0.99999994
70307.6406 250 1.00000007E-2 4.4721365E-3 0.99999994
70807.6406 250 6.00000005E-3 3.46410158E-3 1
71307.6406 250 1.40000004E-2 5.29150246E-3 1
71807.6406 250 9.99999978E-3 4.47213603E-3 1
72307.6406 250 3.20000015E-2 8.00000038E-3 1
72807.6406 250 2.40000002E-2 6.92820316E-3 1
73307.6406 250 1.99999996E-2 6.32455526E-3 1
73807.6406 250 1.40000004E-2 5.29150246E-3 1
74307.6406 250 1.20000001E-2 4.89897979E-3 1
74807.6406 250 3.20000015E-2 8.00000038E-3 1
75307.6406 250 1.40000004E-2 5.29150246E-3 1
75807.6406 250 8.00000038E-3 4.00000019E-3 1
76307.6406 250 9.99999978E-3 4.47213603E-3 1
76807.6406 250 8.00000038E-3 4.00000019E-3 1
77307.6406 250 4.00000019E-3 2.82842712E-3 1
77807.6406 250 6.00000005E-3 3.46410158E-3 1
78307.6406 250 9.99999978E-3 4.47213603E-3 1
78807.6406 250 1.40000004E-2 5.29150246E-3 1
79307.6406 250 2.19999999E-2 6.63324958E-3 1
79807.6406 250 1.40000004E-2 5.29150292E-3 0.99999994
80307.6406 250 2.19999999E-2 6.63324958E-3 1
80807.6406 250 1.80000011E-2 6.00000052E-3 0.99999994
81307.6406 250 2.00000014E-2 6.32455572E-3 0.99999994
81807.6406 250 1.80000011E-2 6.00000052E-3 0.99999994
82307.6406 250 2.40000021E-2 6.92820363E-3 0.99999994
82807.6406 250 2.20000017E-2 6.63325004E-3 0.99999994
83307.6406 250 3.00000012E-2 7.74596725E-3 0.99999994
83807.6406 250 2.20000017E-2 6.63325004E-3 0.99999994
84307.6406 250 3.40000018E-2 8.24621134E-3 0.99999994
84807.6406 250 4.00000028E-2 8.94427299E-3 0.99999994
85307.6406 250 0.172000006 1.85472388E-2 0.99999994
85807.6406 250 0.120000005 1.54919345E-2 0.99999994
86307.6406 250 0.131999999 1.62480772E-2 1
86807.6406 250 9.79999974E-2 1.40000004E-2 1
87307.6406 250 0.159999996 1.78885441E-2 1
87807.6406 250 4.60000001E-2 9.59166326E-3 1
88307.6406 250 1.60000008E-2 5.65685425E-3 1
88807.6406 250 9.99999978E-3 4.47213603E-3 1
89307.6406 250 1.99999996E-2 6.32455526E-3 1
89807.6406 250 1.79999992E-2 6.00000005E-3 1
90307.6406 250 2.19999999E-2 6.63324958E-3 1
90807.6406 250 2.00000009E-3 2.00000009E-3 1
91307.6406 250 1.79999992E-2 6.00000005E-3 1
91807.6406 250 4.00000019E-3 2.82842712E-3 1
92307.6406 250 2.00000009E-3 2.00000009E-3 1
92807.6406 250 9.99999978E-3 4.47213603E-3 1
93307.6406 250 4.00000019E-3 2.82842712E-3 1
93807.6406 250 2.00000009E-3 2.00000009E-3 1
94307.6406 250 1.40000004E-2 5.29150246E-3 1
94807.6406 250 6.00000052E-3 3.46410181E-3 0.99999994
95307.6406 250 1.40000004E-2 5.29150246E-3 1
95807.6406 250 2.00000009E-3 2.00000009E-3 0.99999994
96307.6406 250 8.00000038E-3 4.00000019E-3 1
96807.6406 250 1.2000001E-2 4.89897979E-3 0.99999994
97307.6406 250 8.00000038E-3 4.00000019E-3 0.99999994
97807.6406 250 2.00000009E-3 2.00000009E-3 0.99999994
98307.6406 250 2.00000009E-3 2.00000009E-3 0.99999994
98807.6406 250 6.00000052E-3 3.46410181E-3 0.99999994
99307.6406 250 4.00000019E-3 2.82842736E-3 0.99999994
99807.6406 250 1.00000007E-2 4.4721365E-3 0.99999994
100307.641 250 4.00000019E-3 2.82842736E-3 0.99999994
100807.641 250 0 0 0.99999994
101307.641 250 8.00000038E-3 4.00000019E-3 0.99999994
101807.641 250 9.99999978E-3 4.47213603E-3 1
102307.641 250 9.99999978E-3 4.47213603E-3 1
102807.641 250 1.20000001E-2 4.89897979E-3 1
103307.641 250 1.20000001E-2 4.89897979E-3 1
103807.641 250 8.00000038E-3 4.00000019E-3 1
104307.641 250 8.00000038E-3 4.00000019E-3 1
104807.641 250 8.00000038E-3 4.00000019E-3 1
105307.641 250 1.40000004E-2 5.29150246E-3 1
105807.641 250 1.60000008E-2 5.65685425E-3 1
106307.641 250 4.00000019E-3 2.82842712E-3 1
106807.641 250 2.00000009E-3 2.00000009E-3 1
107307.641 250 9.20000002E-2 1.35646602E-2 1
107807.641 250 7.4000001E-2 1.2165525E-2 1
108307.641 250 2.60000005E-2 7.21110264E-3 1
108807.641 250 1.60000008E-2 5.65685425E-3 1
109307.641 250 9.99999978E-3 4.47213603E-3 1
109807.641 250 1.20000001E-2 4.89897979E-3 1
110307.641 250 2.80000009E-2 7.48331519E-3 1
110807.641 250 1.2000001E-2 4.89897979E-3 0.99999994
111307.641 250 2.60000005E-2 7.21110264E-3 1
111807.641 250 1.00000007E-2 4.4721365E-3 0.99999994
112307.641 250 1.2000001E-2 4.89897979E-3 0.99999994
112807.641 250 1.00000007E-2 4.4721365E-3 0.99999994
113307.641 250 1.00000007E-2 4.4721365E-3 0.99999994
113807.641 250 1.2000001E-2 4.89897979E-3 0.99999994
114307.641 250 1.00000007E-2 4.4721365E-3 0.99999994
114807.641 250 1.80000011E-2 6.00000052E-3 0.99999994
115307.641 250 2.00000009E-3 2.00000009E-3 0.99999994
