Time	T_+ve	T_-ve	Flux	Fluxpos	Fluxneg
134.892833387893	0.321448605121503	-0.329700403358487	4.20413671886e-09	5.09830654435655e-10	-5.09829735527907e-10
135.498944381419	0.30423060790713	-0.284662388403859	3.07824173721825e-09	4.588800406906e-10	-4.58879357588021e-10
136.085848388887	0.204809625037456	-0.282673399560537	3.71411503711971e-09	5.53671253172744e-10	-5.53670453489087e-10
136.582889408716	0.250434563611947	-0.292231394792054	3.34429048274464e-09	4.98540908752846e-10	-4.98540095031174e-10
137.20668571004	0.27424231054033	-0.37336173771169	2.79638316172979e-09	4.16863232781531e-10	-4.16862530756916e-10
137.738241959651	0.322575060391387	-0.257313939070599	4.72718515878608e-09	5.7326182966304e-10	-5.73260358372671e-10
138.340881977458	0.337282044613602	-0.280064957416414	2.93739500481422e-09	4.37884311755321e-10	-4.37883559592471e-10
138.969906046298	0.279339971738068	-0.291742024225925	3.17967943803728e-09	4.74002311590289e-10	-4.74001485963899e-10
139.482293208951	0.268668767202854	-0.23304719091513	3.61732219722063e-09	5.39242778734916e-10	-5.39241836017672e-10
140.00446261023	0.312368399261061	-0.253500634075948	3.20574139443965e-09	4.77887471924967e-10	-4.77886634422231e-10
140.596967889717	0.260720136814371	-0.280136880225626	3.35178373375146e-09	4.99658455157154e-10	-4.99657567109574e-10
141.228239563152	0.369513441978853	-0.37055153662115	2.45431632697447e-09	3.6587088248625e-10	-3.65870189473421e-10
141.855231006632	0.261973974320853	-0.257478001501141	3.49417864303588e-09	5.20885760722063e-10	-5.20884769728642e-10
142.483181252127	0.272731724241169	-0.365976271173849	2.84586657603826e-09	4.24240385601661e-10	-4.2423953652128e-10
143.059956763284	0.243900222388163	-0.304043786915827	3.31399900932684e-09	4.94026076924224e-10	-4.94025154364003e-10
143.754495669449	0.354424308693012	-0.450638683777015	3.4133473004006e-09	4.13934654591994e-10	-4.13933417723893e-10
151.458	0.375	-0.452	2.223651752e-09	3.397705472e-10	-3.397697632e-10
152.166	0.289	-0.332	3.015833576e-09	4.49578136e-10	-4.49577352e-10
152.736	0.269	-0.281	3.860396792e-09	5.40569568e-10	-5.40568e-10
153.281	0.326	-0.277	3.050141808e-09	4.66057032e-10	-4.66055856e-10
154.013	0.449	-0.405	2.202900448e-09	3.327417128e-10	-3.327408896e-10
154.805	0.246	-0.343	3.179900864e-09	4.74036584e-10	-4.74035016e-10
155.327	0.321	-0.277	3.132539816e-09	4.66976272e-10	-4.66975096e-10
155.922	0.315	-0.274	3.123777048e-09	4.77308608e-10	-4.77307432e-10
156.549	0.305	-0.313	3.033220344e-09	4.52170432e-10	-4.52169256e-10
157.177	0.230	-0.323	3.384326904e-09	5.04511056e-10	-5.04509488e-10
157.814	0.346	-0.406	2.40063544e-09	3.76066572e-10	-3.760656704e-10
158.564	0.334	-0.404	2.536207856e-09	3.78079296e-10	-3.78078316e-10
159.237	0.337	-0.339	2.769743424e-09	4.12893208e-10	-4.12892032e-10
159.912	0.271	-0.337	3.077565344e-09	4.58780728e-10	-4.58779944e-10
160.625	0.387	-0.442	2.229267152e-09	3.450288744e-10	-3.450280512e-10
161.359	0.315	-0.346	2.829178072e-09	4.21753192e-10	-4.21752016e-10
162.093	0.377	-0.419	2.354038008e-09	3.509227904e-10	-3.509218888e-10
162.922	0.449	-0.453	2.075424792e-09	3.093891752e-10	-3.093883912e-10
163.846	0.422	-0.475	2.08776652e-09	3.112289096e-10	-3.112281256e-10
164.617	0.406	-0.349	2.481684184e-09	3.699513328e-10	-3.69950392e-10
165.344	0.359	-0.322	2.69898468e-09	4.12400856e-10	-4.1239968e-10
166.190	0.405	-0.486	2.06325868e-09	3.15262864e-10	-3.1526208e-10
166.968	0.344	-0.373	2.611002632e-09	3.89229148e-10	-3.89228168e-10
167.691	0.438	-0.379	2.252091352e-09	3.441161808e-10	-3.441153184e-10
168.698	0.436	-0.569	1.862361032e-09	2.776271008e-10	-2.776263952e-10
169.531	0.270	-0.397	2.806013224e-09	4.18300064e-10	-4.18298888e-10
170.214	0.395	-0.413	2.317719208e-09	3.455086432e-10	-3.455077808e-10
171.014	0.287	-0.405	2.657351536e-09	4.0603948e-10	-4.06038304e-10
171.693	0.397	-0.393	2.32817816e-09	3.557421168e-10	-3.557412544e-10
172.457	0.422	-0.366	2.333305912e-09	3.56525568e-10	-3.565247448e-10
173.344	0.403	-0.465	2.080213464e-09	3.258714816e-10	-3.258707368e-10
174.141	0.389	-0.393	2.39134308e-09	3.564839768e-10	-3.564830752e-10
174.997	0.433	-0.467	2.042821368e-09	3.121401136e-10	-3.121393688e-10
175.935	0.384	-0.505	2.104384184e-09	3.13706232e-10	-3.137054088e-10
176.845	0.398	-0.525	2.027368336e-09	3.022252184e-10	-3.022244344e-10
177.654	0.432	-0.411	2.219834848e-09	3.309167176e-10	-3.309158944e-10
178.522	0.301	-0.436	2.452038792e-09	3.841190752e-10	-3.841181736e-10
179.216	0.352	-0.393	2.567002592e-09	3.7848776e-10	-3.7848678e-10
179.918	0.403	-0.350	2.443610008e-09	3.733799216e-10	-3.7337902e-10
180.671	0.392	-0.350	2.478818664e-09	3.787597296e-10	-3.78758828e-10
181.470	0.374	-0.407	2.354595824e-09	3.597786584e-10	-3.59777796e-10
182.398	0.503	-0.554	1.708983192e-09	2.67717184e-10	-2.677165568e-10
183.308	0.464	-0.408	2.146926376e-09	3.200480472e-10	-3.20047224e-10
184.358	0.546	-0.586	1.654099272e-09	2.465809752e-10	-2.465803872e-10
185.299	0.423	-0.395	2.286955048e-09	3.409224392e-10	-3.40921616e-10
186.141	0.290	-0.419	2.643197984e-09	3.940286e-10	-3.94027424e-10
186.838	0.441	-0.408	2.205435904e-09	3.28770204e-10	-3.287693808e-10
187.715	0.338	-0.435	2.375802632e-09	3.630189696e-10	-3.630181072e-10
188.434	0.368	-0.381	2.410814896e-09	3.776610712e-10	-3.77660248e-10
189.221	0.414	-0.419	2.208275552e-09	3.374211344e-10	-3.374203112e-10
190.011	0.448	-0.376	2.232123264e-09	3.410650096e-10	-3.410641864e-10
190.873	0.395	-0.414	2.230668552e-09	3.494406384e-10	-3.494398544e-10
191.584	0.406	-0.316	2.545526872e-09	3.88952592e-10	-3.889516904e-10
192.337	0.315	-0.347	2.77820396e-09	4.24505032e-10	-4.24504248e-10
193.135	0.489	-0.483	1.896998936e-09	2.898584808e-10	-2.898578144e-10
194.020	0.450	-0.397	2.145492048e-09	3.446587872e-10	-3.446580424e-10
195.026	0.481	-0.556	1.849394456e-09	2.756941096e-10	-2.756934432e-10
195.961	0.397	-0.454	2.255642088e-09	3.362544248e-10	-3.362536408e-10
196.643	0.477	-0.284	2.519598032e-09	3.756030712e-10	-3.756021696e-10
197.582	0.543	-0.462	1.908056864e-09	2.844390808e-10	-2.844383752e-10
198.627	0.645	-0.502	1.6129624e-09	2.52675164e-10	-2.526746152e-10
199.637	0.504	-0.365	2.209116392e-09	3.293187688e-10	-3.293179848e-10
200.580	0.344	-0.439	2.450450016e-09	3.65295e-10	-3.652940984e-10
201.473	0.557	-0.550	1.702919344e-09	2.602034064e-10	-2.602027792e-10
202.630	0.592	-0.600	1.60943048e-09	2.39922032e-10	-2.39921444e-10
203.736	0.718	-0.515	1.418867912e-09	2.398792648e-10	-2.398787944e-10
204.970	0.609	-0.516	1.675602824e-09	2.560294688e-10	-2.560288808e-10
206.190	0.683	-0.611	1.48308888e-09	2.210879216e-10	-2.210873728e-10
207.476	0.518	-0.603	1.71106432e-09	2.550727928e-10	-2.550721656e-10
208.590	0.491	-0.596	1.671275536e-09	2.68479036e-10	-2.684784872e-10
209.609	0.383	-0.528	2.068877216e-09	3.161210696e-10	-3.16120364e-10
210.579	0.464	-0.588	1.75972132e-09	2.756652976e-10	-2.756647096e-10
211.687	0.498	-0.644	1.679264104e-09	2.503322584e-10	-2.503316312e-10
212.704	0.537	-0.518	1.786017072e-09	2.729005216e-10	-2.728999336e-10
213.978	0.698	-0.738	1.171302272e-09	2.086450576e-10	-2.086447048e-10
215.279	0.538	-0.603	1.590214248e-09	2.491115704e-10	-2.491110216e-10
216.323	0.630	-0.507	1.645665e-09	2.453235568e-10	-2.453229688e-10
217.503	0.758	-0.550	1.078226576e-09	2.332016232e-10	-2.332013488e-10
219.069	0.713	-0.808	1.23006464e-09	1.833688976e-10	-1.833684664e-10
220.327	0.512	-0.545	1.770546792e-09	2.639399504e-10	-2.639393232e-10
221.580	0.556	-0.741	1.442681912e-09	2.15064332e-10	-2.150638224e-10
222.909	0.763	-0.773	1.218666848e-09	1.816698128e-10	-1.816693816e-10
224.409	0.540	-0.738	1.361623368e-09	2.243646888e-10	-2.243642576e-10
225.627	0.583	-0.679	1.457229816e-09	2.226623504e-10	-2.2266188e-10
226.830	0.630	-0.619	1.498133056e-09	2.233305144e-10	-2.233300048e-10
228.428	0.698	-0.969	1.122394392e-09	1.673181832e-10	-1.673177912e-10
229.808	0.611	-0.682	1.395688952e-09	2.186385488e-10	-2.186380784e-10
230.997	0.604	-0.578	1.583853656e-09	2.361090872e-10	-2.361085384e-10
232.229	0.745	-0.628	1.266348944e-09	2.086655984e-10	-2.086652064e-10
233.798	0.678	-0.824	1.224128192e-09	1.8704476e-10	-1.870443288e-10
235.221	0.960	-0.745	1.078460208e-09	1.647869216e-10	-1.647865688e-10
236.754	0.620	-0.574	1.492777944e-09	2.459759624e-10	-2.45975492e-10
238.218	0.712	-0.843	1.190134344e-09	1.864378264e-10	-1.864374736e-10
239.627	0.675	-0.698	1.371961192e-09	2.096334072e-10	-2.096329368e-10
241.198	0.864	-0.895	1.090113192e-09	1.625059912e-10	-1.625055992e-10
242.774	0.773	-0.712	1.268434384e-09	1.938146784e-10	-1.938142472e-10
244.144	0.685	-0.596	1.418305784e-09	2.278411016e-10	-2.278406312e-10
245.335	0.565	-0.506	1.759409288e-09	2.688348544e-10	-2.688342664e-10
247.065	0.879	-1.165	9.09266344e-10	1.389344432e-10	-1.389341296e-10
248.672	0.716	-0.728	1.272450816e-09	1.944283544e-10	-1.944279232e-10
250.068	0.744	-0.680	1.314682544e-09	1.959830656e-10	-1.959826344e-10
251.922	0.763	-1.110	9.4606064e-10	1.519781256e-10	-1.51977812e-10
253.405	0.785	-0.720	1.243211144e-09	1.853286624e-10	-1.853282312e-10
255.048	0.681	-0.857	1.173080384e-09	1.83766268e-10	-1.837659152e-10
256.609	0.679	-0.880	1.137213952e-09	1.826856024e-10	-1.826852496e-10
258.124	0.838	-0.837	1.09799592e-09	1.677720016e-10	-1.677716096e-10
259.873	1.048	-0.911	8.71171e-10	1.472834552e-10	-1.4728322e-10
261.709	0.843	-0.788	1.106538384e-09	1.733422824e-10	-1.733419296e-10
262.993	0.609	-0.441	1.782586288e-09	2.657346048e-10	-2.657340168e-10
264.817	0.945	-1.215	8.3582828e-10	1.309347816e-10	-1.309345072e-10
266.492	0.933	-0.730	1.085235536e-09	1.700051472e-10	-1.700047944e-10
268.347	0.783	-0.921	1.078525672e-09	1.647969176e-10	-1.647965648e-10
269.993	0.756	-0.863	1.013325096e-09	1.80504436e-10	-1.805041616e-10
271.664	1.072	-0.916	9.41569888e-10	1.403622248e-10	-1.403619112e-10
273.906	0.924	-1.170	8.77840488e-10	1.341326e-10	-1.341322864e-10
275.872	1.072	-1.042	7.76207824e-10	1.382665144e-10	-1.382663184e-10
277.809	0.882	-0.865	1.071012208e-09	1.596585424e-10	-1.596581504e-10
279.680	0.797	-0.989	1.010684192e-09	1.583264872e-10	-1.583261736e-10
281.748	1.247	-1.271	7.17124016e-10	1.123394776e-10	-1.123392424e-10
283.924	1.006	-0.929	9.49684288e-10	1.451102072e-10	-1.451098936e-10
286.198	1.040	-1.268	8.10919032e-10	1.208857832e-10	-1.208854696e-10
288.250	0.918	-1.013	9.35235168e-10	1.465071776e-10	-1.46506864e-10
289.904	0.800	-0.735	1.21874172e-09	1.816809456e-10	-1.816805144e-10
291.849	1.000	-1.145	8.4142408e-10	1.318114504e-10	-1.31811176e-10
293.733	0.942	-0.884	1.025127432e-09	1.528183776e-10	-1.528180248e-10
296.076	1.422	-1.402	6.27745272e-10	1.0084298e-10	-1.00842784e-10
298.697	1.322	-1.199	6.76925984e-10	1.144436552e-10	-1.144434592e-10
300.924	1.077	-0.905	9.10897064e-10	1.426945464e-10	-1.42694272e-10
303.104	1.039	-1.103	7.96664736e-10	1.346871232e-10	-1.34686888e-10
305.726	1.489	-1.583	5.98290392e-10	9.14178104e-11	-9.14176144e-11
308.352	1.125	-1.136	8.12948024e-10	1.24217156e-10	-1.242168816e-10
310.761	1.041	-1.284	7.90549536e-10	1.207946432e-10	-1.207943688e-10
312.839	1.124	-1.037	8.19931504e-10	1.317163512e-10	-1.31716116e-10
315.072	1.466	-1.108	7.14067984e-10	1.091084176e-10	-1.091081824e-10
317.355	1.043	-0.817	8.82443352e-10	1.571903928e-10	-1.571901184e-10
319.417	0.883	-1.019	9.49235056e-10	1.487003392e-10	-1.487000256e-10
321.702	0.999	-1.402	7.7909804e-10	1.16142152e-10	-1.161418776e-10
324.092	1.224	-1.391	7.02914408e-10	1.074041976e-10	-1.074039624e-10
326.869	1.594	-1.553	5.84101952e-10	8.92498544e-11	-8.92496584e-11
330.169	1.421	-1.705	5.67014672e-10	9.10870408e-11	-9.10868448e-11
333.070	1.261	-1.481	6.3446768e-10	1.045458904e-10	-1.045456944e-10
335.466	1.189	-1.135	7.62801816e-10	1.225389256e-10	-1.225386904e-10
338.033	1.449	-1.378	6.5025548e-10	9.93579664e-11	-9.93577704e-11
340.433	1.027	-0.952	9.29187392e-10	1.419783232e-10	-1.419780096e-10
343.266	1.621	-1.806	5.4608344e-10	8.1406052e-11	-8.1405856e-11
346.717	1.439	-1.830	5.42301032e-10	8.71169824e-11	-8.71167864e-11
349.459	1.721	-1.304	5.9689448e-10	9.35052104e-11	-9.35050144e-11
353.459	2.316	-2.280	4.0001836e-10	6.11221296e-11	-6.1122012e-11
357.537	1.531	-1.762	3.41429256e-10	7.37787904e-11	-7.3778712e-11
361.320	1.552	-2.252	4.39982368e-10	7.63420392e-11	-7.63419216e-11
364.815	1.577	-1.943	5.1301432e-10	8.03651352e-11	-8.03649784e-11
368.160	1.236	-1.769	6.00787824e-10	9.4115084e-11	-9.4114888e-11
371.069	1.469	-1.673	5.85079208e-10	8.9399128e-11	-8.9398932e-11
374.273	1.706	-1.735	5.24679456e-10	8.21925216e-11	-8.21923648e-11
378.057	1.966	-2.078	4.46424104e-10	6.9933584e-11	-6.99334272e-11
381.945	1.739	-1.922	5.02059096e-10	7.6713812e-11	-7.6713616e-11
385.568	1.602	-1.883	5.17979784e-10	8.11429808e-11	-8.1142824e-11
3988.239	272.300	-372.916	1.743699888e-12	4.54631408e-13	-4.54631408e-13
4504.068	162.656	-243.530	1.679755672e-12	4.40927872e-13	-4.40927872e-13
5702.685	4850.431	-1035.962	5.05209208e-13	9.90759224e-14	-9.90759224e-14
15864.628	689.292	-739.869	1.016840944e-12	1.965059544e-13	-1.965059544e-13
21572.124	921.551	-713.208	6.52012032e-13	1.4216566e-13	-1.4216566e-13
27003.411	467.787	-402.252	7.9678508e-13	2.089784536e-13	-2.089784536e-13
27972.372	461.624	-501.174	1.007842584e-12	2.238133016e-13	-2.238133016e-13
32987.698	557.028	-666.540	5.5569332e-13	1.4749392e-13	-1.4749392e-13
33994.253	500.734	-449.526	8.1691036e-13	2.028272288e-13	-2.028272288e-13
38359.363	579.496	-333.167	7.49840336e-13	1.96466088e-13	-1.96466088e-13
39842.671	708.376	-903.812	6.72030688e-13	1.420862408e-13	-1.420862408e-13
44223.388	505.982	-441.783	7.20698664e-13	1.91742292e-13	-1.91742292e-13
45427.082	866.837	-697.712	7.57138592e-13	1.530255888e-13	-1.530255888e-13
49755.053	346.332	-162.654	1.404764928e-12	3.651744208e-13	-3.651744208e-13
51047.335	984.668	-945.949	7.02050832e-13	1.329205752e-13	-1.329205752e-13
55730.624	270.261	-419.252	9.95177064e-13	2.60827392e-13	-2.60827392e-13
57005.303	753.194	-1004.418	5.6956424e-13	1.262607696e-13	-1.262607696e-13
61483.871	433.775	-493.093	7.65877448e-13	2.010035664e-13	-2.010035664e-13
62389.841	365.243	-472.195	1.412334448e-12	2.849428792e-13	-2.849428792e-13
69089.266	3794.442	-2255.476	8.4385252e-13	2.231129936e-13	-2.231129936e-13
73450.950	764.134	-567.242	1.059782976e-12	2.786164304e-13	-2.786164304e-13
79093.470	881.443	-746.901	9.94743512e-13	2.418010448e-13	-2.418010448e-13
84784.198	891.131	-695.391	1.224666016e-12	2.791379472e-13	-2.791379472e-13
90841.826	593.503	-992.828	1.023076488e-12	2.393413624e-13	-2.393413624e-13
96231.924	482.003	-623.118	1.271430832e-12	2.958981032e-13	-2.958981032e-13
103757.662	4777.317	-2487.625	8.5400728e-13	1.905352848e-13	-1.905352848e-13
113720.341	754.815	-810.304	8.40743568e-13	2.02707316e-13	-2.02707316e-13
123821.562	2053.537	-5387.122	5.54884624e-13	1.263784872e-13	-1.263784872e-13
130862.452	712.461	-924.231	7.4125828e-13	1.53657728e-13	-1.53657728e-13
136163.786	444.181	-538.994	8.84863952e-13	2.308963888e-13	-2.308963888e-13
138782.961	3710.200	-2174.994	7.51021432e-13	1.5588076e-13	-1.5588076e-13
198352.919	7860.255	-10409.751	2.329035856e-13	5.047784e-14	-5.047784e-14
215279.579	7732.863	-5005.608	3.693419296e-13	7.41633032e-14	-7.41633032e-14
244392.676	7361.130	-11047.530	2.809373056e-13	5.87462568e-14	-5.87462568e-14
263667.942	5065.598	-7563.160	2.351259904e-13	6.03315832e-14	-6.03315832e-14
304747.597	4487.574	-2695.298	5.1354548e-13	1.150746968e-13	-1.150746968e-13
332460.819	5693.783	-12875.851	2.79076756e-13	7.15336104e-14	-7.15336104e-14
350399.961	21964.219	-7504.188	2.946820016e-13	5.5717508e-14	-5.5717508e-14
652371.424	40503.959	-95978.425	7.51013592e-14	2.07177684e-14	-2.07177684e-14
837145.437	97408.298	-114864.730	7.3058412e-14	1.730483608e-14	-1.730483608e-14
1000925.937	32267.082	-32165.515	7.91780416e-14	1.90797768e-14	-1.90797768e-14
1102664.750	43628.395	-48468.173	8.36583664e-14	2.230805752e-14	-2.230805752e-14
1222149.430	22064.826	-35532.063	1.105230672e-13	2.74230068e-14	-2.74230068e-14
1377706.268	45188.750	-86905.104	5.73090672e-14	1.608883248e-14	-1.608883248e-14
1518207.374	151166.207	-91022.572	3.443348384e-14	9.9541344e-15	-9.9541344e-15
1862500.697	162492.653	-152590.889	2.843859256e-14	7.69658288e-15	-7.69658288e-15
2258330.618	133683.980	-160126.446	3.801312984e-14	8.77526888e-15	-8.77526888e-15
2816014.559	1166059.400	-389945.735	2.744194432e-14	5.333846e-15	-5.333846e-15