# time (s), error time (250 s bins), rate, error rate
# converion to flux 1E-12 erg/s/cm2
1495.90295 125 1.1056633 7.2586149E-2 0.998641968
1745.90295 125 1.43059027 8.31035525E-2 0.998641968
1995.90295 125 1.85947645 9.36240554E-2 1.00448203
2245.90283 125 2.21452761 0.102881208 0.998641968
2495.90283 125 2.25744724 0.103360817 0.998641968
2745.90283 125 2.24593616 0.102237433 0.998641968
2995.90283 125 1.95122445 9.55877602E-2 1.00448203
3245.90283 125 1.67487776 8.96905437E-2 0.998641968
3495.90283 125 1.29726911 7.92935565E-2 0.998641968
3745.90283 125 1.231915 8.15739557E-2 0.899361491
3995.90283 125 0.808793545 6.23734817E-2 1.00448203
4245.90283 125 0.68673861 5.75828999E-2 0.998641968
4495.90283 125 0.567932963 5.2083578E-2 0.998641968
4745.90283 125 0.554332733 5.37563674E-2 0.986961901
4995.90283 125 0.378515542 4.32235748E-2 0.998641968
5245.90283 125 0.364017785 4.24194299E-2 1.00448203
5495.90283 125 0.358630091 4.33169343E-2 0.998641968
5745.90283 125 0.352164596 4.18983772E-2 0.998641968
5995.90283 125 0.297163785 3.97800356E-2 0.998641968
6245.90283 125 0.271692067 3.71946022E-2 1.00448203
6495.90283 125 0.291465849 3.90358567E-2 0.998641968
6745.90283 125 0.185031727 3.20086367E-2 0.998641968
6995.90283 125 0.314177245 4.00774628E-2 0.998641968
7245.90283 125 0.241763368 3.6697194E-2 1.00448203
7495.90283 125 0.315802664 4.1042462E-2 0.998641968
7745.90283 125 0.316448838 3.9519351E-2 0.998641968
7995.90283 125 0.322589666 4.06540632E-2 0.998641968
8245.90332 125 0.297568917 3.92075181E-2 1.00448203
8495.90332 125 0.279973328 3.95236947E-2 0.998641968
8745.90332 125 0.337993473 4.11375649E-2 0.998641968
8995.90332 125 0.264560938 3.9146971E-2 0.998641968
9245.90332 125 0.368008584 4.26103733E-2 0.998641968
9495.90332 125 0.355861425 4.20263074E-2 1.00448203
9745.90332 125 0.3146092 4.09237258E-2 0.998641968
9995.90332 125 0.303943574 4.01530974E-2 0.998641968
10245.9033 125 0.345409304 4.05079648E-2 0.998641968
10495.9033 125 0.311442077 4.18225452E-2 1.00448203
10745.9033 125 0.382158548 4.3269638E-2 0.998641968
10995.9033 125 0.313687414 4.43322919E-2 0.998641968
11245.9033 125 0.39600718 4.57199886E-2 0.998641968
11495.9033 125 0.321456432 3.98747213E-2 1.00448203
11745.9033 125 0.264136732 3.9619755E-2 0.998641968
11995.9033 125 0.36414215 4.26959619E-2 0.998641968
12245.9033 125 0.314407468 4.36306186E-2 0.998641968
12495.9033 125 0.351671755 4.46022637E-2 0.998641968
12745.9033 125 0.33013466 4.14668694E-2 1.00448203
12995.9033 125 0.312945038 4.22294661E-2 0.998641968
13245.9033 125 0.297851324 4.44188081E-2 0.998641968
13495.9033 125 0.402017653 5.86680546E-2 0.998641968
13745.9033 125 0.429916501 5.44633307E-2 1.00448203
13995.9033 125 0.467922449 7.51714706E-2 0.998641968
14245.9033 125 0.496845186 7.8616865E-2 0.998641968
14495.9033 125 0.357672215 7.04016089E-2 0.998641968
14745.9033 125 0.448112965 8.43607113E-2 1.00448203
14995.9033 125 0.309965521 9.23368111E-2 0.998641968
15245.9033 125 0.393526077 9.9605009E-2 0.776720941
15495.9033 125 0.398037314 8.76119137E-2 0.998641968
15745.9033 125 0.267761737 9.94179398E-2 0.776720941
15995.9033 125 0.43482101 7.35920146E-2 0.998641968
16245.9033 125 0.345263541 6.6327773E-2 0.998641968
16495.9023 125 0.298688084 6.53941631E-2 0.998641968
16745.9023 125 0.246187821 6.07736409E-2 0.998641968
16995.9023 125 0.396596551 5.88806719E-2 1.00448203
17245.9023 125 0.322083801 7.35604689E-2 0.998641968
17495.9023 125 0.320972651 7.67629743E-2 0.998641968
17745.9023 125 0.576203406 9.05379578E-2 0.998641968
17995.9023 125 0.310340255 7.93551207E-2 1.00448203
18245.9023 125 0.394296169 7.97481909E-2 0.998641968
18495.9023 125 0.425565541 8.93082321E-2 0.998641968
18745.9023 125 0.205625892 0.102541231 0.770880938
18995.9023 125 0.435140997 8.89299214E-2 1.00448203
19245.9023 125 0.443650126 7.62860775E-2 0.998641968
19495.9023 125 0.281624973 7.70498663E-2 0.998641968
19745.9023 125 0.319744378 8.13362598E-2 0.998641968
19995.9023 125 0.440187961 8.8989906E-2 0.998641968
20245.9023 125 0.217940614 8.32634568E-2 1.00448203
20495.9023 125 0.285211474 0.153017521 0.782560945
20745.9023 125 0.267234802 7.90510923E-2 0.998641968
20995.9023 125 0.368429631 7.38849714E-2 0.998641968
21245.9023 125 0.353070825 6.40961006E-2 1.00448203
21495.9023 125 0.387001187 6.92206398E-2 0.998641968
21745.9023 125 0.249815285 3.78214195E-2 0.998641968
21995.9023 125 0.359783977 4.7280632E-2 0.998641968
22245.9023 125 0.401779413 5.99044859E-2 1.00448203
22495.9023 125 0.392487943 5.50317466E-2 0.998641968
22745.9023 125 0.300772041 4.9017787E-2 0.998641968
22995.9023 125 0.292146593 4.323541E-2 0.998641968
23245.9023 125 0.322413921 5.19022048E-2 0.998641968
23495.9023 125 0.272262186 5.44789657E-2 1.00448203
23745.9023 125 0.285037667 5.49666882E-2 0.998641968
23995.9023 125 0.227459028 6.2943846E-2 0.998641968
24245.9023 125 0.287423283 6.60341233E-2 0.998641968
24495.9023 125 0.314653009 5.25893457E-2 1.00448203
24745.9023 125 0.229088441 5.32854609E-2 0.998641968
24995.9023 125 0.232790455 4.63590547E-2 0.998641968
25245.9023 125 0.343982428 5.18680327E-2 0.998641968
25495.9023 125 0.24471809 5.4716032E-2 1.00448203
25745.9023 125 0.289337754 5.66595308E-2 0.998641968
25995.9023 125 0.281618893 6.03112206E-2 0.998641968
26245.9023 125 0.171219304 5.75890392E-2 0.998641968
26495.9023 125 0.301098526 5.00887968E-2 1.00448203
26745.9023 125 0.210974872 4.99683954E-2 0.998641968
26995.9023 125 0.250812024 6.81193918E-2 0.998641968
27245.9023 125 0.289609909 7.53375068E-2 0.998641968
27495.9023 125 0.373713106 6.02522418E-2 0.998641968
27745.9023 125 0.249952123 4.50910702E-2 1.00448203
27995.9023 125 0.29369244 6.08198196E-2 0.998641968
28245.9023 125 0.15887022 7.25246817E-2 0.998641968
28495.9023 125 0.227592856 6.79494813E-2 0.998641968
28745.9023 125 0.33014816 6.47695437E-2 1.00448203
28995.9023 125 0.355985224 6.77361041E-2 0.998641968
29245.9023 125 0.219541699 5.40844016E-2 0.998641968
29495.9023 125 0.197107032 7.66548887E-2 0.992802024
29745.9023 125 0.266717613 6.8047978E-2 1.00448203
29995.9023 125 0.243284747 5.07179834E-2 0.992802024
30245.9023 125 0.219465524 5.25987521E-2 0.998641968
30495.9023 125 0.175680771 4.8434291E-2 0.998641968
30745.9023 125 0.215696111 3.60357091E-2 0.998641968
30995.9023 125 0.20434244 3.2620918E-2 1.00448203
31245.9023 125 0.170355365 3.09918728E-2 0.998641968
31495.9023 125 0.185460374 3.69764045E-2 0.998641968
31745.9023 125 0.195412368 3.46900597E-2 0.998641968
31995.9023 125 0.217516497 3.4585882E-2 1.00448203
32245.9023 125 0.311506003 4.25993949E-2 0.998641968
32495.9023 125 0.223491415 4.36238684E-2 0.998641968
32745.9023 125 0.303079575 4.9000755E-2 0.998641968
32995.9023 125 0.340598226 5.77751324E-2 1.00448203
33245.9023 125 0.328144729 4.50982898E-2 0.998641968
33495.9023 125 0.305065066 3.93111482E-2 0.998641968
33745.9023 125 0.423813343 4.49009277E-2 0.998641968
33995.9023 125 0.386625141 4.5652397E-2 1.00448203
34245.9023 125 0.532676339 5.09374589E-2 0.998641968
34495.9023 125 0.944464028 7.06691593E-2 0.998641968
34745.9023 125 1.00017929 7.83967301E-2 0.998641968
34995.9023 125 1.26569128 8.80125389E-2 0.998641968
35245.9023 125 1.7013272 9.27422494E-2 1.00448203
35495.9023 125 1.78594577 9.57519636E-2 0.998641968
35745.9023 125 1.74625146 9.77704525E-2 0.998641968
35995.9023 125 1.7108866 0.105146907 0.998641968
36245.9023 125 1.2958076 9.70001519E-2 1.00448203
36495.9023 125 1.15749598 8.42362419E-2 0.998641968
36745.9023 125 0.965889156 7.00769275E-2 0.998641968
36995.9023 125 0.767094731 6.32499009E-2 0.998641968
37245.9023 125 0.633868694 5.85474484E-2 1.00448203
37495.9023 125 0.510088265 6.18914552E-2 0.998641968
37745.9023 125 0.486254662 4.95554395E-2 0.998641968
37995.9023 125 0.42147091 5.72390221E-2 0.998641968
38245.9023 125 0.393470079 5.54403216E-2 0.998641968
38495.9023 125 0.360506207 5.62544391E-2 1.00448203
38745.9023 125 0.292857885 4.84247133E-2 0.998641968
38995.9023 125 0.325184584 5.6462165E-2 0.998641968
39245.9023 125 0.349461675 6.01304211E-2 0.998641968
39495.9023 125 0.258632332 6.023857E-2 1.00448203
39745.9023 125 0.273289591 6.31782338E-2 0.916881621
39995.9023 125 0.326479644 7.69228116E-2 0.928561628
40245.9023 125 0.283955574 7.22456351E-2 0.998641968
40495.9023 125 0.454476207 7.84918666E-2 1.00448203
40745.9023 125 0.398213267 7.75379837E-2 0.998641968
40995.9023 125 0.1956117 7.54511207E-2 0.998641968
41245.9023 125 0.202021375 8.13652202E-2 0.998641968
41495.9023 125 0.289839059 7.64016509E-2 0.998641968
41745.9023 125 0.34383288 6.52538016E-2 1.00448203
41995.9023 125 0.411308289 6.72090873E-2 0.998641968
42245.9023 125 0.350571185 4.6325326E-2 0.998641968
42495.9023 125 0.335815996 4.0510457E-2 0.998641968
42745.9023 125 0.324079663 4.10617366E-2 1.00448203
42995.9023 125 0.32299152 4.04309258E-2 0.998641968
43245.9023 125 0.349182934 4.2655196E-2 0.998641968
43495.9023 125 0.344222695 4.03503403E-2 0.998641968
43745.9023 125 0.275408983 3.72293107E-2 1.00448203
43995.9023 125 0.379652947 4.26668562E-2 0.998641968
44245.9023 125 0.317713201 3.98115478E-2 0.998641968
44495.9023 125 0.306571394 3.85673642E-2 0.998641968
44745.9023 125 0.333189368 4.03657593E-2 1.00448203
44995.9023 125 0.255919367 3.68678384E-2 0.998641968
45245.9023 125 0.329699636 4.06761505E-2 0.998641968
45495.9023 125 0.307001472 4.14432585E-2 0.998641968
45745.9023 125 0.31932801 4.00121957E-2 0.998641968
45995.9023 125 0.344976574 4.19229567E-2 1.00448203
46245.9023 125 0.46597454 4.77886759E-2 0.998641968
46495.9023 125 0.360493809 4.21615988E-2 0.998641968
46745.9023 125 0.389619589 4.48974073E-2 0.998641968
46995.9023 125 0.290328473 3.96409892E-2 1.00448203
47245.9023 125 0.283070117 3.93732823E-2 0.998641968
47495.9023 125 0.401257366 5.13002984E-2 0.998641968
47745.9023 125 0.321191132 4.07478735E-2 0.998641968
47995.9023 125 0.366780013 4.276127E-2 1.00448203
48245.9023 125 0.342002869 4.12274711E-2 0.998641968
48495.9023 125 0.430011779 4.67428192E-2 0.998641968
48745.9023 125 0.31996733 4.00550216E-2 0.998641968
48995.9023 125 0.25068295 3.73907797E-2 0.998641968
49245.9023 125 0.240050957 3.61367352E-2 1.00448203
49495.9023 125 0.344261438 4.25234511E-2 0.998641968
49745.9023 125 0.264718801 3.59913036E-2 0.998641968
49995.9023 125 0.237740129 3.52782644E-2 0.998641968
50245.9023 125 0.281447917 3.92338112E-2 1.00448203
50495.9023 125 0.288592458 3.83694135E-2 0.998641968
50745.9023 125 0.164996609 3.14321332E-2 0.998641968
50995.9023 125 0.283307642 3.83120105E-2 0.998641968
51245.9023 125 0.181698263 3.22906785E-2 1.00448203
51495.9023 125 0.300697535 3.97829078E-2 0.998641968
51745.9023 125 0.271514773 3.67512852E-2 0.998641968
51995.9023 125 0.227777898 3.54461595E-2 0.998641968
52245.9023 125 0.260153115 3.67182158E-2 1.00448203
52495.9023 125 0.215777874 3.47071327E-2 0.998641968
52745.9023 125 0.220450848 3.52798179E-2 0.998641968
52995.9023 125 0.256263763 3.66775803E-2 0.998641968
53245.9023 125 0.216855898 3.40235904E-2 0.998641968
53495.9023 125 0.26407975 3.71842906E-2 1.00448203
53745.9023 125 0.209558934 3.3097025E-2 0.998641968
53995.9023 125 0.259471357 3.60294878E-2 0.998641968
54245.9023 125 0.298974842 3.91036607E-2 0.998641968
54495.9023 125 0.240630224 3.52426507E-2 1.00448203
54745.9023 125 0.251719266 3.61307748E-2 0.998641968
54995.9023 125 0.293651462 3.8801346E-2 0.998641968
55245.9023 125 0.205446318 3.30523066E-2 0.998641968
55495.9023 125 0.143897668 2.69681923E-2 1.00448203
55745.9023 125 0.165524736 2.92741004E-2 0.998641968
55995.9023 125 0.235732526 3.62290554E-2 0.998641968
56245.9023 125 0.236724421 3.58308144E-2 0.998641968
56495.9023 125 0.143285453 3.1412065E-2 0.998641968
56745.9023 125 0.238681257 3.40671949E-2 1.00448203
56995.9023 125 0.174093947 2.99062673E-2 0.998641968
57245.9023 125 0.166250914 2.87604723E-2 0.998641968
57495.9023 125 0.190486774 3.09330113E-2 0.998641968
57745.9023 125 0.237162337 3.35891619E-2 1.00448203
57995.9023 125 0.211571455 3.34671699E-2 0.998641968
58245.9023 125 0.227487952 3.48354504E-2 0.998641968
58495.9023 125 0.201456651 3.35762091E-2 0.998641968
58745.9023 125 0.262484699 7.19472691E-2 1.00448203
58995.9023 125 0.291530877 8.99179354E-2 0.998641968
59245.9023 125 0.438082695 0.108754158 0.776720941
59495.9023 125 0.380564004 5.31412959E-2 0.998641968
59745.9023 125 0.167796209 5.33731468E-2 0.998641968
59995.9023 125 0.279719919 3.91862877E-2 1.00448203
60245.9023 125 0.22172679 3.43464874E-2 0.998641968
60495.9023 125 0.160667241 2.8857993E-2 0.998641968
60745.9023 125 0.166007221 3.13258134E-2 0.998641968
60995.9023 125 0.216467112 3.47919278E-2 1.00448203
61245.9023 125 0.171226338 3.06526497E-2 0.998641968
61495.9023 125 0.16821596 3.01225968E-2 0.998641968
61745.9023 125 0.223417535 3.55555601E-2 0.998641968
61995.9023 125 0.211608231 3.19748111E-2 1.00448203
62245.9023 125 0.239143729 3.60093936E-2 0.998641968
62495.9023 125 0.213361651 3.28178294E-2 0.998641968
62745.9023 125 0.196300477 3.07288803E-2 0.998641968
62995.9023 125 0.179733858 4.2765215E-2 1.00448203
63245.9023 125 0.197935566 6.1413046E-2 0.998641968
63495.9023 125 0.172284305 3.30101214E-2 0.998641968
63745.9023 125 0.205215305 3.27011459E-2 0.998641968
63995.9023 125 0.291833907 3.8458325E-2 0.998641968
64245.9023 125 0.24930039 3.6575146E-2 1.00448203
64495.9023 125 0.251918584 3.60240228E-2 0.998641968
64745.9023 125 0.328494072 4.14266288E-2 0.998641968
64995.9023 125 0.45586437 4.82861102E-2 0.998641968
65245.9023 125 0.483142853 4.98833209E-2 1.00448203
65495.9023 125 0.590182722 5.46162091E-2 0.998641968
65745.9062 125 0.934287429 7.87318721E-2 0.998641968
65995.9062 125 1.07420754 8.19159448E-2 0.998641968
66245.9062 125 1.55153644 8.4979564E-2 1.00448203
66495.9062 125 2.00751948 9.79733169E-2 0.998641968
66745.9062 125 1.99201894 9.74103883E-2 0.998641968
66995.9062 125 1.96506357 9.75243971E-2 0.998641968
67245.9062 125 1.82558942 9.33074132E-2 0.998641968
67495.9062 125 1.62757051 8.73541683E-2 1.00448203
67745.9062 125 1.44276214 8.31833184E-2 0.998641968
67995.9062 125 1.16875422 7.60328621E-2 0.998641968
68245.9062 125 0.80504483 6.28051907E-2 0.998641968
68495.9062 125 0.618987381 5.55245019E-2 1.00448203
68745.9062 125 0.548723817 5.26714735E-2 0.998641968
68995.9062 125 0.512979448 5.13381474E-2 0.998641968
69245.9062 125 0.367559284 4.31333445E-2 0.998641968
69495.9062 125 0.291791767 3.76433656E-2 1.00448203
69745.9062 125 0.419341624 5.07969968E-2 0.998641968
69995.9062 125 0.322174728 5.17158136E-2 0.998641968
70245.9062 125 0.309458375 6.71240836E-2 0.998641968
70495.9062 125 0.269984066 4.07419279E-2 1.00448203
70745.9062 125 0.370859802 7.12504685E-2 0.998641968
70995.9062 125 0.476694763 8.9061968E-2 0.998641968
71245.9062 125 0.263773292 5.2951213E-2 0.998641968
71495.9062 125 0.365994424 6.78666458E-2 0.998641968
71745.9062 125 0.311959326 7.71731362E-2 1.00448203
71995.9062 125 0.339402765 8.21131691E-2 0.998641968
72245.9062 125 0.14248316 0.107748441 0.770880938
72495.9062 125 0.30392009 9.84976143E-2 0.922721624
72745.9062 125 0.487731934 0.160082251 0.636560321
72995.9062 125 0.313882083 6.06184937E-2 0.998641968
73245.9062 125 0.272206128 3.77408452E-2 0.998641968
73495.9062 125 0.308411658 3.84801663E-2 0.998641968
73745.9062 125 0.261402398 3.69369201E-2 1.00448203
73995.9062 125 0.317797601 3.98668461E-2 0.998641968
74245.9062 125 0.272005737 3.88167091E-2 0.998641968
74495.9062 125 0.249088883 4.85717058E-2 0.998641968
74745.9062 125 0.310710818 7.17149153E-2 0.998641968
74995.9062 125 0.32848224 5.45435995E-2 1.00448203
75245.9062 125 0.362093568 6.2291462E-2 0.998641968
75495.9062 125 0.28853035 7.43708014E-2 0.998641968
75745.9062 125 0.441896945 7.90434256E-2 0.998641968
75995.9062 125 0.270182133 7.2119005E-2 1.00448203
76245.9062 125 0.320398957 7.23083988E-2 0.998641968
76495.9062 125 0.289534599 6.26211166E-2 0.998641968
76745.9062 125 0.333523959 6.87801689E-2 0.998641968
76995.9062 125 0.326157868 4.96783033E-2 1.00448203
77245.9062 125 0.315937728 3.98569815E-2 0.998641968
77495.9062 125 0.318113655 4.00423333E-2 0.998641968
77745.9062 125 0.332120419 4.06440906E-2 0.998641968
77995.9062 125 0.378079057 4.39117998E-2 0.998641968
78245.9062 125 0.269270688 3.68826352E-2 1.00448203
78495.9062 125 0.294067383 3.88281643E-2 0.998641968
78745.9062 125 0.303605676 4.0223632E-2 0.998641968
78995.9062 125 0.361368686 4.28234711E-2 0.998641968
79245.9062 125 0.302889347 3.94341797E-2 1.00448203
79495.9062 125 0.355133921 4.16662358E-2 0.998641968
79745.9062 125 0.269337296 3.69718596E-2 0.998641968
79995.9062 125 0.19671613 3.31877619E-2 0.998641968
80245.9062 125 0.208554327 3.28150913E-2 1.00448203
80495.9062 125 0.247100994 3.48800868E-2 0.998641968
80745.9062 125 0.276420444 3.7036363E-2 0.998641968
80995.9062 125 0.245064497 3.76868397E-2 0.998641968
81245.9062 125 0.211067095 3.43353227E-2 1.00448203
81495.9062 125 0.274536431 3.8675569E-2 0.998641968
81745.9062 125 0.325449169 4.39592265E-2 0.998641968
81995.9062 125 0.355471104 4.44853194E-2 0.998641968
82245.9062 125 0.331620604 5.68082184E-2 0.998641968
82495.9062 125 0.311742067 6.49108589E-2 1.00448203
82745.9062 125 0.336877167 7.46552721E-2 0.998641968
82995.9062 125 0.221507058 7.11165816E-2 0.998641968
83245.9062 125 0.371144503 7.68341273E-2 0.998641968
83495.9062 125 0.440733403 7.92299956E-2 1.00448203
83745.9062 125 0.388800412 8.33307132E-2 0.998641968
83995.9062 125 0.561221242 8.53408873E-2 0.998641968
84245.9062 125 0.205294728 7.69876838E-2 0.998641968
84495.9062 125 0.356618792 7.4775286E-2 1.00448203
84745.9062 125 0.344340771 4.36903164E-2 0.998641968
84995.9062 125 0.343023509 4.20925058E-2 0.998641968
85245.9062 125 0.350080699 4.28156741E-2 0.998641968
85495.9062 125 0.295626432 3.93098928E-2 0.998641968
85745.9062 125 0.29260245 3.85071672E-2 1.00448203
85995.9062 125 0.302177995 4.02825773E-2 0.998641968
86245.9062 125 0.323830605 3.94919887E-2 0.998641968
86495.9062 125 0.254451096 3.60360332E-2 0.998641968
86745.9062 125 0.303741783 4.00513336E-2 1.00448203
86995.9062 125 0.297879726 3.86850275E-2 0.998641968
87245.9062 125 0.221993312 3.35342437E-2 0.998641968
87495.9062 125 0.253055513 3.60938087E-2 0.998641968
87745.9062 125 0.243681967 3.57355252E-2 1.00448203
87995.9062 125 0.292249858 4.37538512E-2 0.998641968
88245.9062 125 0.300374538 3.85278761E-2 0.998641968
88495.9062 125 0.332997441 4.13120836E-2 0.998641968
88745.9062 125 0.241131961 3.68481353E-2 1.00448203
88995.9062 125 0.29208985 3.91991399E-2 0.998641968
89245.9062 125 0.219906926 3.46567556E-2 0.998641968
89495.9062 125 0.25831151 5.56286164E-2 0.998641968
89745.9062 125 0.31584391 7.80886114E-2 0.998641968
89995.9062 125 0.259639829 6.779401E-2 1.00448203
90245.9062 125 0.294594437 3.87939662E-2 0.998641968
90495.9062 125 0.208872929 3.28551531E-2 0.998641968
90745.9062 125 0.216843277 3.46863866E-2 0.998641968
90995.9062 125 0.303254068 3.9949324E-2 1.00448203
91245.9062 125 0.299275964 3.95255797E-2 0.998641968
91495.9062 125 0.278348029 3.80959399E-2 0.998641968
91745.9062 125 0.242278144 3.6813274E-2 0.998641968
91995.9062 125 0.21321024 3.31173316E-2 1.00448203
92245.9062 125 0.229892805 3.5025388E-2 0.998641968
92495.9062 125 0.271032751 3.73179391E-2 0.998641968
92745.9062 125 0.27525717 3.83709855E-2 0.998641968
92995.9062 125 0.31300199 3.99670713E-2 0.998641968
93245.9062 125 0.241999596 3.50782238E-2 1.00448203
93495.9062 125 0.326087803 4.06590924E-2 0.998641968
93745.9062 125 0.214395538 4.25720997E-2 0.998641968
93995.9062 125 0.299151897 4.01355252E-2 0.998641968
94245.9062 125 0.299186677 4.01377641E-2 1.00448203
94495.9062 125 0.307390064 3.95437405E-2 0.998641968
94745.9062 125 0.271792293 3.75534743E-2 0.998641968
94995.9062 125 0.272210419 3.81098017E-2 0.998641968
95245.9062 125 0.292612672 3.87001894E-2 1.00448203
95495.9062 125 0.293894559 3.95547114E-2 0.998641968
95745.9062 125 0.313292742 4.00848091E-2 0.998641968
95995.9062 125 0.230018079 3.56989205E-2 0.998641968
96245.9062 125 0.263283879 3.64269763E-2 0.998641968
96495.9062 125 0.266134441 3.92757729E-2 1.00448203
96745.9062 125 0.269343346 3.65500823E-2 0.998641968
96995.9062 125 0.369491279 4.2586036E-2 0.998641968
97245.9062 125 0.39904961 4.45121974E-2 0.998641968
97495.9062 125 0.385849655 4.32071835E-2 1.00448203
97745.9062 125 0.465997159 4.706778E-2 0.998641968
97995.9062 125 0.564578116 5.21097817E-2 0.998641968
98245.9062 125 0.708151996 5.9892565E-2 0.998641968
98495.9062 125 0.917814374 6.64954484E-2 1.00448203
98745.9062 125 1.13598371 7.39462301E-2 0.998641968
98995.9062 125 1.50253534 8.46673623E-2 0.998641968
99245.9062 125 1.8885237 9.52953696E-2 0.998641968
99495.9062 125 1.72650862 8.98481458E-2 1.00448203
99745.9062 125 1.72271848 9.10719037E-2 0.998641968
99995.9062 125 1.71433389 8.96893963E-2 0.998641968
100245.906 125 1.42544878 8.23758915E-2 0.998641968
100495.906 125 1.01325178 6.95104748E-2 0.998641968
100745.906 125 0.827712536 6.41588047E-2 1.00448203
100995.906 125 0.759758949 6.03854544E-2 0.998641968
101245.906 125 0.557734191 5.26312813E-2 0.998641968
101495.906 125 0.451350003 4.77719679E-2 0.998641968
101745.906 125 0.454367489 4.78745289E-2 1.00448203
101995.906 125 0.368534356 4.34953272E-2 0.998641968
102245.906 125 0.391786963 4.429131E-2 0.998641968
102495.906 125 0.309294701 4.01475392E-2 0.998641968
102745.906 125 0.293068439 3.88745777E-2 1.00448203
102995.906 125 0.323088646 3.92622128E-2 0.998641968
103245.906 125 0.263350427 3.79810892E-2 0.998641968
103495.906 125 0.354457945 4.16073091E-2 0.998641968
103745.906 125 0.29012531 3.94225158E-2 0.998641968
103995.906 125 0.217389032 3.36565338E-2 1.00448203
104245.906 125 0.272561044 3.77850235E-2 0.998641968
104495.906 125 0.227606758 3.51168215E-2 0.998641968
104745.906 125 0.327189684 4.11779992E-2 0.998641968
104995.906 125 0.339407176 4.05621007E-2 1.00448203
105245.906 125 0.257168055 3.65519971E-2 0.998641968
105495.906 125 0.238311708 3.5830263E-2 0.998641968
105745.906 125 0.387378573 4.35684323E-2 0.998641968
105995.906 125 0.393158615 4.74425666E-2 0.870161355
106245.906 125 0.301246256 3.94163504E-2 0.998641968
106495.906 125 0.254927576 3.59346047E-2 0.998641968
106745.906 125 0.289841592 3.85877565E-2 0.998641968
106995.906 125 0.330662131 4.07640897E-2 1.00448203
107245.906 125 0.244424522 3.73702087E-2 0.998641968
107495.906 125 0.270256132 3.75255011E-2 0.998641968
107745.906 125 0.398259997 4.39264104E-2 0.998641968
107995.906 125 0.308414161 3.94003876E-2 0.998641968
108245.906 125 0.400556535 4.5013912E-2 1.00448203
108495.906 125 0.379554391 4.32175137E-2 0.998641968
108745.906 125 0.356339157 4.40582E-2 0.998641968
108995.906 125 0.368478447 4.24475186E-2 0.998641968
109245.906 125 0.352121472 4.41410989E-2 1.00448203
109495.906 125 0.319054514 3.9847564E-2 0.998641968
109745.906 125 0.406588256 4.50057611E-2 0.998641968
109995.906 125 0.342640042 4.18698415E-2 0.998641968
110245.906 125 0.391457677 4.38955463E-2 1.00448203
110495.906 125 0.443026155 4.66620922E-2 0.998641968
110745.906 125 0.419324815 4.6958521E-2 0.986961901
110995.906 125 0.333574563 4.42195684E-2 0.864321351
111245.906 125 0.341549993 4.28489931E-2 0.998641968
111495.906 125 0.377810091 4.30363566E-2 1.00448203
111745.906 125 0.367028415 4.2186629E-2 0.998641968
111995.906 125 0.331828475 4.00334448E-2 0.998641968
112245.906 125 0.357282013 4.27960083E-2 0.998641968
112495.906 125 0.383360386 4.31247205E-2 1.00448203
112745.906 125 0.388041466 4.52666022E-2 0.998641968
112995.906 125 0.237757459 4.69048545E-2 0.998641968
113245.906 125 0.361697704 4.24512886E-2 0.998641968
113495.906 125 0.31367144 3.89784575E-2 1.00448203
113745.906 125 0.308503181 4.03359979E-2 0.998641968
113995.906 125 0.314850599 4.00904194E-2 0.998641968
114245.906 125 0.367580771 4.26085219E-2 0.998641968
114495.906 125 0.284636319 3.81008238E-2 0.998641968
114745.906 125 0.3454023 4.1015815E-2 1.00448203
114995.906 125 0.325426728 4.0565636E-2 0.998641968
115245.906 125 0.341855526 4.05112319E-2 0.998641968
115495.906 125 0.316816628 5.76451384E-2 0.998641968
115745.906 125 0.41529575 7.07025006E-2 1.00448203
115995.906 125 0.353455365 4.51713577E-2 0.998641968
116245.906 125 0.377762258 4.74419892E-2 0.998641968
116495.906 125 0.353981286 4.69700918E-2 0.998641968
116745.906 125 0.365728676 5.04824631E-2 1.00448203
116995.906 125 0.295664281 3.96349952E-2 0.998641968
117245.906 125 0.322741985 4.32119742E-2 0.998641968
117495.906 125 0.335289598 4.41405177E-2 0.998641968
117745.906 125 0.295778126 4.2828083E-2 1.00448203
117995.906 125 0.320206821 4.03018184E-2 0.998641968
118245.906 125 0.316054553 4.04999666E-2 0.998641968
118495.906 125 0.334365427 4.10629176E-2 0.998641968
118745.906 125 0.311419308 3.96768935E-2 0.998641968
118995.906 125 0.269133478 3.8761422E-2 1.00448203
119245.906 125 0.354294568 4.17640172E-2 0.998641968
119495.906 125 0.280316442 3.91273573E-2 0.998641968
119745.906 125 0.343253255 4.27064858E-2 0.998641968
119995.906 125 0.297172546 3.86357866E-2 1.00448203
120245.906 125 0.321857423 4.04539406E-2 0.998641968
120495.906 125 0.30563733 4.01370451E-2 0.998641968
120745.906 125 0.349273086 4.24037986E-2 0.998641968
120995.906 125 0.281083792 3.87744009E-2 1.00448203
121245.906 125 0.259998858 3.8777642E-2 0.998641968
121495.906 125 0.263361365 3.73245552E-2 0.998641968
121745.906 125 0.341293722 4.15008366E-2 0.998641968
121995.906 125 0.338735789 4.20149751E-2 0.998641968
122245.906 125 0.357675165 4.20579053E-2 1.00448203
122495.906 125 0.313482016 4.01145667E-2 0.998641968
122745.906 125 0.350683987 4.21466157E-2 0.998641968
122995.906 125 0.275667757 3.80685851E-2 0.998641968
123245.906 125 0.369765699 4.40067984E-2 1.00448203
123495.906 125 0.34205246 4.09902819E-2 0.998641968
123745.906 125 0.265060484 3.9756E-2 0.998641968
123995.906 125 0.351376534 4.19122316E-2 0.998641968
124245.906 125 0.283289105 3.79111096E-2 1.00448203
124495.906 125 0.275121123 3.69706154E-2 0.998641968
124745.906 125 0.294722497 3.80025059E-2 0.998641968
124995.906 125 0.261766523 3.68248522E-2 0.998641968
125245.906 125 0.242212236 3.41462046E-2 1.00448203
125495.906 125 0.323749512 4.0587347E-2 0.998641968
125745.906 125 0.2943106 3.86956483E-2 0.998641968
125995.906 125 0.279354244 3.94824445E-2 0.998641968
126245.906 125 0.301582158 3.99147123E-2 0.998641968
126495.906 125 0.32508868 3.96775156E-2 1.00448203
126745.906 125 0.362197042 4.28719334E-2 0.998641968
126995.906 125 0.32625097 4.06710133E-2 0.998641968
127245.906 125 0.346402973 4.13991213E-2 0.998641968
127495.906 125 0.264885157 3.77734937E-2 1.00448203
127745.906 125 0.334997147 4.05734032E-2 0.998641968
127995.906 125 0.267577201 3.81217599E-2 0.998641968
128245.906 125 0.228317723 3.51737887E-2 0.998641968
128495.906 125 0.306486547 3.91236655E-2 1.00448203
128745.906 125 0.255226374 3.79313827E-2 0.998641968
128995.906 125 0.304806173 3.95548716E-2 0.998641968
129245.906 125 0.435462683 4.72956076E-2 0.998641968
129495.906 125 0.552855551 5.14606796E-2 0.998641968
129745.906 125 0.788287997 6.20967746E-2 1.00448203
129995.906 125 0.894988835 6.72093704E-2 0.998641968
130245.906 125 1.22307742 7.61925429E-2 0.998641968
130495.906 125 1.72097623 9.29293483E-2 0.998641968
130745.906 125 2.18548107 0.10161797 1.00448203
130995.906 125 2.16541481 0.101426572 0.998641968
131245.906 125 2.28651214 0.104671374 0.998641968
131495.906 125 2.14092255 0.100438938 0.998641968
131745.906 125 1.56459868 8.61702263E-2 1.00448203
131995.906 125 1.43339896 8.26836154E-2 0.998641968
132245.906 125 1.26568186 7.72445947E-2 0.998641968
132495.906 125 1.05859447 7.20794201E-2 0.998641968
132745.906 125 0.83300221 6.46498278E-2 0.998641968
132995.906 125 0.697418809 5.95784336E-2 1.00448203
133245.906 125 0.541551054 5.1944267E-2 0.998641968
133495.906 125 0.635883272 5.65804951E-2 0.998641968
133745.906 125 0.463161767 4.6616219E-2 0.998641968
133995.906 125 0.370826542 5.5333294E-2 1.00448203
134245.906 125 0.272034854 0.115483649 0.776720941
134495.906 125 0.381010085 5.04594184E-2 0.998641968
134745.906 125 0.292689979 5.72072975E-2 0.998641968
134995.906 125 0.512810886 0.14174512 0.782560945
135245.906 125 0.158487082 0.104787633 0.776720941
135495.906 125 0.195268884 0.103068024 0.969441772
135745.906 125 0.231426448 0.283735454 0.338719845
135995.906 125 0.375143379 0.169022277 0.589840114
136245.906 125 3.32627706E-2 0.259544075 0.47887975
136495.906 125 0.499851078 0.249377042 0.362079829
136745.906 125 0.164912328 0.115632258 0.741680801
136995.906 125 0.403756469 0.273240477 0.373759836
137245.906 125 0.112641945 0.596773803 0.332879841
# 137495.906 125 -0.142451972 0.44207719 0.29783988
# 137745.906 125 -2.20161676E-3 1.09321642 0.256959885
137995.906 125 0.272205472 0.571360946 0.262799889
138245.906 125 0.445272774 0.634927273 0.256959885
138495.906 125 6.56604841E-2 0.431892008 0.29783988
# 138745.906 125 -0.317068219 0.504057765 0.315359861
138995.906 125 0.390620619 0.744396746 0.291999876
139245.906 125 0.803777635 0.561766446 0.251119882
# 139495.906 125 -0.4278799 0.663966596 0.157679945
