Time	T_+ve	T_-ve	Flux	Fluxpos	Fluxneg
383.704186646118	0.26222037169299	-0.303529664753	2.95653936764648e-09	4.40737362483972e-10	-4.40737025509863e-10
384.446306097953	0.482620923177478	-0.479899080141536	1.78618122124386e-09	2.66580887649547e-10	-2.66680892465062e-10
385.404056660985	0.398333335170435	-0.475129639854572	3.26043506299562e-09	6.08348152068877e-10	-5.66437239021201e-10
386.559476696343	0.861907297385471	-0.757086700188495	2.33941475118222e-09	3.71251515829041e-10	-3.60166812224807e-10
388.272290398392	0.714776602577047	-0.850906404662965	1.90011313608384e-09	3.30882517416764e-10	-3.23601508157872e-10
389.458542936582	0.459026061858424	-0.471475935612602	2.12667609030213e-09	3.26268813898167e-10	-3.3249773401516e-10
390.468998919616	0.439522093746689	-0.551429921176293	1.84912509022187e-09	2.77252167763014e-10	-2.77647213390966e-10
391.367002205599	0.519157810461309	-0.458481192235695	2.43053224190611e-09	3.14809541456228e-10	-3.14803041877687e-10
399.341	0.387	-0.337	2.501516853e-09	3.72966165e-10	-3.73034046e-10
400.129	0.351	-0.400	2.378179617e-09	3.613584051e-10	-3.614248341e-10
400.851	0.404	-0.371	2.335195698e-09	3.48183066e-10	-3.482512737e-10
401.729	0.396	-0.474	1.992970914e-09	3.146863698e-10	-3.147446676e-10
402.695	0.457	-0.570	1.739327568e-09	2.643189582e-10	-2.643740253e-10
403.581	0.429	-0.429	2.082142953e-09	3.164414385e-10	-3.165094284e-10
404.331	0.377	-0.322	2.553668337e-09	3.88166427e-10	-3.88249191e-10
405.181	0.360	-0.473	2.175468438e-09	3.2456556e-10	-3.246305733e-10
406.026	0.435	-0.484	1.9412514e-09	2.951938869e-10	-2.952446706e-10
406.967	0.447	-0.506	1.899511845e-09	2.835464511e-10	-2.835798471e-10
408.011	0.539	-0.596	1.595773047e-09	2.38202052e-10	-2.382308742e-10
409.080	0.456	-0.530	1.761453507e-09	2.784788259e-10	-2.784942534e-10
409.930	0.422	-0.395	2.251661775e-09	3.430249812e-10	-3.429704223e-10
410.809	0.519	-0.457	1.882514007e-09	2.868201666e-10	-2.867690199e-10
411.721	0.447	-0.392	2.221308441e-09	3.321583221e-10	-3.320922198e-10
412.700	0.500	-0.532	1.781906742e-09	2.716613955e-10	-2.715875613e-10
413.562	0.476	-0.362	2.226011469e-09	3.333577467e-10	-3.33226014e-10
414.685	0.479	-0.647	1.609086435e-09	2.502841803e-10	-2.501856258e-10
415.647	0.472	-0.483	1.952420184e-09	2.927246157e-10	-2.925858045e-10
416.646	0.582	-0.526	1.610881107e-09	2.557829769e-10	-2.556654738e-10
417.760	0.518	-0.532	1.726418925e-09	2.689972659e-10	-2.688665133e-10
418.839	0.401	-0.562	1.9379844e-09	2.911732989e-10	-2.910238518e-10
419.638	0.351	-0.398	2.490381465e-09	3.74843601e-10	-3.74694045e-10
420.596	0.411	-0.607	1.979171106e-09	2.981263824e-10	-2.98027356e-10
421.484	0.431	-0.477	2.235775806e-09	3.363896316e-10	-3.362408016e-10
422.442	0.573	-0.528	1.842093594e-09	2.776604061e-10	-2.77589004e-10
423.472	0.346	-0.456	2.528307705e-09	3.81367437e-10	-3.81303549e-10
424.410	0.544	-0.592	1.7589891e-09	2.712505158e-10	-2.713896537e-10
425.530	0.554	-0.575	1.770045717e-09	2.743542747e-10	-2.748123081e-10
426.580	0.717	-0.496	1.624224624e-09	2.55934602e-10	-2.562269259e-10
427.884	0.622	-0.586	1.607443497e-09	2.592514782e-10	-2.598459633e-10
429.011	0.465	-0.505	2.032521579e-09	3.206169549e-10	-3.210680913e-10
430.106	0.405	-0.630	1.931271078e-09	3.002147214e-10	-3.009438432e-10
431.110	0.524	-0.599	1.78675134e-09	2.788450566e-10	-2.79820728e-10
432.149	0.398	-0.515	2.232298629e-09	3.414482181e-10	-3.424836756e-10
433.134	0.568	-0.588	1.761799446e-09	2.690211876e-10	-2.697128478e-10
434.269	0.585	-0.566	1.744752966e-09	2.71763943e-10	-2.725704564e-10
435.593	0.645	-0.740	1.387825593e-09	2.290999722e-10	-2.298936717e-10
436.692	0.446	-0.454	2.069461548e-09	3.553505736e-10	-3.566699697e-10
437.771	0.545	-0.633	1.581974328e-09	2.712826776e-10	-2.721899235e-10
438.776	0.430	-0.460	2.290024704e-09	3.52274802e-10	-3.538916403e-10
439.656	0.508	-0.451	2.094323418e-09	3.302264361e-10	-3.323127423e-10
440.660	0.443	-0.495	2.08001541e-09	3.390401487e-10	-3.407993556e-10
441.465	0.435	-0.363	2.526122082e-09	3.96861366e-10	-3.98967855e-10
442.363	0.353	-0.462	2.497736208e-09	3.95647494e-10	-3.98639703e-10
443.136	0.720	-0.421	1.784690589e-09	2.815766679e-10	-2.834032476e-10
444.338	0.406	-0.482	2.325695988e-09	3.596275485e-10	-3.617915367e-10
445.167	0.379	-0.423	2.573650398e-09	3.98189946e-10	-4.00646004e-10
446.128	0.492	-0.581	1.896926922e-09	2.989498842e-10	-3.007998411e-10
446.932	0.271	-0.312	3.616897515e-09	5.5510323e-10	-5.58919449e-10
447.720	0.506	-0.517	2.018564229e-09	3.12919068e-10	-3.150163005e-10
448.675	0.453	-0.449	2.190703548e-09	3.574570626e-10	-3.594185694e-10
449.574	0.459	-0.447	2.280004452e-09	3.515464425e-10	-3.53385219e-10
450.445	0.344	-0.412	2.614272639e-09	4.26497049e-10	-4.28814804e-10
451.146	0.404	-0.357	2.595498642e-09	4.25028714e-10	-4.27777713e-10
452.053	0.392	-0.503	2.232540387e-09	3.591949977e-10	-3.616247382e-10
452.995	0.375	-0.550	2.20268763e-09	3.404581719e-10	-3.424664694e-10
453.859	0.583	-0.488	1.902134157e-09	2.94157776e-10	-2.959356411e-10
454.858	0.367	-0.416	2.60284794e-09	4.02230499e-10	-4.04582013e-10
455.643	0.458	-0.419	2.323000713e-09	3.57266415e-10	-3.588838704e-10
456.604	0.654	-0.502	1.686684219e-09	2.740941126e-10	-2.752892901e-10
457.840	0.562	-0.582	1.780883808e-09	2.735348748e-10	-2.746735332e-10
458.721	0.294	-0.318	3.281724369e-09	5.13287445e-10	-5.15395749e-10
459.449	0.260	-0.435	2.929043733e-09	4.48883622e-10	-4.50480822e-10
460.117	0.444	-0.407	2.395882038e-09	3.67107708e-10	-3.68395269e-10
460.883	0.371	-0.323	2.936487411e-09	4.49803827e-10	-4.51344036e-10
461.770	0.477	-0.516	2.023114797e-09	3.14983449e-10	-3.158810028e-10
462.630	0.287	-0.383	2.995750791e-09	4.65209184e-10	-4.66212516e-10
463.308	0.474	-0.390	2.334782604e-09	3.623630802e-10	-3.6309075e-10
464.285	0.364	-0.503	2.262166269e-09	3.6483315e-10	-3.65665509e-10
465.121	0.351	-0.472	2.380170309e-09	3.85060962e-10	-3.86265759e-10
465.982	0.450	-0.509	2.104872198e-09	3.272594556e-10	-3.28069962e-10
466.849	0.419	-0.417	2.50363278e-09	3.78205344e-10	-3.79168746e-10
467.550	0.303	-0.282	3.398970102e-09	5.39185317e-10	-5.40740772e-10
468.307	0.550	-0.454	2.01184764e-09	3.132739368e-10	-3.141788595e-10
469.319	0.504	-0.462	2.120236536e-09	3.226102242e-10	-3.231436164e-10
470.201	0.432	-0.379	2.452324908e-09	3.85855569e-10	-3.86164119e-10
471.052	0.398	-0.419	2.472065211e-09	3.82612527e-10	-3.83112741e-10
471.795	0.412	-0.345	2.708532849e-09	4.11467034e-10	-4.11982494e-10
472.529	0.371	-0.323	2.951583855e-09	4.47214185e-10	-4.47512934e-10
473.349	0.464	-0.449	2.118606303e-09	3.390211638e-10	-3.391510452e-10
474.347	0.417	-0.534	1.993087437e-09	3.131178468e-10	-3.132636639e-10
475.215	0.382	-0.450	2.311601061e-09	3.56171607e-10	-3.562816686e-10
476.016	0.485	-0.419	2.12958306e-09	3.276934947e-10	-3.277146939e-10
476.953	0.410	-0.452	2.267509992e-09	3.433042008e-10	-3.43472778e-10
478.010	0.486	-0.648	1.698286062e-09	2.613984417e-10	-2.614288611e-10
478.839	0.331	-0.343	2.854381167e-09	4.39713153e-10	-4.39831128e-10
479.706	0.400	-0.536	2.056707543e-09	3.169833249e-10	-3.170974884e-10
480.564	0.410	-0.458	2.120612241e-09	3.454029579e-10	-3.45449313e-10
481.584	0.546	-0.610	1.68821499e-09	2.550233268e-10	-2.550412227e-10
482.798	0.487	-0.668	1.618824273e-09	2.592272298e-10	-2.593642623e-10
483.787	0.583	-0.503	1.796524752e-09	2.715805554e-10	-2.716334082e-10
484.906	0.602	-0.536	1.692206175e-09	2.55684858e-10	-2.557109577e-10
486.013	0.583	-0.504	1.747268919e-09	2.689522539e-10	-2.689871382e-10
487.114	0.531	-0.519	1.783240767e-09	2.793059577e-10	-2.792827257e-10
488.168	0.577	-0.523	1.727476344e-09	2.651828982e-10	-2.651093181e-10
489.192	0.502	-0.447	2.002929819e-09	3.074293464e-10	-3.073379067e-10
490.132	0.524	-0.439	2.001870585e-09	3.018044799e-10	-3.017335134e-10
490.966	0.419	-0.311	2.603810979e-09	3.99199812e-10	-3.99036462e-10
491.771	0.393	-0.386	2.366837682e-09	3.77278605e-10	-3.77184588e-10
492.788	0.600	-0.624	1.551725538e-09	2.383888881e-10	-2.383454733e-10
493.747	0.451	-0.359	2.38024545e-09	3.583157028e-10	-3.5817573e-10
494.786	0.517	-0.588	1.705111914e-09	2.612228949e-10	-2.611030686e-10
496.002	0.424	-0.699	1.683272382e-09	2.533646709e-10	-2.532607803e-10
496.874	0.480	-0.448	1.947648186e-09	3.09934119e-10	-3.098079765e-10
497.896	0.410	-0.542	1.957008141e-09	2.997250344e-10	-2.995824843e-10
498.788	0.365	-0.482	2.280952971e-09	3.387570087e-10	-3.38575545e-10
499.640	0.559	-0.487	1.806370764e-09	2.713520832e-10	-2.712141069e-10
500.732	0.347	-0.533	2.115115332e-09	3.237401343e-10	-3.235801602e-10
501.471	0.351	-0.391	2.54707299e-09	3.82799109e-10	-3.82604904e-10
502.173	0.313	-0.351	2.766285423e-09	4.31642937e-10	-4.31441472e-10
503.040	0.527	-0.555	1.647233742e-09	2.668565823e-10	-2.667369012e-10
504.088	0.476	-0.521	1.938890085e-09	2.881476939e-10	-2.879949072e-10
504.934	0.393	-0.371	2.440508895e-09	3.73647516e-10	-3.73463838e-10
505.739	0.518	-0.412	2.030074596e-09	3.054770598e-10	-3.053465613e-10
506.679	0.471	-0.422	2.114359566e-09	3.180021933e-10	-3.178544523e-10
507.692	0.522	-0.542	1.698966324e-09	2.702623572e-10	-2.701457979e-10
508.561	0.455	-0.347	2.353461495e-09	3.536024745e-10	-3.534199581e-10
509.498	0.445	-0.482	2.037335322e-09	3.062186325e-10	-3.060648294e-10
510.563	0.558	-0.620	1.580462796e-09	2.417770938e-10	-2.416546176e-10
511.608	0.484	-0.487	1.943968818e-09	2.919407898e-10	-2.917874586e-10
512.863	0.681	-0.771	1.282208202e-09	1.961290089e-10	-1.960297647e-10
514.019	0.469	-0.475	1.998885999e-09	2.999729271e-10	-2.998161837e-10
515.090	0.486	-0.601	1.737172437e-09	2.605135203e-10	-2.603826951e-10
516.121	0.558	-0.545	1.704535107e-09	2.557184718e-10	-2.555864124e-10
517.164	0.494	-0.485	1.90764486e-09	2.862358818e-10	-2.860871607e-10
518.264	0.646	-0.607	1.469063178e-09	2.245266441e-10	-2.24415675e-10
519.383	0.327	-0.473	2.331528672e-09	3.495991653e-10	-3.494269218e-10
520.210	0.422	-0.499	2.025453969e-09	3.034110453e-10	-3.032813817e-10
521.072	0.567	-0.440	1.827321672e-09	2.789493465e-10	-2.788313352e-10
522.198	0.569	-0.559	1.607654037e-09	2.500958559e-10	-2.499950145e-10
523.309	0.560	-0.541	1.622431041e-09	2.573363628e-10	-2.57230512e-10
524.372	0.433	-0.503	1.994656323e-09	2.989269426e-10	-2.987888574e-10
525.244	0.479	-0.439	2.00433354e-09	3.062340963e-10	-3.060878799e-10
526.320	0.742	-0.597	1.374483891e-09	2.100961962e-10	-2.099917611e-10
527.642	0.537	-0.580	1.688769654e-09	2.53760232e-10	-2.536333998e-10
528.619	0.750	-0.440	1.585299045e-09	2.382599868e-10	-2.381406687e-10
529.819	0.602	-0.449	1.76889537e-09	2.705731941e-10	-2.704358349e-10
531.058	0.590	-0.638	1.449315615e-09	2.347504302e-10	-2.34644652e-10
532.251	0.483	-0.602	1.63940601e-09	2.653922766e-10	-2.652729948e-10
533.155	0.463	-0.421	2.133967374e-09	3.202928322e-10	-3.201249084e-10
534.344	0.569	-0.726	1.415229915e-09	2.203806033e-10	-2.202778743e-10
535.415	0.461	-0.502	1.932379317e-09	2.950780173e-10	-2.949461031e-10
536.469	0.579	-0.593	1.540451484e-09	2.443190376e-10	-2.442191037e-10
537.627	0.695	-0.579	1.438727631e-09	2.238917571e-10	-2.237952717e-10
538.973	0.625	-0.651	1.415331192e-09	2.245461372e-10	-2.244492525e-10
540.246	0.456	-0.649	1.609733664e-09	2.604148932e-10	-2.603050131e-10
541.271	0.497	-0.569	1.744626642e-09	2.666892756e-10	-2.66556708e-10
542.415	0.579	-0.647	1.538671695e-09	2.307618225e-10	-2.30645118e-10
543.371	0.498	-0.377	2.124019722e-09	3.24703137e-10	-3.245409849e-10
544.329	0.486	-0.460	1.96434183e-09	3.000112962e-10	-2.998734288e-10
545.431	0.456	-0.615	1.710817185e-09	2.66238357e-10	-2.661228141e-10
546.370	0.660	-0.484	1.625232312e-09	2.484130605e-10	-2.482908021e-10
547.547	0.694	-0.516	1.492306794e-09	2.3698818e-10	-2.368772835e-10
548.815	0.513	-0.574	1.680495795e-09	2.617367577e-10	-2.616125391e-10
549.907	0.507	-0.580	1.705082874e-09	2.605183482e-10	-2.603931132e-10
551.053	0.510	-0.638	1.63858563e-09	2.456507394e-10	-2.455316754e-10
552.025	0.421	-0.463	2.096157657e-09	3.203472822e-10	-3.201900306e-10
552.869	0.389	-0.422	2.284625805e-09	3.491082441e-10	-3.489380697e-10
553.753	0.606	-0.495	1.634320743e-09	2.593270185e-10	-2.592131454e-10
554.992	0.543	-0.633	1.576093728e-09	2.407650135e-10	-2.406511767e-10
555.977	0.426	-0.442	2.165733141e-09	3.248267022e-10	-3.246615735e-10
556.974	0.621	-0.571	1.554939177e-09	2.375805597e-10	-2.374659969e-10
558.131	0.464	-0.536	1.853734278e-09	2.831250444e-10	-2.829942918e-10
559.236	0.687	-0.641	1.398026256e-09	2.135171445e-10	-2.134192071e-10
560.410	0.373	-0.488	2.186962833e-09	3.279295173e-10	-3.277663851e-10
561.294	0.459	-0.510	1.942183584e-09	2.912499645e-10	-2.911039296e-10
562.302	0.521	-0.549	1.711010301e-09	2.664329976e-10	-2.663081256e-10
563.256	0.448	-0.434	2.134078452e-09	3.200017788e-10	-3.198425307e-10
564.140	0.512	-0.435	1.961258508e-09	2.995822302e-10	-2.994418218e-10
565.199	0.502	-0.548	1.833918834e-09	2.718955305e-10	-2.717647053e-10
566.292	0.638	-0.591	1.50997836e-09	2.305377063e-10	-2.304372279e-10
567.438	0.503	-0.508	1.783815759e-09	2.82855771e-10	-2.82744693e-10
568.568	0.568	-0.628	1.530211254e-09	2.381511594e-10	-2.38046688e-10
569.706	0.510	-0.570	1.747038777e-09	2.620196799e-10	-2.618870034e-10
570.835	0.662	-0.619	1.432958835e-09	2.232839862e-10	-2.231754855e-10
572.033	0.606	-0.536	1.654253073e-09	2.484643161e-10	-2.483343621e-10
573.248	0.591	-0.608	1.553222187e-09	2.377278288e-10	-2.376088011e-10
574.304	0.529	-0.466	1.899926754e-09	2.853791292e-10	-2.852299725e-10
575.322	0.543	-0.489	1.804961235e-09	2.761789305e-10	-2.760392481e-10
576.394	0.453	-0.529	1.896506568e-09	2.90143722e-10	-2.899965618e-10
577.279	0.569	-0.432	1.886363259e-09	2.832190614e-10	-2.830697958e-10
578.435	0.547	-0.586	1.643458179e-09	2.513376789e-10	-2.512102659e-10
579.521	0.462	-0.539	1.886398833e-09	2.830752045e-10	-2.829272094e-10
580.484	0.434	-0.500	2.015264196e-09	3.023421555e-10	-3.021857025e-10
581.447	0.619	-0.530	1.611641592e-09	2.462966616e-10	-2.461756374e-10
582.469	0.459	-0.402	2.119943232e-09	3.300868989e-10	-3.299332773e-10
583.308	0.470	-0.380	2.178080223e-09	3.327761844e-10	-3.326162466e-10
584.508	0.377	-0.729	1.67385471e-09	2.557237353e-10	-2.556015495e-10
585.283	0.449	-0.398	2.187223104e-09	3.341418993e-10	-3.339828327e-10
586.163	0.359	-0.431	2.310974886e-09	3.5976567e-10	-3.596014851e-10
586.917	0.411	-0.395	2.331560253e-09	3.495620667e-10	-3.493907307e-10
587.875	0.508	-0.547	1.755697053e-09	2.681964153e-10	-2.680698735e-10
588.842	0.412	-0.460	2.124764598e-09	3.24586977e-10	-3.244331739e-10
589.848	0.435	-0.593	1.801246293e-09	2.751760341e-10	-2.750450637e-10
590.687	0.400	-0.404	2.337773724e-09	3.505322568e-10	-3.503584524e-10
591.554	0.415	-0.467	2.135833557e-09	3.202653168e-10	-3.201058872e-10
592.453	0.431	-0.483	2.06097969e-09	3.090555138e-10	-3.089009484e-10
593.364	0.475	-0.480	1.972686837e-09	2.958371955e-10	-2.956882566e-10
594.534	0.600	-0.695	1.434368727e-09	2.191929036e-10	-2.190856371e-10
595.632	0.445	-0.498	1.998766935e-09	2.998120092e-10	-2.996585691e-10
596.687	0.476	-0.609	1.711848831e-09	2.616482946e-10	-2.615184132e-10
597.664	0.510	-0.501	1.853275446e-09	2.853317577e-10	-2.851914582e-10
598.587	0.444	-0.413	2.197807095e-09	3.297635022e-10	-3.295919484e-10
599.424	0.463	-0.393	2.13952563e-09	3.333307758e-10	-3.331693134e-10
600.293	0.330	-0.406	2.558830923e-09	3.84003906e-10	-3.83802441e-10
601.180	0.401	-0.556	1.912841205e-09	2.980660155e-10	-2.979207792e-10
602.054	0.462	-0.473	2.000622591e-09	3.081537492e-10	-3.079997646e-10
602.842	0.391	-0.326	2.55274305e-09	3.9780444e-10	-3.97610598e-10
603.687	0.370	-0.454	2.254623129e-09	3.447451656e-10	-3.445709982e-10
604.607	0.653	-0.550	1.544026671e-09	2.360571939e-10	-2.359384929e-10
605.632	0.357	-0.373	2.5828539e-09	3.87506493e-10	-3.87305754e-10
606.357	0.453	-0.368	2.297118087e-09	3.445985136e-10	-3.444210429e-10
607.163	0.396	-0.353	2.479484205e-09	3.78931707e-10	-3.78745125e-10
607.943	0.448	-0.384	2.262764856e-09	3.393571929e-10	-3.391856028e-10
608.862	0.408	-0.471	2.021375664e-09	3.270081144e-10	-3.268682868e-10
609.686	0.479	-0.416	2.092065921e-09	3.218817921e-10	-3.217324176e-10
610.593	0.337	-0.428	2.39288874e-09	3.72443445e-10	-3.72277917e-10
611.410	0.446	-0.481	1.974579156e-09	3.072910797e-10	-3.071573142e-10
612.374	0.527	-0.517	1.773328326e-09	2.707638054e-10	-2.706443058e-10
613.456	0.621	-0.555	1.526081766e-09	2.420196867e-10	-2.419219671e-10
614.565	0.380	-0.489	2.12868282e-09	3.249812313e-10	-3.248409681e-10
615.456	0.450	-0.511	1.951580202e-09	2.923988595e-10	-2.922689418e-10
616.240	0.447	-0.334	2.366275395e-09	3.612247485e-10	-3.610712721e-10
617.042	0.335	-0.355	2.638616871e-09	4.10475681e-10	-4.10309064e-10
617.821	0.435	-0.444	2.041981722e-09	3.238111008e-10	-3.23682381e-10
618.851	0.556	-0.595	1.628796609e-09	2.44107336e-10	-2.439935355e-10
619.891	0.622	-0.484	1.670092215e-09	2.551075428e-10	-2.549879343e-10
621.105	0.440	-0.592	1.816983795e-09	2.725061691e-10	-2.723682291e-10
621.946	0.347	-0.400	2.473396332e-09	3.78053973e-10	-3.77866302e-10
622.667	0.346	-0.374	2.602055148e-09	3.90388713e-10	-3.90186159e-10
623.524	0.517	-0.511	1.797406842e-09	2.746959666e-10	-2.745606039e-10
624.545	0.383	-0.503	2.116339005e-09	3.173588847e-10	-3.172001085e-10
625.297	0.392	-0.369	2.392230984e-09	3.72401337e-10	-3.72232179e-10
625.933	0.290	-0.244	3.513205476e-09	5.26638948e-10	-5.26385574e-10
626.510	0.303	-0.287	3.174511593e-09	4.7580225e-10	-4.75577553e-10
627.361	0.500	-0.548	1.789379823e-09	2.681448693e-10	-2.680219575e-10
628.164	0.379	-0.303	2.712583566e-09	4.14140892e-10	-4.13960844e-10
628.947	0.403	-0.405	2.321448888e-09	3.478273986e-10	-3.476718531e-10
629.876	0.446	-0.526	1.930314573e-09	2.892049314e-10	-2.890770828e-10
630.738	0.468	-0.417	2.120611878e-09	3.176982171e-10	-3.17559297e-10
631.617	0.445	-0.411	2.191136607e-09	3.282456903e-10	-3.281037573e-10
632.501	0.428	-0.439	2.071519395e-09	3.284364831e-10	-3.283110303e-10
633.404	0.391	-0.476	2.163929031e-09	3.241501428e-10	-3.240117672e-10
634.276	0.476	-0.481	1.901422677e-09	2.957600943e-10	-2.956430631e-10
635.169	0.412	-0.417	2.227405752e-09	3.399702636e-10	-3.398306901e-10
635.941	0.322	-0.360	2.74931844e-09	4.1183439e-10	-4.11659061e-10
636.519	0.391	-0.256	2.892826497e-09	4.33330161e-10	-4.33145757e-10
637.354	0.441	-0.444	2.135549328e-09	3.222823263e-10	-3.221476533e-10
638.048	0.316	-0.254	3.19672683e-09	4.97206182e-10	-4.97012703e-10
638.786	0.481	-0.423	2.043280899e-09	3.118250586e-10	-3.117010941e-10
639.727	0.414	-0.459	2.114031051e-09	3.225964302e-10	-3.224707596e-10
640.742	0.568	-0.601	1.534129839e-09	2.431615032e-10	-2.430757626e-10
641.590	0.307	-0.280	3.190879626e-09	4.77793668e-10	-4.77608901e-10
642.315	0.369	-0.418	2.314371477e-09	3.598466553e-10	-3.597191334e-10
643.157	0.507	-0.474	1.883816088e-09	2.87436105e-10	-2.873272413e-10
644.093	0.335	-0.430	2.414263632e-09	3.6843411e-10	-3.68288184e-10
644.749	0.381	-0.320	2.700303639e-09	4.0750743e-10	-4.07337546e-10
645.462	0.406	-0.332	2.543440449e-09	3.81038559e-10	-3.80872305e-10
646.185	0.324	-0.317	2.890226691e-09	4.41244287e-10	-4.41054075e-10
646.860	0.376	-0.351	2.580786252e-09	3.86750727e-10	-3.86572494e-10
647.526	0.322	-0.290	3.024645228e-09	4.61887008e-10	-4.61678646e-10
648.155	0.351	-0.307	2.852761098e-09	4.27578063e-10	-4.27376235e-10
648.979	0.461	-0.473	2.010515793e-09	3.013570824e-10	-3.012137337e-10
649.857	0.379	-0.417	2.293969062e-09	3.570462192e-10	-3.56887443e-10
650.648	0.436	-0.412	2.181263007e-09	3.331651026e-10	-3.330102468e-10
651.517	0.421	-0.433	2.199050007e-09	3.296708283e-10	-3.295106364e-10
652.346	0.467	-0.408	2.022983028e-09	3.272246802e-10	-3.270870306e-10
653.331	0.447	-0.518	1.919682303e-09	2.93277864e-10	-2.931378549e-10
654.221	0.370	-0.444	2.276722932e-09	3.478669656e-10	-3.47698824e-10
655.083	0.481	-0.492	1.903161084e-09	2.90822169e-10	-2.906801997e-10
656.021	0.412	-0.456	2.165363244e-09	3.2480151e-10	-3.246352923e-10
656.968	0.498	-0.536	1.792786578e-09	2.740275384e-10	-2.738913045e-10
658.017	0.517	-0.551	1.736039514e-09	2.653432353e-10	-2.652116115e-10
659.044	0.400	-0.511	2.034386673e-09	3.108861591e-10	-3.107339532e-10
659.875	0.470	-0.431	2.05855122e-09	3.145326393e-10	-3.143805786e-10
660.725	0.299	-0.380	2.568880941e-09	4.23721551e-10	-4.235484e-10
661.360	0.351	-0.335	2.737515132e-09	4.10408163e-10	-4.10207787e-10
662.092	0.442	-0.381	2.282248518e-09	3.421165011e-10	-3.419518806e-10
662.973	0.328	-0.439	2.416722594e-09	3.69087147e-10	-3.68918352e-10
663.680	0.468	-0.379	2.219958081e-09	3.327344031e-10	-3.325771515e-10
664.438	0.416	-0.290	2.661758121e-09	3.98936637e-10	-3.98749329e-10
665.219	0.299	-0.365	2.895882231e-09	4.29315381e-10	-4.29110649e-10
665.941	0.267	-0.423	2.729375583e-09	4.09036386e-10	-4.08846537e-10
666.539	0.407	-0.330	2.522490267e-09	3.8516841e-10	-3.84997074e-10
667.496	0.554	-0.551	1.681661751e-09	2.567784318e-10	-2.566643046e-10
668.422	0.341	-0.372	2.642009832e-09	3.96002145e-10	-3.95814474e-10
669.126	0.360	-0.363	2.609441835e-09	3.91175697e-10	-3.90986574e-10
669.862	0.451	-0.377	2.245884267e-09	3.430993599e-10	-3.42936264e-10
670.759	0.443	-0.446	2.08862214e-09	3.191425215e-10	-3.189875931e-10
671.631	0.438	-0.429	2.175412536e-09	3.263140221e-10	-3.261468606e-10
672.556	0.552	-0.487	1.788230928e-09	2.733585294e-10	-2.732218599e-10
673.675	0.621	-0.567	1.540719378e-09	2.40051537e-10	-2.39935014e-10
674.609	0.313	-0.313	2.96679537e-09	4.53665058e-10	-4.53435642e-10
675.268	0.337	-0.346	2.758927776e-09	4.14124557e-10	-4.13906394e-10
676.042	0.413	-0.436	2.221508091e-09	3.334990626e-10	-3.33323298e-10
676.961	0.497	-0.506	1.881307395e-09	2.824726245e-10	-2.823237945e-10
677.996	0.435	-0.538	1.939735149e-09	2.912536671e-10	-2.911001907e-10
678.907	0.442	-0.476	2.05626795e-09	3.087236592e-10	-3.085609263e-10
679.909	0.374	-0.560	1.992185382e-09	3.04706556e-10	-3.045518454e-10
680.689	0.502	-0.406	2.080458996e-09	3.122992092e-10	-3.121346976e-10
681.750	0.498	-0.559	1.760792484e-09	2.692677372e-10	-2.691313218e-10
682.681	0.575	-0.434	1.871361921e-09	2.808561129e-10	-2.807086623e-10
683.556	0.388	-0.300	2.741689632e-09	4.11439083e-10	-4.11223824e-10
684.537	0.417	-0.592	1.844611362e-09	2.820074763e-10	-2.818657974e-10
685.447	0.460	-0.493	1.923098496e-09	2.995789632e-10	-2.994345618e-10
686.302	0.415	-0.395	2.298688425e-09	3.513677739e-10	-3.511926627e-10
687.093	0.382	-0.376	2.45374569e-09	3.75041073e-10	-3.74855217e-10
687.848	0.431	-0.374	2.311494339e-09	3.532880802e-10	-3.531131505e-10
688.761	0.350	-0.483	2.2001067e-09	3.426730164e-10	-3.425094849e-10
689.601	0.435	-0.490	2.009199555e-09	3.070920831e-10	-3.069398046e-10
690.466	0.524	-0.430	1.94921199e-09	2.979267324e-10	-2.977788825e-10
691.387	0.419	-0.397	2.111474442e-09	3.553325688e-10	-3.551870058e-10
692.277	0.659	-0.471	1.645306575e-09	2.514852021e-10	-2.513601486e-10
693.455	0.384	-0.518	2.060698002e-09	3.150253392e-10	-3.148674342e-10
694.361	0.396	-0.522	2.02478496e-09	3.09580194e-10	-3.094241403e-10
695.288	0.499	-0.531	1.804471185e-09	2.759357931e-10	-2.757961107e-10
696.232	0.430	-0.445	2.12351733e-09	3.247778787e-10	-3.246130404e-10
697.138	0.484	-0.477	1.906757325e-09	2.9721351e-10	-2.970681648e-10
698.134	0.298	-0.511	2.3328558e-09	3.502675209e-10	-3.500828991e-10
698.960	0.492	-0.528	1.799604444e-09	2.805270171e-10	-2.803898757e-10
700.111	0.568	-0.659	1.516415439e-09	2.319710481e-10	-2.318532909e-10
701.202	0.456	-0.523	1.874859063e-09	2.922569991e-10	-2.92114086e-10
702.176	0.442	-0.519	1.937622126e-09	2.964037659e-10	-2.962532661e-10
703.094	0.531	-0.476	1.848619971e-09	2.827913022e-10	-2.826477357e-10
704.027	0.621	-0.402	1.819664187e-09	2.783654247e-10	-2.782241088e-10
705.238	0.611	-0.590	1.505216889e-09	2.391507888e-10	-2.390382225e-10
706.356	0.568	-0.507	1.732310778e-09	2.650115622e-10	-2.648770707e-10
707.407	0.530	-0.483	1.838886489e-09	2.813244555e-10	-2.811817239e-10
708.391	0.394	-0.455	2.228031927e-09	3.346008402e-10	-3.344250393e-10
709.268	0.513	-0.484	1.89948462e-09	2.852962926e-10	-2.851468818e-10
710.157	0.369	-0.376	2.502475173e-09	3.82988232e-10	-3.82795842e-10
710.984	0.507	-0.458	1.934568933e-09	2.961119139e-10	-2.959641366e-10
711.937	0.311	-0.446	2.497003311e-09	3.75198978e-10	-3.75006225e-10
712.658	0.374	-0.409	2.436856389e-09	3.68904558e-10	-3.68718339e-10
713.482	0.588	-0.451	1.769454027e-09	2.760283944e-10	-2.758969884e-10
714.545	0.528	-0.475	1.886016231e-09	2.833819032e-10	-2.832359772e-10
715.789	0.928	-0.716	1.118369241e-09	1.744399041e-10	-1.743562326e-10
717.481	0.852	-0.764	1.138062717e-09	1.774761087e-10	-1.773902229e-10
718.972	0.455	-0.639	1.723512021e-09	2.587172511e-10	-2.585810898e-10
719.860	0.425	-0.433	2.190865083e-09	3.287278632e-10	-3.285568176e-10
720.873	0.538	-0.588	1.668273948e-09	2.502058086e-10	-2.500791216e-10
722.044	0.505	-0.633	1.626458163e-09	2.484250758e-10	-2.483096418e-10
723.084	0.582	-0.534	1.660180137e-09	2.535716535e-10	-2.534540052e-10
724.174	0.543	-0.508	1.786806879e-09	2.679230763e-10	-2.677900368e-10
725.260	0.755	-0.543	1.425974352e-09	2.179153251e-10	-2.178085305e-10
726.477	0.531	-0.462	1.86547152e-09	2.851757766e-10	-2.850329724e-10
727.405	0.401	-0.396	2.357137596e-09	3.537542448e-10	-3.535686429e-10
728.306	0.495	-0.501	1.778103591e-09	2.878853538e-10	-2.877553272e-10
729.315	0.470	-0.514	1.828009194e-09	2.903441706e-10	-2.902077552e-10
730.294	0.516	-0.508	1.784575518e-09	2.7811608e-10	-2.779802454e-10
731.291	0.453	-0.481	2.015436984e-09	3.025452903e-10	-3.023858607e-10
732.228	0.503	-0.484	1.824876504e-09	2.898849756e-10	-2.897485602e-10
733.285	0.581	-0.554	1.611140652e-09	2.51069676e-10	-2.509472361e-10
734.463	0.525	-0.596	1.631588805e-09	2.541909678e-10	-2.540679471e-10
735.420	0.541	-0.432	1.906745709e-09	2.914430442e-10	-2.912982072e-10
736.300	0.317	-0.340	2.931157845e-09	4.34898321e-10	-4.34671809e-10
737.276	0.484	-0.659	1.624614486e-09	2.482364973e-10	-2.481161991e-10
738.241	0.668	-0.481	1.614572817e-09	2.467283412e-10	-2.466077163e-10
739.431	0.476	-0.522	1.859162217e-09	2.841968382e-10	-2.840549052e-10
740.401	0.600	-0.494	1.761174723e-09	2.614533273e-10	-2.613133182e-10
741.509	0.564	-0.509	1.760119482e-09	2.642339799e-10	-2.640947694e-10
742.667	0.421	-0.593	1.835469207e-09	2.808073983e-10	-2.806649934e-10
743.692	0.445	-0.605	1.79895903e-09	2.701431843e-10	-2.700010335e-10
744.465	0.316	-0.328	2.931910344e-09	4.40279433e-10	-4.40047839e-10
745.413	0.644	-0.632	1.480270803e-09	2.222925243e-10	-2.22175602e-10
746.719	0.511	-0.662	1.587597198e-09	2.429043903e-10	-2.427813696e-10
747.830	0.535	-0.600	1.663561119e-09	2.497804815e-10	-2.49648894e-10
748.829	0.377	-0.464	2.211861729e-09	3.382224186e-10	-3.380514093e-10
749.817	0.453	-0.610	1.774869624e-09	2.662765446e-10	-2.661388224e-10
750.786	0.489	-0.516	1.878725376e-09	2.817545016e-10	-2.816123508e-10
751.921	0.482	-0.646	1.60367955e-09	2.544300033e-10	-2.543201232e-10
752.886	0.398	-0.482	2.115193377e-09	3.230837214e-10	-3.229330038e-10
753.847	0.521	-0.563	1.744128243e-09	2.61554931e-10	-2.614236339e-10
754.881	0.472	-0.513	1.917283236e-09	2.87643378e-10	-2.87494548e-10
755.953	0.517	-0.600	1.691419191e-09	2.538766098e-10	-2.537431347e-10
756.983	0.551	-0.513	1.750871331e-09	2.678881557e-10	-2.677525752e-10
758.163	0.610	-0.628	1.482568956e-09	2.311980759e-10	-2.310860541e-10
759.411	0.549	-0.638	1.592465028e-09	2.392046217e-10	-2.390797497e-10
760.675	0.734	-0.716	1.266104433e-09	1.974445572e-10	-1.97348943e-10
762.246	0.429	-0.836	1.470144918e-09	2.249865288e-10	-2.248733454e-10
763.251	0.501	-0.577	1.749443652e-09	2.627382747e-10	-2.62600371e-10
764.214	0.469	-0.461	1.969254672e-09	3.069820578e-10	-3.068320299e-10
765.220	0.665	-0.537	1.456423518e-09	2.40467898e-10	-2.403631362e-10
766.407	0.630	-0.521	1.638572925e-09	2.459171451e-10	-2.457880986e-10
767.501	0.573	-0.464	1.818450315e-09	2.728504746e-10	-2.727083964e-10
768.625	0.461	-0.551	1.836661662e-09	2.807237994e-10	-2.805845163e-10
769.552	0.452	-0.466	1.937350602e-09	3.134856384e-10	-3.133485333e-10
770.583	0.451	-0.579	1.831013019e-09	2.745763218e-10	-2.744387811e-10
771.462	0.428	-0.428	2.204067393e-09	3.304706262e-10	-3.303074214e-10
772.476	0.412	-0.586	1.83729183e-09	2.860036707e-10	-2.858742612e-10
773.261	0.451	-0.372	2.293008564e-09	3.438186444e-10	-3.436482522e-10
774.152	0.412	-0.440	2.184838194e-09	3.338628249e-10	-3.336999831e-10
775.111	0.587	-0.547	1.595362494e-09	2.532767886e-10	-2.531600478e-10
776.232	0.443	-0.535	1.8752217e-09	2.921778288e-10	-2.920358958e-10
777.290	0.608	-0.614	1.523312076e-09	2.329749246e-10	-2.328566955e-10
778.508	0.431	-0.610	1.814844999e-09	2.724030771e-10	-2.722597647e-10
779.587	0.657	-0.649	1.425772524e-09	2.179973631e-10	-2.178874104e-10
780.846	0.649	-0.602	1.424017782e-09	2.304835467e-10	-2.303807814e-10
782.194	0.508	-0.699	1.521225189e-09	2.369222955e-10	-2.368096566e-10
783.329	0.547	-0.628	1.606124718e-09	2.409196152e-10	-2.407961952e-10
784.430	0.634	-0.554	1.585772034e-09	2.378831565e-10	-2.377607529e-10
785.524	0.590	-0.460	1.795416513e-09	2.693499567e-10	-2.692108551e-10
786.693	0.539	-0.579	1.686797475e-09	2.530730367e-10	-2.529418122e-10
787.739	0.585	-0.508	1.676053038e-09	2.610700356e-10	-2.609448732e-10
788.925	0.572	-0.601	1.60742934e-09	2.410680822e-10	-2.409464772e-10
789.951	0.403	-0.454	2.135003013e-09	3.323604768e-10	-3.322093599e-10
790.786	0.471	-0.432	2.085227364e-09	3.125595528e-10	-3.124106139e-10
791.695	0.421	-0.437	2.040956973e-09	3.364924332e-10	-3.363644394e-10
792.528	0.445	-0.413	2.197746474e-09	3.292991889e-10	-3.291514116e-10
793.652	0.550	-0.680	1.532279628e-09	2.296208046e-10	-2.295153168e-10
794.982	0.721	-0.780	1.21809369e-09	1.895787465e-10	-1.894952565e-10
796.374	0.522	-0.670	1.579498305e-09	2.368030863e-10	-2.366873256e-10
797.516	0.589	-0.621	1.511855433e-09	2.353879671e-10	-2.35279176e-10
798.579	0.408	-0.474	2.103146133e-09	3.213535908e-10	-3.211979364e-10
799.483	0.397	-0.496	2.108081118e-09	3.161633079e-10	-3.160032612e-10
800.379	0.637	-0.498	1.658756451e-09	2.487930489e-10	-2.486663619e-10
801.563	0.632	-0.547	1.596175251e-09	2.394305892e-10	-2.393078226e-10
802.652	0.392	-0.457	2.155266762e-09	3.356850486e-10	-3.355250019e-10
803.571	0.482	-0.526	1.907890248e-09	2.830858041e-10	-2.829379542e-10
804.590	0.385	-0.537	1.985773713e-09	3.092307702e-10	-3.090853524e-10
805.557	0.500	-0.582	1.692408729e-09	2.635214835e-10	-2.633986443e-10
806.471	0.500	-0.415	1.972508967e-09	3.130183848e-10	-3.128792469e-10
807.306	0.371	-0.336	2.629915761e-09	4.01774208e-10	-4.01582907e-10
808.058	0.430	-0.381	2.322776379e-09	3.482914941e-10	-3.481183794e-10
809.003	0.503	-0.514	1.825307022e-09	2.789000511e-10	-2.787649788e-10
809.851	0.455	-0.345	2.320185285e-09	3.545601774e-10	-3.543865908e-10
810.874	0.479	-0.568	1.775662779e-09	2.713844628e-10	-2.712503343e-10
811.648	0.324	-0.295	2.783098494e-09	4.68370188e-10	-4.68177798e-10
812.437	0.497	-0.466	1.76235048e-09	3.025514976e-10	-3.02431635e-10
813.416	0.587	-0.482	1.762406019e-09	2.643885453e-10	-2.642522388e-10
814.396	0.358	-0.392	2.474127777e-09	3.781008e-10	-3.77914944e-10
815.374	0.489	-0.620	1.651933503e-09	2.572280799e-10	-2.57107818e-10
816.461	0.464	-0.598	1.749323136e-09	2.672556282e-10	-2.671278159e-10
817.486	0.537	-0.561	1.717115598e-09	2.574451176e-10	-2.57318721e-10
818.585	0.501	-0.563	1.721156877e-09	2.679773448e-10	-2.678533803e-10
819.516	0.394	-0.430	2.288303358e-09	3.431897106e-10	-3.430160877e-10
820.318	0.405	-0.408	2.186001246e-09	3.537387084e-10	-3.535833081e-10
821.107	0.357	-0.384	2.546781501e-09	3.82060404e-10	-3.81863295e-10
821.938	0.495	-0.475	1.943963736e-09	2.91678486e-10	-2.915267157e-10
823.049	0.589	-0.616	1.56495471e-09	2.348300361e-10	-2.347074147e-10
824.248	0.463	-0.610	1.75698897e-09	2.636425077e-10	-2.635048944e-10
825.033	0.425	-0.322	2.522557059e-09	3.78515346e-10	-3.78317874e-10
825.901	0.427	-0.443	2.007065478e-09	3.312564123e-10	-3.311136444e-10
826.794	0.439	-0.466	2.072841804e-09	3.110270757e-10	-3.108649599e-10
827.758	0.493	-0.525	1.844563446e-09	2.767462632e-10	-2.766026967e-10
828.781	0.480	-0.530	1.857522546e-09	2.78619924e-10	-2.784775554e-10
829.710	0.489	-0.448	1.960841421e-09	3.07439946e-10	-3.072989205e-10
830.566	0.467	-0.367	2.249624256e-09	3.372877299e-10	-3.371219115e-10
831.344	0.456	-0.311	2.37817272e-09	3.70157634e-10	-3.69992832e-10
832.471	0.676	-0.671	1.334127729e-09	2.116360422e-10	-2.115464175e-10
833.589	0.520	-0.442	1.922404803e-09	2.936845329e-10	-2.935448868e-10
834.659	0.511	-0.549	1.77025662e-09	2.655624873e-10	-2.654258178e-10
835.739	0.701	-0.569	1.456612278e-09	2.227488516e-10	-2.226361401e-10
836.879	0.369	-0.439	2.37073485e-09	3.627614727e-10	-3.625783029e-10
837.686	0.404	-0.438	2.312068242e-09	3.473486379e-10	-3.471684447e-10
838.625	0.567	-0.536	1.688382333e-09	2.683949037e-10	-2.682708303e-10
839.581	0.472	-0.389	2.195010906e-09	3.423696573e-10	-3.422053635e-10
840.513	0.472	-0.460	2.087001708e-09	3.135612513e-10	-3.133992081e-10
841.473	0.538	-0.487	1.898626125e-09	2.852634048e-10	-2.851161357e-10
842.495	0.488	-0.485	1.970725185e-09	3.016637085e-10	-3.01513608e-10
843.391	0.409	-0.408	2.38254687e-09	3.579126276e-10	-3.577263723e-10
844.384	0.529	-0.583	1.749763455e-09	2.628102576e-10	-2.626726443e-10
845.396	0.528	-0.484	1.92198336e-09	2.886266724e-10	-2.884749021e-10
846.468	0.454	-0.544	1.921557924e-09	2.939452032e-10	-2.937959376e-10
847.423	0.676	-0.500	1.61871864e-09	2.430045057e-10	-2.428764393e-10
848.532	0.506	-0.433	1.950993231e-09	3.040397976e-10	-3.038913669e-10
849.556	0.491	-0.518	1.843496952e-09	2.818890657e-10	-2.817465156e-10
850.512	0.481	-0.465	1.964795943e-09	3.004017753e-10	-3.002504406e-10
851.634	0.815	-0.641	1.22234442e-09	1.978518432e-10	-1.977633801e-10
852.907	0.611	-0.459	1.764358233e-09	2.647156446e-10	-2.645782128e-10
854.008	0.540	-0.491	1.779143949e-09	2.771776887e-10	-2.770435602e-10
855.135	0.445	-0.587	1.77610092e-09	2.767308357e-10	-2.765964168e-10
855.977	0.320	-0.397	2.59369671e-09	3.96603999e-10	-3.96403623e-10
856.862	0.396	-0.565	1.935662652e-09	2.960092212e-10	-2.958592296e-10
857.791	0.489	-0.534	1.817347158e-09	2.779295343e-10	-2.777885814e-10
858.792	0.501	-0.511	1.782652344e-09	2.831464251e-10	-2.830133493e-10
859.867	0.468	-0.575	1.756709097e-09	2.737625847e-10	-2.736289281e-10
860.702	0.345	-0.367	2.649167103e-09	3.97634193e-10	-3.97424742e-10
861.491	0.549	-0.444	1.844859291e-09	2.874944754e-10	-2.873541396e-10
862.531	0.354	-0.491	2.230875306e-09	3.34828296e-10	-3.346523136e-10
863.152	0.311	-0.267	3.260530614e-09	4.89310569e-10	-4.89054291e-10
863.855	0.397	-0.391	2.357988468e-09	3.604732659e-10	-3.602925645e-10
864.934	0.462	-0.682	1.661123211e-09	2.510406723e-10	-2.50913586e-10
865.910	0.382	-0.515	2.102513787e-09	3.153282264e-10	-3.151686153e-10
866.724	0.429	-0.432	2.189392029e-09	3.283002129e-10	-3.281366451e-10
867.696	0.331	-0.543	2.158178748e-09	3.235817211e-10	-3.234223641e-10
868.581	0.420	-0.555	1.905864345e-09	2.911641876e-10	-2.910253038e-10
869.320	0.288	-0.319	3.106854564e-09	4.65871659e-10	-4.65639702e-10
870.122	0.571	-0.514	1.701051396e-09	2.667045942e-10	-2.665823358e-10
871.225	0.543	-0.531	1.754003658e-09	2.63049402e-10	-2.629166529e-10
872.175	0.399	-0.407	2.305309545e-09	3.522821346e-10	-3.521098911e-10
873.010	0.350	-0.436	2.26011786e-09	3.65717418e-10	-3.65557335e-10
873.799	0.300	-0.439	2.552857758e-09	3.82915995e-10	-3.82720338e-10
874.559	0.541	-0.461	1.88173755e-09	2.822621208e-10	-2.821175016e-10
875.588	0.370	-0.488	2.197965e-09	3.297119199e-10	-3.295424715e-10
876.371	0.528	-0.413	1.9741392e-09	3.017363448e-10	-3.015866436e-10
877.386	0.374	-0.487	2.188921218e-09	3.283754265e-10	-3.28206087e-10
878.145	0.389	-0.385	2.400730629e-09	3.66912414e-10	-3.66731277e-10
878.933	0.377	-0.399	2.359697472e-09	3.67461633e-10	-3.67288482e-10
879.777	0.315	-0.468	2.400142932e-09	3.599258982e-10	-3.597454146e-10
880.572	0.359	-0.479	2.178195294e-09	3.391125672e-10	-3.389568765e-10
881.294	0.345	-0.363	2.653430538e-09	3.97803351e-10	-3.97609509e-10
882.090	0.479	-0.451	2.006535135e-09	3.086816964e-10	-3.085407798e-10
883.149	0.481	-0.579	1.746670695e-09	2.667576285e-10	-2.666353701e-10
884.186	0.399	-0.556	1.966595697e-09	2.94765438e-10	-2.946257556e-10
885.055	0.391	-0.470	2.181947988e-09	3.270361743e-10	-3.268817178e-10
885.945	0.688	-0.499	1.492951119e-09	2.414265084e-10	-2.413288977e-10
887.045	0.367	-0.412	2.37673524e-09	3.629471472e-10	-3.627832527e-10
887.861	0.535	-0.449	1.882470084e-09	2.875006827e-10	-2.873687685e-10
888.914	0.467	-0.519	1.906249125e-09	2.858215173e-10	-2.856801651e-10
889.825	0.410	-0.444	2.205831573e-09	3.308333721e-10	-3.306655209e-10
890.678	0.509	-0.443	1.956499215e-09	2.990549364e-10	-2.98906179e-10
891.695	0.428	-0.507	2.018812884e-09	3.029684394e-10	-3.028097358e-10
892.688	0.474	-0.565	1.818278253e-09	2.729424588e-10	-2.727986745e-10
893.708	0.456	-0.546	1.778470947e-09	2.879869212e-10	-2.878564953e-10
894.752	0.508	-0.588	1.699226595e-09	2.598875268e-10	-2.597555763e-10
895.786	0.572	-0.526	1.671988164e-09	2.605876812e-10	-2.604603045e-10
896.844	0.383	-0.487	2.171524443e-09	3.259832928e-10	-3.258114849e-10
897.638	0.386	-0.411	2.370254964e-09	3.557891139e-10	-3.556017696e-10
898.564	0.493	-0.539	1.830818088e-09	2.747320488e-10	-2.745885186e-10
899.632	0.513	-0.576	1.73508918e-09	2.602739766e-10	-2.601403926e-10
900.630	0.484	-0.485	1.946685873e-09	2.919239466e-10	-2.917776576e-10
901.634	0.648	-0.519	1.593285045e-09	2.433691392e-10	-2.43255375e-10
902.731	0.588	-0.449	1.792782585e-09	2.738039667e-10	-2.736782598e-10
903.948	0.481	-0.629	1.650749397e-09	2.569825104e-10	-2.568652977e-10
904.830	0.467	-0.401	2.172780423e-09	3.258454617e-10	-3.25681422e-10
905.794	0.478	-0.497	1.934900715e-09	2.902424217e-10	-2.900935554e-10
906.794	0.494	-0.522	1.830443835e-09	2.798275161e-10	-2.796872892e-10
907.691	0.452	-0.403	2.20438647e-09	3.307874163e-10	-3.306145557e-10
908.721	0.601	-0.577	1.578830385e-09	2.413398966e-10	-2.412194895e-10
910.004	0.438	-0.682	1.683088341e-09	2.524463172e-10	-2.523176337e-10
910.850	0.351	-0.407	2.48899299e-09	3.73259469e-10	-3.73071798e-10
911.704	0.526	-0.504	1.804336875e-09	2.756528346e-10	-2.755214286e-10
912.802	0.561	-0.572	1.616313402e-09	2.516175519e-10	-2.515029891e-10
913.778	0.433	-0.414	2.226534915e-09	3.338614455e-10	-3.336954819e-10
914.701	0.530	-0.491	1.767392913e-09	2.804965251e-10	-2.803705278e-10
915.740	0.374	-0.508	2.106311856e-09	3.218861118e-10	-3.217281705e-10
916.668	0.539	-0.554	1.701502242e-09	2.600555958e-10	-2.59926876e-10
917.689	0.389	-0.482	2.162919528e-09	3.244721601e-10	-3.243048897e-10
918.566	0.402	-0.488	1.968468777e-09	3.247831059e-10	-3.246461097e-10
919.504	0.421	-0.536	1.96998285e-09	2.95425735e-10	-2.952773043e-10
920.370	0.516	-0.445	1.906650603e-09	2.968320333e-10	-2.966960172e-10
921.318	0.346	-0.432	2.425244019e-09	3.63569547e-10	-3.63393855e-10
922.087	0.338	-0.423	2.440851204e-09	3.72778131e-10	-3.72607158e-10
923.072	0.328	-0.647	1.933943847e-09	2.899083165e-10	-2.897685978e-10
923.823	0.561	-0.423	1.889111169e-09	2.885943654e-10	-2.884572966e-10
924.823	0.513	-0.439	1.952640162e-09	2.983837494e-10	-2.982381138e-10
925.816	0.480	-0.481	1.934560221e-09	2.957036478e-10	-2.955564513e-10
926.872	0.515	-0.575	1.679516421e-09	2.616906204e-10	-2.615634252e-10
928.100	0.513	-0.713	1.538151153e-09	2.308401579e-10	-2.307190974e-10
929.416	0.643	-0.804	1.266382128e-09	1.972669776e-10	-1.97172162e-10
930.592	0.522	-0.533	1.801371165e-09	2.722044798e-10	-2.72067774e-10
931.686	0.464	-0.572	1.820930331e-09	2.730568764e-10	-2.72920461e-10
932.652	0.492	-0.503	1.867540257e-09	2.852974179e-10	-2.851619826e-10
933.529	0.332	-0.385	2.58930078e-09	3.95566908e-10	-3.95378511e-10
934.344	0.348	-0.482	2.266751685e-09	3.398824902e-10	-3.397139493e-10
935.059	0.384	-0.367	2.50846431e-09	3.76134066e-10	-3.75947121e-10
935.758	0.334	-0.315	2.858909592e-09	4.3679064e-10	-4.36580826e-10
936.610	0.612	-0.518	1.643266152e-09	2.51070402e-10	-2.509494867e-10
937.667	0.372	-0.445	2.357553594e-09	3.497199354e-10	-3.495407586e-10
938.538	0.436	-0.500	1.955075166e-09	3.044117274e-10	-3.0427023e-10
939.431	0.449	-0.457	2.050039959e-09	3.132251496e-10	-3.13074069e-10
940.186	0.324	-0.306	2.90499462e-09	4.52311794e-10	-4.52101617e-10
940.950	0.499	-0.441	1.976269647e-09	3.019502244e-10	-3.01804734e-10
941.863	0.419	-0.414	2.229687207e-09	3.406668606e-10	-3.405028209e-10
942.746	0.449	-0.464	2.034095184e-09	3.107804535e-10	-3.106309338e-10
943.587	0.432	-0.392	2.219531919e-09	3.455740035e-10	-3.454140294e-10
944.611	0.483	-0.593	1.723431798e-09	2.633097093e-10	-2.631833127e-10
945.404	0.438	-0.310	2.518490733e-09	3.77644509e-10	-3.77456475e-10
946.254	0.399	-0.412	2.31966438e-09	3.478274712e-10	-3.476544654e-10
947.069	0.358	-0.416	2.397004071e-09	3.66209283e-10	-3.66033954e-10
947.900	0.516	-0.473	1.84818546e-09	2.877554361e-10	-2.876222877e-10
948.829	0.375	-0.413	2.353695267e-09	3.596329209e-10	-3.594588987e-10
949.741	0.425	-0.537	1.955229441e-09	2.932366635e-10	-2.930883054e-10
950.619	0.384	-0.452	2.154246006e-09	3.419356182e-10	-3.417802542e-10
951.357	0.383	-0.354	2.55499365e-09	3.83242695e-10	-3.83046675e-10
952.283	0.422	-0.544	1.948032603e-09	2.922230949e-10	-2.920728492e-10
953.132	0.280	-0.427	2.626409907e-09	4.01436255e-10	-4.01236968e-10
953.796	0.370	-0.385	2.496698391e-09	3.74549571e-10	-3.74356455e-10
954.562	0.377	-0.395	2.407809129e-09	3.68037714e-10	-3.67854762e-10
955.378	0.429	-0.439	2.14139871e-09	3.273241422e-10	-3.271610463e-10
956.205	0.430	-0.399	2.242505463e-09	3.427856916e-10	-3.426147186e-10
957.107	0.392	-0.471	2.123462154e-09	3.307790673e-10	-3.306199281e-10
958.022	0.571	-0.524	1.674576717e-09	2.608569183e-10	-2.607313566e-10
958.981	0.457	-0.389	2.168135475e-09	3.377409354e-10	-3.37578384e-10
959.755	0.359	-0.317	2.710172157e-09	4.22176623e-10	-4.21973343e-10
960.671	0.498	-0.557	1.787710023e-09	2.682159084e-10	-2.680767705e-10
961.627	0.446	-0.458	2.027334672e-09	3.158077131e-10	-3.15655725e-10
962.436	0.407	-0.364	2.448361674e-09	3.67339302e-10	-3.67148364e-10
963.169	0.434	-0.326	2.447278482e-09	3.7412232e-10	-3.73934649e-10
964.057	0.522	-0.455	1.930988664e-09	2.897541867e-10	-2.896029246e-10
964.943	0.490	-0.364	2.178394581e-09	3.330706863e-10	-3.329026536e-10
965.733	0.371	-0.300	2.813793411e-09	4.22290968e-10	-4.22069538e-10
966.598	0.509	-0.494	1.880865987e-09	2.823011796e-10	-2.821527852e-10
967.516	0.501	-0.408	2.04629997e-09	3.129454218e-10	-3.127866819e-10
968.430	0.369	-0.414	2.410894629e-09	3.619031955e-10	-3.617125116e-10
969.179	0.401	-0.380	2.416445262e-09	3.627504738e-10	-3.62559318e-10
970.113	0.459	-0.532	1.877322018e-09	2.871445797e-10	-2.869987626e-10
970.961	0.505	-0.390	2.078871597e-09	3.17988363e-10	-3.178268643e-10
971.906	0.350	-0.440	2.389172346e-09	3.587128974e-10	-3.585238107e-10
972.679	0.435	-0.423	2.200816728e-09	3.304241985e-10	-3.302499948e-10
973.498	0.541	-0.384	2.010883149e-09	3.075494631e-10	-3.073933731e-10
974.436	0.451	-0.397	2.223883563e-09	3.337657587e-10	-3.335905023e-10
975.318	0.545	-0.430	1.931741163e-09	2.898720891e-10	-2.897206818e-10
976.267	0.430	-0.405	2.251760511e-09	3.378305238e-10	-3.376555215e-10
977.220	0.438	-0.523	1.955638905e-09	2.933511174e-10	-2.932007265e-10
978.076	0.370	-0.418	2.383851129e-09	3.575401896e-10	-3.573584718e-10
978.860	0.408	-0.414	2.285811363e-09	3.428009376e-10	-3.426281133e-10
979.725	0.509	-0.457	1.917108633e-09	2.929053171e-10	-2.927644731e-10
980.612	0.371	-0.378	2.508454146e-09	3.76112286e-10	-3.7592643e-10
981.535	0.469	-0.552	1.839805242e-09	2.758276191e-10	-2.756928735e-10
982.560	0.533	-0.556	1.651738572e-09	2.620520595e-10	-2.61938985e-10
983.477	0.342	-0.384	2.514496644e-09	3.91412373e-10	-3.91235955e-10
984.412	0.563	-0.594	1.601346549e-09	2.446197105e-10	-2.445042402e-10
985.392	0.458	-0.417	2.146434972e-09	3.218331138e-10	-3.216739746e-10
986.257	0.453	-0.407	2.195418192e-09	3.291988194e-10	-3.290349975e-10
987.188	0.451	-0.478	2.003674332e-09	3.061434189e-10	-3.059956053e-10
988.075	0.354	-0.436	2.355680151e-09	3.599629968e-10	-3.597876678e-10
988.997	0.525	-0.568	1.766538411e-09	2.621115189e-10	-2.619746679e-10
989.954	0.384	-0.432	2.312094741e-09	3.468495855e-10	-3.466708443e-10
990.689	0.417	-0.352	2.386069059e-09	3.71685138e-10	-3.71506179e-10
991.569	0.467	-0.463	1.99984323e-09	3.057411423e-10	-3.055874844e-10
992.520	0.335	-0.484	2.273734353e-09	3.476464068e-10	-3.474710778e-10
993.539	0.537	-0.684	1.546727754e-09	2.32088043e-10	-2.319670188e-10
994.544	0.402	-0.468	2.169860088e-09	3.255457689e-10	-3.253770102e-10
995.577	0.567	-0.632	1.551852225e-09	2.371873218e-10	-2.370697824e-10
996.728	0.555	-0.583	1.632764199e-09	2.495189037e-10	-2.493965001e-10
997.825	0.595	-0.542	1.658155323e-09	2.486795388e-10	-2.485538682e-10
998.820	0.418	-0.400	2.270549391e-09	3.469372863e-10	-3.467689995e-10
999.778	0.395	-0.539	2.018242611e-09	3.026589819e-10	-3.025070664e-10
1000.691	0.471	-0.518	1.878498864e-09	2.870126655e-10	-2.868743262e-10
1001.669	0.670	-0.507	1.600551216e-09	2.400035847e-10	-2.398839399e-10
1003.014	0.617	-0.675	1.459478526e-09	2.188736088e-10	-2.187634383e-10
1004.112	0.565	-0.481	1.801995525e-09	2.703112896e-10	-2.701725147e-10
1005.113	0.394	-0.436	2.208861534e-09	3.441096252e-10	-3.439434801e-10
1005.844	0.365	-0.338	2.644167867e-09	4.043094e-10	-4.04105031e-10
1006.601	0.446	-0.392	2.217506016e-09	3.391359807e-10	-3.38963955e-10
1007.573	0.545	-0.526	1.756950492e-09	2.637649113e-10	-2.636258823e-10
1008.695	0.461	-0.577	1.853369826e-09	2.751436908e-10	-2.749963491e-10
1009.516	0.347	-0.361	2.655844488e-09	3.98463285e-10	-3.98256738e-10
1010.433	0.388	-0.569	1.88060136e-09	2.984992923e-10	-2.983637481e-10
1011.086	0.370	-0.265	2.960790987e-09	4.43989293e-10	-4.43767137e-10
1011.903	0.494	-0.447	1.998112083e-09	2.995541703e-10	-2.994082806e-10
1012.767	0.322	-0.371	2.717226699e-09	4.07351703e-10	-4.07154231e-10
1013.466	0.478	-0.377	2.166161481e-09	3.309614748e-10	-3.308021541e-10
1014.344	0.419	-0.399	2.265092775e-09	3.462034092e-10	-3.460318191e-10
1015.295	0.610	-0.532	1.622963925e-09	2.481599406e-10	-2.480346693e-10
1016.398	0.464	-0.493	1.880603175e-09	2.988067533e-10	-2.986663086e-10
1017.397	0.547	-0.534	1.738489401e-09	2.611500408e-10	-2.610139521e-10
1018.479	0.570	-0.535	1.654864728e-09	2.580052992e-10	-2.578794834e-10
1019.529	0.399	-0.480	2.110897635e-09	3.228352479e-10	-3.226714986e-10
1020.325	0.505	-0.397	2.086537068e-09	3.131051781e-10	-3.129416103e-10
1021.370	0.492	-0.540	1.823921451e-09	2.735896515e-10	-2.734495698e-10
1022.454	0.470	-0.592	1.772016081e-09	2.65725801e-10	-2.655928341e-10
1023.428	0.382	-0.504	2.093989821e-09	3.199492164e-10	-3.197944695e-10
1024.350	0.556	-0.540	1.692829083e-09	2.58679245e-10	-2.585530662e-10
1025.324	0.500	-0.419	2.020896141e-09	3.088453731e-10	-3.08693385e-10
1026.406	0.532	-0.582	1.689895317e-09	2.535070758e-10	-2.533765047e-10
1027.487	0.484	-0.549	1.79481357e-09	2.743540569e-10	-2.742171333e-10
1028.361	0.398	-0.390	2.388107304e-09	3.582759543e-10	-3.580906065e-10
1029.154	0.422	-0.395	2.306627598e-09	3.460382805e-10	-3.458596482e-10
1030.136	0.573	-0.560	1.651563606e-09	2.54249919e-10	-2.541256641e-10
1031.085	0.380	-0.376	2.491107828e-09	3.7367946e-10	-3.73487796e-10
1032.006	0.484	-0.540	1.811851338e-09	2.769047127e-10	-2.767681884e-10
1033.156	0.560	-0.665	1.536619656e-09	2.304937107e-10	-2.303756631e-10
1034.244	0.507	-0.528	1.767205242e-09	2.752426809e-10	-2.751114927e-10
1035.149	0.556	-0.398	1.975226022e-09	2.963109468e-10	-2.961583053e-10
1036.282	0.519	-0.577	1.732409151e-09	2.618368731e-10	-2.617035795e-10
1037.224	0.356	-0.423	2.417183967e-09	3.626429169e-10	-3.624551733e-10
1038.031	0.555	-0.450	1.873872066e-09	2.811230631e-10	-2.809777542e-10
1039.126	0.619	-0.541	1.600469904e-09	2.446174962e-10	-2.444962905e-10
1040.186	0.433	-0.441	2.155459878e-09	3.233164044e-10	-3.231509127e-10
1041.107	0.567	-0.488	1.784706561e-09	2.676853476e-10	-2.675490048e-10
1042.246	0.450	-0.572	1.791174858e-09	2.789174388e-10	-2.787866862e-10
1043.254	0.440	-0.558	1.8865836e-09	2.828799468e-10	-2.827396473e-10
1044.151	0.466	-0.458	2.039175006e-09	3.056919558e-10	-3.055441059e-10
1045.166	0.623	-0.549	1.605963909e-09	2.406884568e-10	-2.405760357e-10
1046.261	0.517	-0.472	1.849164108e-09	2.876986992e-10	-2.875790907e-10
1047.179	0.450	-0.400	2.18252661e-09	3.331428507e-10	-3.330041121e-10
1048.331	0.618	-0.702	1.405981401e-09	2.146183776e-10	-2.145282447e-10
1049.360	0.401	-0.411	2.320903299e-09	3.477473571e-10	-3.475917027e-10
1050.300	0.533	-0.539	1.72765131e-09	2.637869817e-10	-2.636707491e-10
1051.447	0.492	-0.614	1.698584085e-09	2.545750218e-10	-2.544557037e-10
1052.418	0.443	-0.479	2.039602983e-09	3.057217581e-10	-3.055760136e-10
1053.351	0.503	-0.490	1.866370308e-09	2.850429912e-10	-2.849120934e-10
1054.345	0.486	-0.491	1.869512073e-09	2.909624685e-10	-2.908342932e-10
1055.374	0.514	-0.543	1.77863103e-09	2.665892328e-10	-2.664630903e-10
1056.368	0.430	-0.480	2.0340705e-09	3.106304619e-10	-3.104894364e-10
1057.452	0.568	-0.654	1.537895238e-09	2.304949449e-10	-2.30386662e-10
1058.557	0.629	-0.537	1.612987596e-09	2.417487435e-10	-2.416352697e-10
1059.607	0.452	-0.421	2.059653651e-09	3.267068607e-10	-3.265699008e-10
1060.531	0.453	-0.472	1.97705046e-09	3.076768398e-10	-3.075428202e-10
1061.511	0.461	-0.527	1.912507245e-09	2.866409898e-10	-2.865063168e-10
1062.571	0.422	-0.599	1.849233804e-09	2.771778339e-10	-2.770462827e-10
1063.608	0.405	-0.615	1.852462326e-09	2.777584887e-10	-2.776210206e-10
1064.448	0.506	-0.435	1.920628281e-09	3.048605043e-10	-3.04721802e-10
1065.569	0.691	-0.615	1.446105969e-09	2.169998391e-10	-2.168865831e-10
1066.674	0.529	-0.414	2.002756668e-09	3.006689796e-10	-3.005106027e-10
1067.765	0.537	-0.562	1.693038534e-09	2.59016835e-10	-2.588854653e-10
1068.699	0.267	-0.397	2.845686954e-09	4.27195461e-10	-4.26970401e-10
1069.445	0.546	-0.479	1.816489026e-09	2.777630988e-10	-2.776226541e-10
1070.553	0.446	-0.562	1.872047628e-09	2.808591258e-10	-2.807137443e-10
1071.529	0.518	-0.530	1.79669391e-09	2.694750465e-10	-2.693381592e-10
1072.553	0.437	-0.506	1.908615885e-09	3.028709739e-10	-3.027367365e-10
1073.606	0.580	-0.616	1.527726156e-09	2.378207568e-10	-2.377128369e-10
1074.629	0.318	-0.444	2.469121644e-09	3.70142025e-10	-3.69963429e-10
1075.424	0.374	-0.477	2.179305348e-09	3.328401087e-10	-3.326869953e-10
1076.351	0.408	-0.553	1.929082188e-09	2.94597006e-10	-2.944632768e-10
1077.277	0.433	-0.518	1.947192984e-09	2.973407778e-10	-2.97207339e-10
1078.277	0.570	-0.567	1.606632918e-09	2.500382478e-10	-2.499288033e-10
1079.290	0.432	-0.443	2.147937429e-09	3.219872799e-10	-3.218320974e-10
1080.173	0.521	-0.450	1.907890248e-09	2.914478721e-10	-2.913102588e-10
1081.291	0.515	-0.597	1.690874691e-09	2.535535398e-10	-2.534268891e-10
1082.370	0.544	-0.565	1.692935805e-09	2.538961755e-10	-2.53767855e-10
1083.454	0.608	-0.540	1.611054621e-09	2.461304802e-10	-2.460128682e-10
1084.473	0.537	-0.412	1.977844704e-09	2.964908133e-10	-2.963478276e-10
1085.565	0.492	-0.555	1.764227916e-09	2.693986713e-10	-2.692780101e-10
1086.727	0.467	-0.670	1.626201522e-09	2.482597293e-10	-2.481533703e-10
1087.926	0.649	-0.731	1.319710821e-09	2.053076454e-10	-2.052236835e-10
1089.125	0.507	-0.550	1.774695384e-09	2.659397169e-10	-2.658181845e-10
1090.133	0.531	-0.501	1.817528295e-09	2.7241335e-10	-2.722848843e-10
1091.326	0.673	-0.662	1.405603881e-09	2.107216089e-10	-2.106192066e-10
1092.475	0.388	-0.476	2.139825468e-09	3.269238621e-10	-3.267670824e-10
1093.257	0.422	-0.395	2.305785438e-09	3.457692249e-10	-3.455961465e-10
1094.232	0.524	-0.552	1.749346368e-09	2.623402815e-10	-2.622083673e-10
1095.239	0.492	-0.483	1.931330973e-09	2.896474647e-10	-2.895011394e-10
1096.241	0.461	-0.510	1.91073762e-09	2.919843135e-10	-2.918415819e-10
1097.504	0.570	-0.801	1.372723341e-09	2.058738891e-10	-2.057697807e-10
1098.540	0.377	-0.466	2.200963743e-09	3.36191724e-10	-3.360344724e-10
1099.540	0.404	-0.623	1.834236822e-09	2.748630918e-10	-2.747374212e-10
1100.388	0.363	-0.445	2.331199431e-09	3.492102834e-10	-3.490609815e-10
1101.339	0.569	-0.588	1.628255376e-09	2.438239056e-10	-2.437282188e-10
1102.359	0.489	-0.451	1.97586345e-09	3.013924749e-10	-3.012883302e-10
1103.399	0.571	-0.552	1.650368247e-09	2.517626793e-10	-2.516733087e-10
1104.460	0.469	-0.490	1.928750043e-09	2.942852616e-10	-2.941745829e-10
1105.549	0.537	-0.620	1.622546475e-09	2.430170655e-10	-2.429167323e-10
1106.647	0.568	-0.562	1.637167389e-09	2.499020139e-10	-2.497976514e-10
1107.946	0.630	-0.731	1.35894132e-09	2.07507135e-10	-2.0741457e-10
1109.046	0.398	-0.470	2.161137561e-09	3.240216408e-10	-3.238623564e-10
1110.106	0.575	-0.662	1.51747794e-09	2.276300037e-10	-2.275132629e-10
1111.138	0.621	-0.457	1.740332715e-09	2.611837272e-10	-2.610468762e-10
1112.474	0.756	-0.715	1.257078075e-09	1.923124632e-10	-1.922148888e-10
1113.706	0.552	-0.476	1.825713219e-09	2.740564695e-10	-2.73912177e-10
1114.750	0.654	-0.492	1.642503126e-09	2.464687599e-10	-2.463400764e-10
1116.101	0.794	-0.697	1.226255019e-09	1.909675119e-10	-1.908773064e-10
1117.534	0.530	-0.639	1.587031644e-09	2.424357573e-10	-2.423211945e-10
1118.608	0.566	-0.544	1.695163536e-09	2.540888922e-10	-2.539680132e-10
1119.652	0.477	-0.478	1.941689541e-09	2.964808308e-10	-2.963492433e-10
1120.796	0.414	-0.666	1.717776258e-09	2.622337047e-10	-2.621218281e-10
1121.935	0.860	-0.725	1.170241578e-09	1.786111734e-10	-1.785382104e-10
1123.364	0.371	-0.569	2.003351625e-09	3.000137283e-10	-2.998937205e-10
1124.436	0.501	-0.702	1.57836393e-09	2.380989963e-10	-2.380093716e-10
1125.455	0.517	-0.518	1.825236237e-09	2.732530779e-10	-2.731533255e-10
1126.472	0.524	-0.499	1.847456193e-09	2.765378286e-10	-2.76441924e-10
1127.482	0.503	-0.487	1.910551401e-09	2.859657372e-10	-2.858686347e-10
1128.460	0.514	-0.475	1.910553216e-09	2.861078517e-10	-2.859944142e-10
1129.440	0.444	-0.467	2.015542617e-09	3.135959178e-10	-3.134647659e-10
1130.394	0.523	-0.509	1.831517226e-09	2.74606959e-10	-2.744719593e-10
1131.483	0.505	-0.566	1.764574218e-09	2.647943793e-10	-2.646562215e-10
1132.581	0.703	-0.594	1.415601264e-09	2.206844343e-10	-2.205766959e-10
1133.895	0.637	-0.610	1.515359109e-09	2.273835267e-10	-2.272651887e-10
1135.163	0.530	-0.632	1.624968774e-09	2.436454185e-10	-2.435251203e-10
1136.052	0.344	-0.358	2.679861294e-09	4.01635542e-10	-4.01447871e-10
1136.885	0.421	-0.489	2.071485999e-09	3.103233276e-10	-3.101890902e-10
1137.931	0.597	-0.625	1.4968305e-09	2.328122643e-10	-2.327215869e-10
1138.910	0.468	-0.383	2.11970946e-09	3.361150221e-10	-3.359832894e-10
1140.169	0.743	-0.791	1.228002138e-09	1.840275327e-10	-1.839426996e-10
1141.540	0.586	-0.629	1.461400611e-09	2.363706081e-10	-2.362721262e-10
1142.643	0.446	-0.516	1.956607026e-09	2.933750391e-10	-2.932297302e-10
1143.613	0.599	-0.524	1.65360294e-09	2.526046578e-10	-2.524852671e-10
1144.730	0.485	-0.518	1.850042931e-09	2.825789109e-10	-2.824472871e-10
1145.824	0.633	-0.608	1.515905787e-09	2.272213746e-10	-2.271131643e-10
1146.972	0.573	-0.515	1.702700505e-09	2.600121447e-10	-2.598950409e-10
1147.990	0.561	-0.444	1.817615052e-09	2.828548998e-10	-2.827323873e-10
1149.214	0.595	-0.663	1.528438362e-09	2.266127688e-10	-2.265031791e-10
1150.348	0.510	-0.539	1.766169603e-09	2.697462438e-10	-2.696219526e-10
1151.500	0.808	-0.642	1.297085394e-09	1.94446032e-10	-1.943519424e-10
1152.804	0.396	-0.495	2.049805461e-09	3.191331198e-10	-3.189862137e-10
1153.813	0.726	-0.613	1.303746807e-09	2.151231654e-10	-2.150319798e-10
1155.193	0.498	-0.653	1.610563119e-09	2.463030504e-10	-2.46178251e-10
1156.287	0.540	-0.596	1.653453747e-09	2.483162484e-10	-2.481859677e-10
1157.333	0.571	-0.505	1.715294064e-09	2.625538707e-10	-2.624229729e-10
1158.214	0.474	-0.310	2.387239734e-09	3.585328857e-10	-3.583450695e-10
1159.467	0.526	-0.778	1.395268182e-09	2.173849821e-10	-2.172797847e-10
1160.539	0.546	-0.546	1.714678416e-09	2.571270207e-10	-2.569985187e-10
1161.520	0.422	-0.435	2.184175719e-09	3.273553239e-10	-3.272018475e-10
1162.633	0.648	-0.690	1.379989875e-09	2.106545265e-10	-2.105657367e-10
1163.921	0.559	-0.640	1.561976295e-09	2.340215262e-10	-2.339178897e-10
1164.998	0.642	-0.518	1.568614839e-09	2.440565886e-10	-2.439545856e-10
1166.230	0.648	-0.590	1.469465019e-09	2.286537e-10	-2.285563071e-10
1167.329	0.566	-0.451	1.841025648e-09	2.759101653e-10	-2.757817722e-10
1168.427	0.497	-0.532	1.822753317e-09	2.73160041e-10	-2.730337896e-10
1169.409	0.806	-0.485	1.451152758e-09	2.174544966e-10	-2.173552524e-10
1170.722	0.577	-0.506	1.705281072e-09	2.603444712e-10	-2.602318686e-10
1171.837	0.519	-0.538	1.748345577e-09	2.668975287e-10	-2.667838734e-10
1172.843	0.668	-0.487	1.623323295e-09	2.432273151e-10	-2.431184514e-10
1173.943	0.467	-0.433	2.082088503e-09	3.120643119e-10	-3.119172606e-10
1174.990	0.597	-0.579	1.593880002e-09	2.389680909e-10	-2.388508419e-10
1176.251	0.693	-0.665	1.380802995e-09	2.071050399e-10	-2.069995884e-10
1177.422	0.458	-0.478	2.002921833e-09	3.005149587e-10	-3.003587961e-10
1178.524	0.447	-0.644	1.700033907e-09	2.598580512e-10	-2.597286054e-10
1179.571	0.540	-0.601	1.650182754e-09	2.475254892e-10	-2.473988385e-10
1180.823	0.667	-0.712	1.364879637e-09	2.046903639e-10	-2.045871993e-10
1182.246	0.575	-0.756	1.293102195e-09	2.175178764e-10	-2.174327166e-10
1183.304	0.512	-0.484	1.888869411e-09	2.831270772e-10	-2.829921864e-10
1184.338	0.571	-0.521	1.673593713e-09	2.603983404e-10	-2.602888959e-10
1185.496	0.647	-0.586	1.504593618e-09	2.296426209e-10	-2.295488217e-10
1186.587	0.371	-0.444	2.309569713e-09	3.458556189e-10	-3.457189494e-10
1187.657	0.630	-0.700	1.393953033e-09	2.126794131e-10	-2.126002791e-10
1188.835	0.455	-0.547	1.881372372e-09	2.8182594e-10	-2.817055692e-10
1189.729	0.543	-0.439	1.893071862e-09	2.890486962e-10	-2.889211743e-10
1190.769	0.499	-0.497	1.866021102e-09	2.850521025e-10	-2.84917611e-10
1191.864	0.600	-0.596	1.577498901e-09	2.366408616e-10	-2.365193292e-10
1192.936	0.499	-0.472	1.830744399e-09	2.962850649e-10	-2.961538767e-10
1194.064	0.499	-0.629	1.576634598e-09	2.550191886e-10	-2.549124303e-10
1195.050	0.385	-0.487	2.163430995e-09	3.241791102e-10	-3.240320226e-10
1196.073	0.619	-0.638	1.49943321e-09	2.245694055e-10	-2.244776754e-10
1197.182	0.460	-0.490	1.928555475e-09	2.99809323e-10	-2.99708772e-10
1198.143	0.494	-0.500	1.869330936e-09	2.851400211e-10	-2.850417933e-10
1199.236	0.577	-0.599	1.605390369e-09	2.403656046e-10	-2.402749635e-10
1200.523	0.555	-0.710	1.495105161e-09	2.239008321e-10	-2.238112437e-10
1201.661	0.495	-0.583	1.754355405e-09	2.62773885e-10	-2.62663896e-10
1202.654	0.623	-0.498	1.687503147e-09	2.52832041e-10	-2.527199466e-10
1203.700	0.516	-0.423	1.98481503e-09	3.031482696e-10	-3.030082242e-10
1204.564	0.471	-0.348	2.245577532e-09	3.496865394e-10	-3.495223545e-10
1205.588	0.453	-0.553	1.824757077e-09	2.843369199e-10	-2.841986169e-10
1206.662	0.499	-0.620	1.69018608e-09	2.53865502e-10	-2.537329707e-10
1207.532	0.420	-0.371	2.354968671e-09	3.605311281e-10	-3.603532581e-10
1208.435	0.439	-0.483	1.993809807e-09	3.109154895e-10	-3.107647719e-10
1209.647	0.609	-0.773	1.367452581e-09	2.052706194e-10	-2.051626632e-10
1210.950	0.630	-0.693	1.423644618e-09	2.135697432e-10	-2.134597542e-10
1212.245	0.595	-0.665	1.453339107e-09	2.262526728e-10	-2.261493993e-10
1213.384	0.607	-0.544	1.637050503e-09	2.454216138e-10	-2.453021868e-10
1214.605	0.524	-0.614	1.66812294e-09	2.519508585e-10	-2.518298706e-10
1215.597	0.507	-0.467	1.932794952e-09	2.897655486e-10	-2.896241601e-10
1216.654	0.532	-0.550	1.617810414e-09	2.668233315e-10	-2.667156294e-10
1217.741	0.440	-0.555	1.867765317e-09	2.853101592e-10	-2.851758492e-10
1218.731	0.371	-0.551	2.044759398e-09	3.06548781e-10	-3.063993339e-10
1219.669	0.600	-0.567	1.614590967e-09	2.420533731e-10	-2.419356522e-10
1220.732	0.384	-0.462	2.189712195e-09	3.344685267e-10	-3.343122552e-10
1221.580	0.474	-0.464	1.887164037e-09	3.052294212e-10	-3.051025164e-10
1222.668	0.586	-0.615	1.562523699e-09	2.342266575e-10	-2.341140186e-10
1223.887	0.795	-0.632	1.277569425e-09	1.988314713e-10	-1.987441335e-10
1225.282	0.608	-0.600	1.553334717e-09	2.327891049e-10	-2.32681185e-10
1226.529	0.659	-0.640	1.444826757e-09	2.165003874e-10	-2.164020507e-10
1227.556	0.380	-0.367	2.511208953e-09	3.76258575e-10	-3.76090143e-10
1228.383	0.496	-0.447	1.961616789e-09	2.994462867e-10	-2.993194908e-10
1229.486	0.706	-0.607	1.408749639e-09	2.150282772e-10	-2.149390881e-10
1230.892	0.587	-0.701	1.415295255e-09	2.201276286e-10	-2.200421421e-10
1232.127	0.731	-0.648	1.345438083e-09	2.053218024e-10	-2.052407082e-10
1233.612	0.569	-0.753	1.383030726e-09	2.151349629e-10	-2.150491134e-10
1234.729	0.530	-0.548	1.720597494e-09	2.626955496e-10	-2.625809505e-10
1236.075	0.858	-0.816	1.108056411e-09	1.692293295e-10	-1.691516475e-10
1237.435	0.483	-0.503	1.90937637e-09	2.863148343e-10	-2.861720301e-10
1238.436	0.491	-0.518	1.785718242e-09	2.834866287e-10	-2.833563117e-10
1239.779	0.575	-0.852	1.318936179e-09	1.979854998e-10	-1.978813551e-10
1240.933	0.471	-0.579	1.716108636e-09	2.727280347e-10	-2.726005128e-10
1242.033	0.493	-0.629	1.676765607e-09	2.519809512e-10	-2.518526307e-10
1243.048	0.554	-0.522	1.699505016e-09	2.651203896e-10	-2.649944649e-10
1244.279	0.624	-0.677	1.447878135e-09	2.174361651e-10	-2.173220379e-10
1245.456	0.598	-0.553	1.635856233e-09	2.455248873e-10	-2.453959134e-10
1246.751	0.694	-0.697	1.314849888e-09	2.047831104e-10	-2.046857901e-10
1248.053	0.673	-0.608	1.449053529e-09	2.213677092e-10	-2.212625844e-10
1249.467	0.603	-0.740	1.401853002e-09	2.101095909e-10	-2.100106734e-10
1250.734	0.670	-0.665	1.370934114e-09	2.132917215e-10	-2.132032584e-10
1251.986	0.630	-0.582	1.554183411e-09	2.32804242e-10	-2.327055786e-10
1253.211	0.638	-0.595	1.566307248e-09	2.346584823e-10	-2.345556807e-10
1254.375	0.444	-0.526	1.972259223e-09	3.011932242e-10	-3.010563732e-10
1255.540	0.696	-0.722	1.329120507e-09	2.069419803e-10	-2.068462572e-10
1256.822	0.597	-0.586	1.616336634e-09	2.470892721e-10	-2.469657069e-10
1257.973	0.458	-0.554	1.861727175e-09	2.900775834e-10	-2.899365942e-10
1259.177	0.566	-0.746	1.437320643e-09	2.239021026e-10	-2.237942916e-10
1260.456	0.458	-0.713	1.657169052e-09	2.48575503e-10	-2.484481989e-10
1261.427	0.531	-0.514	1.831144425e-09	2.798085675e-10	-2.796723336e-10
1262.418	0.450	-0.460	2.068966416e-09	3.221199927e-10	-3.219714531e-10
1263.488	0.448	-0.620	1.762502577e-09	2.692470462e-10	-2.691194154e-10
1264.542	0.565	-0.606	1.581866517e-09	2.416284816e-10	-2.415152619e-10
1265.808	0.751	-0.701	1.294034742e-09	1.939757292e-10	-1.93882656e-10
1267.421	0.687	-0.863	1.177736076e-09	1.832902797e-10	-1.832100204e-10
1268.652	0.707	-0.543	1.535456967e-09	2.276495694e-10	-2.275397619e-10
1269.913	0.524	-0.555	1.717603833e-09	2.623102614e-10	-2.621906166e-10
1271.035	0.612	-0.598	1.5528414e-09	2.327533131e-10	-2.326427796e-10
1272.326	0.879	-0.679	1.205417004e-09	1.806903648e-10	-1.806037893e-10
1273.793	0.855	-0.588	1.303774395e-09	1.955108562e-10	-1.95413064e-10
1275.196	0.750	-0.548	1.413777552e-09	2.202189594e-10	-2.201133627e-10
1276.596	0.535	-0.649	1.572392943e-09	2.404630701e-10	-2.40341211e-10
1277.695	0.514	-0.563	1.755968214e-09	2.636071152e-10	-2.634682314e-10
1278.924	0.750	-0.716	1.289289969e-09	1.934322456e-10	-1.933322028e-10
1280.565	0.659	-0.891	1.202302464e-09	1.836479073e-10	-1.835621667e-10
1282.000	0.786	-0.777	1.192714908e-09	1.820795658e-10	-1.820018838e-10
1283.470	0.590	-0.684	1.483772301e-09	2.222542278e-10	-2.221603197e-10
1284.559	0.418	-0.500	2.055861027e-09	3.079335897e-10	-3.07804761e-10
1285.866	0.878	-0.888	1.048264866e-09	1.599757698e-10	-1.599121722e-10
1287.273	0.519	-0.528	1.792854822e-09	2.6851473e-10	-2.684048499e-10
1288.458	0.588	-0.666	1.476510486e-09	2.253661179e-10	-2.252731536e-10
1289.484	0.477	-0.437	2.02515885e-09	3.091854315e-10	-3.09051303e-10
1290.618	0.645	-0.657	1.401471489e-09	2.181096753e-10	-2.180142063e-10
1292.089	0.747	-0.826	1.177519365e-09	1.798913655e-10	-1.798056612e-10
1293.432	0.612	-0.596	1.555228125e-09	2.332351593e-10	-2.331176199e-10
1294.854	0.701	-0.810	1.208640081e-09	1.882197471e-10	-1.881309573e-10
1296.158	0.623	-0.603	1.428868551e-09	2.357627283e-10	-2.356629396e-10
1297.406	0.814	-0.625	1.310412576e-09	1.965794919e-10	-1.964782512e-10
1298.885	0.600	-0.665	1.491010884e-09	2.236806363e-10	-2.235651297e-10
1300.125	0.681	-0.641	1.426812519e-09	2.140546023e-10	-2.139439236e-10
1301.396	0.639	-0.589	1.514475204e-09	2.314978776e-10	-2.313824799e-10
1302.759	0.598	-0.725	1.363894818e-09	2.165259789e-10	-2.164262265e-10
1304.086	0.675	-0.729	1.305283749e-09	2.032671861e-10	-2.031714267e-10
1305.537	0.747	-0.775	1.220353002e-09	1.864387965e-10	-1.863497889e-10
1306.938	0.567	-0.654	1.541704923e-09	2.311134606e-10	-2.310018381e-10
1308.261	0.525	-0.756	1.406035488e-09	2.230661862e-10	-2.229702453e-10
1309.390	0.494	-0.604	1.665217488e-09	2.592167028e-10	-2.590994538e-10
1310.664	0.826	-0.781	1.171228212e-09	1.75609962e-10	-1.755232413e-10
1312.242	0.757	-0.752	1.211611599e-09	1.886434044e-10	-1.885561392e-10
1313.974	0.797	-0.975	1.001261085e-09	1.619165856e-10	-1.618511004e-10
1315.451	0.617	-0.680	1.40939832e-09	2.19245829e-10	-2.191575111e-10
1316.777	0.725	-0.709	1.29210939e-09	1.971573516e-10	-1.970822106e-10
1318.488	0.765	-0.986	1.056564135e-09	1.612090623e-10	-1.61148405e-10
1320.076	0.588	-0.823	1.330043979e-09	1.992096084e-10	-1.991271348e-10
1321.533	0.673	-0.869	1.216508832e-09	1.822445856e-10	-1.821654516e-10
1322.942	0.625	-0.736	1.359029529e-09	2.074939944e-10	-2.074033896e-10
1324.390	0.730	-0.823	1.190903175e-09	1.818721839e-10	-1.81789311e-10
1325.749	0.554	-0.629	1.563414138e-09	2.388222375e-10	-2.387096712e-10
1327.130	0.735	-0.827	1.166372724e-09	1.816090815e-10	-1.815246477e-10
1328.500	0.562	-0.635	1.563995301e-09	2.344968747e-10	-2.343813318e-10
1329.830	0.624	-0.767	1.345996014e-09	2.017415697e-10	-2.016463185e-10
1331.363	1.043	-0.909	9.59507373e-10	1.437569298e-10	-1.436933322e-10
1333.031	0.741	-0.625	1.370532636e-09	2.053010388e-10	-2.052134469e-10
1334.500	0.688	-0.728	1.322340756e-09	1.981154538e-10	-1.980280071e-10
1335.991	0.787	-0.803	1.169955534e-09	1.799218938e-10	-1.798440666e-10
1337.496	0.717	-0.717	1.287286572e-09	1.965686382e-10	-1.96480647e-10
1339.065	0.694	-0.852	1.213380498e-09	1.818276438e-10	-1.817444079e-10
1340.709	0.795	-0.951	1.059514236e-09	1.617504042e-10	-1.616808897e-10
1342.148	0.749	-0.644	1.308269061e-09	2.035144617e-10	-2.034323874e-10
1343.646	0.657	-0.749	1.296636726e-09	2.016487506e-10	-2.015727747e-10
1345.177	0.575	-0.875	1.293776286e-09	1.936950213e-10	-1.936236918e-10
1346.402	0.851	-0.649	1.232965437e-09	1.880415867e-10	-1.879804938e-10
1347.893	0.829	-0.640	1.258347849e-09	1.919136351e-10	-1.918512717e-10
1349.380	0.705	-0.658	1.381575459e-09	2.069176593e-10	-2.068332618e-10
1350.794	0.535	-0.709	1.515357657e-09	2.271132006e-10	-2.270069868e-10
1351.877	0.727	-0.549	1.477332681e-09	2.215507701e-10	-2.214395106e-10
1353.563	0.688	-0.959	1.127561127e-09	1.723246305e-10	-1.722397248e-10
1355.072	0.605	-0.821	1.303522836e-09	1.991754864e-10	-1.990789284e-10
1356.339	0.410	-0.663	1.731551745e-09	2.645330556e-10	-2.644069494e-10
1357.524	0.657	-0.775	1.259526147e-09	1.998410832e-10	-1.997540358e-10
1359.009	0.745	-0.828	1.16299392e-09	1.81033182e-10	-1.809515796e-10
1360.741	0.979	-0.987	9.54685644e-10	1.431194292e-10	-1.430500236e-10
1362.690	0.868	-0.970	1.006664703e-09	1.537567812e-10	-1.536853791e-10
1364.538	0.844	-0.980	1.01453055e-09	1.549393989e-10	-1.548686139e-10
1366.161	0.794	-0.779	1.142283681e-09	1.811844804e-10	-1.811090127e-10
1367.642	0.632	-0.688	1.421755929e-09	2.130547551e-10	-2.129571081e-10
1369.014	0.577	-0.740	1.425577956e-09	2.13602631e-10	-2.135066538e-10
1370.208	0.802	-0.617	1.300228974e-09	1.984860768e-10	-1.984018608e-10
1371.791	0.809	-0.780	1.141305033e-09	1.775299053e-10	-1.774593381e-10
1373.600	0.727	-1.000	1.08044772e-09	1.618191927e-10	-1.617528726e-10
1375.284	1.242	-0.957	8.48794188e-10	1.270998036e-10	-1.270502541e-10
1377.186	0.612	-0.660	1.467280848e-09	2.196675261e-10	-2.195869401e-10
1378.778	0.826	-0.980	1.018870941e-09	1.554440415e-10	-1.553870505e-10
1380.397	0.700	-0.793	1.233826473e-09	1.88277573e-10	-1.882043922e-10
1382.164	0.883	-1.067	9.6198267e-10	1.441009449e-10	-1.440395616e-10
1383.633	0.539	-0.587	1.618084479e-09	2.517087738e-10	-2.516073153e-10
1384.889	0.583	-0.716	1.403106441e-09	2.182755663e-10	-2.181868128e-10
1386.354	0.691	-0.882	1.192693128e-09	1.786941552e-10	-1.786150575e-10
1388.008	1.119	-0.964	8.74683348e-10	1.360841988e-10	-1.360277523e-10
1389.670	0.753	-0.543	1.427614749e-09	2.179570701e-10	-2.178625086e-10
1390.934	0.576	-0.511	1.7255931e-09	2.585677677e-10	-2.584506639e-10
1392.318	0.786	-0.809	1.163000091e-09	1.775716503e-10	-1.774935327e-10
1393.798	0.735	-0.694	1.279347036e-09	1.990886568e-10	-1.990025532e-10
1395.494	0.640	-0.962	1.174996878e-09	1.761307581e-10	-1.760463243e-10
1396.947	0.987	-0.813	1.044940149e-09	1.566565341e-10	-1.565801589e-10
1398.693	0.741	-0.758	1.236527556e-09	1.888405497e-10	-1.887544461e-10
1400.127	0.583	-0.693	1.474875534e-09	2.209819854e-10	-2.20883322e-10
1401.437	0.973	-0.728	1.074486534e-09	1.671237117e-10	-1.670585169e-10
1403.193	0.747	-0.783	1.2105324e-09	1.847406462e-10	-1.846670661e-10
1404.664	0.668	-0.724	1.312008687e-09	2.041067325e-10	-2.040234966e-10
1406.154	0.765	-0.822	1.184010531e-09	1.774396272e-10	-1.773574803e-10
1408.018	1.050	-1.099	8.74276788e-10	1.310560317e-10	-1.309930512e-10
1409.679	0.569	-0.611	1.547518005e-09	2.408656734e-10	-2.407584795e-10
1411.003	0.664	-0.756	1.304595501e-09	1.992505548e-10	-1.991587158e-10
1412.549	0.950	-0.882	1.010723406e-09	1.543643706e-10	-1.542934404e-10
1414.192	0.801	-0.692	1.204844553e-09	1.911338748e-10	-1.910524902e-10
1415.700	0.677	-0.707	1.357408008e-09	2.034661464e-10	-2.033691165e-10
1417.109	0.872	-0.733	1.170828186e-09	1.754945643e-10	-1.754111832e-10
1418.874	0.986	-0.893	9.85791477e-10	1.504849533e-10	-1.504212831e-10
1420.732	0.678	-0.872	1.19517387e-09	1.823489481e-10	-1.822813575e-10
1422.067	0.690	-0.657	1.395061998e-09	2.088190896e-10	-2.087469252e-10
1423.478	0.729	-0.721	1.295195253e-09	1.938836724e-10	-1.938150654e-10
1424.994	0.706	-0.787	1.221445995e-09	1.899276984e-10	-1.898590188e-10
1426.430	0.586	-0.730	1.364507562e-09	2.163272727e-10	-2.162459244e-10
1427.799	0.770	-0.783	1.208357667e-09	1.810449795e-10	-1.809644661e-10
1429.652	1.038	-1.083	8.34468393e-10	1.34922381e-10	-1.348692741e-10
1431.685	0.917	-0.995	9.67299894e-10	1.477200549e-10	-1.476530088e-10
1433.506	0.877	-0.904	1.053843087e-09	1.579479429e-10	-1.578736731e-10
1435.367	0.925	-0.984	9.83190945e-10	1.473357468e-10	-1.472681199e-10
1437.051	0.739	-0.759	1.217176389e-09	1.893720543e-10	-1.892933196e-10
1438.291	0.725	-0.501	1.531165218e-09	2.294092119e-10	-2.293073178e-10
1439.935	0.821	-0.919	1.032545514e-09	1.637318397e-10	-1.63667262e-10
1441.805	0.853	-1.049	9.8686995e-10	1.478513883e-10	-1.47786375e-10
1443.589	0.862	-0.931	1.031671047e-09	1.575013803e-10	-1.574335356e-10
1445.169	0.675	-0.718	1.326337023e-09	2.025157761e-10	-2.024262603e-10
1446.970	1.029	-1.126	8.19797748e-10	1.32569052e-10	-1.325155095e-10
1448.814	0.622	-0.815	1.265848881e-09	1.969858341e-10	-1.969007832e-10
1450.537	1.054	-1.101	8.44603716e-10	1.314145305e-10	-1.313592093e-10
1452.392	0.877	-0.801	1.084629843e-09	1.687471203e-10	-1.686772065e-10
1454.199	0.850	-0.931	1.036803867e-09	1.583389302e-10	-1.582667658e-10
1455.859	0.667	-0.810	1.254077154e-09	1.916001483e-10	-1.915082367e-10
1457.378	0.761	-0.852	1.11601446e-09	1.771561605e-10	-1.770751389e-10
1458.940	0.910	-0.800	1.100399652e-09	1.650395472e-10	-1.649558031e-10
1460.880	0.910	-1.031	9.69289497e-10	1.453283931e-10	-1.452568458e-10
1462.634	0.729	-0.843	1.179197514e-09	1.80097368e-10	-1.800144588e-10
1464.464	0.808	-1.101	9.71478387e-10	1.483480086e-10	-1.482813618e-10
1466.503	0.691	-1.231	9.36886302e-10	1.485813087e-10	-1.485212322e-10
1467.889	0.933	-0.695	1.155033693e-09	1.730669655e-10	-1.72989102e-10
1469.881	0.726	-1.060	1.052657166e-09	1.577480388e-10	-1.576754388e-10
1471.489	0.953	-0.881	1.025085501e-09	1.536349221e-10	-1.535629029e-10
1473.655	0.815	-1.213	9.13844877e-10	1.395147303e-10	-1.394545812e-10
1475.537	0.903	-1.067	9.27462822e-10	1.442317338e-10	-1.441778646e-10
1477.699	1.251	-1.259	7.38729684e-10	1.12695528e-10	-1.126551987e-10
1479.720	0.885	-0.770	1.137156669e-09	1.70328312e-10	-1.702569825e-10
1482.037	1.346	-1.433	6.67397643e-10	1.019161704e-10	-1.018702872e-10
1484.048	0.966	-0.664	1.039248309e-09	1.782589908e-10	-1.781960103e-10
1486.000	0.853	-0.987	9.93606141e-10	1.545597009e-10	-1.54497882e-10
1487.983	1.059	-1.130	8.47196262e-10	1.292976234e-10	-1.292455692e-10
1490.132	1.183	-1.091	8.2696119e-10	1.238978532e-10	-1.238430765e-10
1492.711	1.232	-1.396	6.84922194e-10	1.086293835e-10	-1.08584916e-10
1494.914	0.935	-0.971	9.72711498e-10	1.4845974e-10	-1.483993731e-10
1496.709	0.834	-0.861	1.108969719e-09	1.660499577e-10	-1.659861786e-10
1498.416	0.946	-0.872	1.002757734e-09	1.559096616e-10	-1.558547034e-10
1500.499	1.072	-1.137	8.36041272e-10	1.275803067e-10	-1.275303579e-10
1502.616	1.066	-1.044	8.7550155e-10	1.336387041e-10	-1.335829473e-10
1504.678	1.051	-0.997	8.89075209e-10	1.383510975e-10	-1.382916018e-10
1506.763	1.071	-1.033	8.90426658e-10	1.334997114e-10	-1.334342262e-10
1508.697	1.139	-0.862	9.36209307e-10	1.403564184e-10	-1.402879929e-10
1510.810	1.201	-0.975	8.36358171e-10	1.301497296e-10	-1.300936098e-10
1513.283	0.981	-1.271	8.19808638e-10	1.251463554e-10	-1.250933574e-10
1515.396	0.803	-1.133	9.67743117e-10	1.449608556e-10	-1.448993634e-10
1517.370	1.224	-1.170	7.59932514e-10	1.181875728e-10	-1.181424882e-10
1519.605	1.185	-1.011	8.42682357e-10	1.285989936e-10	-1.28548101e-10
1521.636	0.771	-0.846	1.162661775e-09	1.741370169e-10	-1.740651792e-10
1523.654	1.475	-1.248	6.80907777e-10	1.039296951e-10	-1.038868611e-10
1526.186	0.912	-1.057	9.54701616e-10	1.430607321e-10	-1.42995501e-10
1528.308	1.276	-1.209	7.2414507e-10	1.148609319e-10	-1.148131248e-10
1530.770	1.184	-1.186	7.92856977e-10	1.188172689e-10	-1.187624196e-10
1533.239	1.172	-1.285	7.64414112e-10	1.145544147e-10	-1.145015619e-10
1535.236	1.115	-0.826	9.67595739e-10	1.450192986e-10	-1.449512361e-10
1537.548	1.266	-1.197	7.62755565e-10	1.143245631e-10	-1.142705124e-10
1540.209	1.119	-1.394	7.35901188e-10	1.123523478e-10	-1.123035969e-10
1542.950	1.484	-1.622	5.07309198e-10	9.44063901e-11	-9.43804356e-11
1545.769	1.229	-1.335	7.18707693e-10	1.096716654e-10	-1.096290855e-10
1548.238	1.520	-1.240	6.67730877e-10	1.018906515e-10	-1.018513386e-10
1550.921	1.003	-1.164	8.62596174e-10	1.292166018e-10	-1.291612443e-10
1553.316	1.044	-1.392	7.3457769e-10	1.16476536e-10	-1.164311247e-10
1555.555	1.072	-1.195	8.24657229e-10	1.235191353e-10	-1.23467553e-10
1558.052	1.865	-1.425	5.51985786e-10	8.58463419e-11	-8.58136719e-11
1561.081	1.155	-1.165	8.05683219e-10	1.207008033e-10	-1.206482409e-10
1563.285	0.985	-1.048	8.99622537e-10	1.399809675e-10	-1.39921617e-10
1565.436	1.257	-1.167	7.66458165e-10	1.170636885e-10	-1.170096015e-10
1568.078	1.680	-1.385	6.05875314e-10	9.25586475e-11	-9.25146156e-11
1570.936	1.029	-1.177	8.41875771e-10	1.285918062e-10	-1.28531766e-10
1573.285	1.669	-1.320	6.19925592e-10	9.46710171e-11	-9.46280742e-11
1575.885	1.217	-0.932	8.60204367e-10	1.313266482e-10	-1.31269875e-10
1578.236	1.130	-1.134	7.93289673e-10	1.257816417e-10	-1.257329997e-10
1580.698	0.875	-1.333	8.13095316e-10	1.289170542e-10	-1.288676499e-10
1582.772	1.442	-1.198	7.1048175e-10	1.064349759e-10	-1.063889112e-10
1585.190	1.628	-0.977	7.10754726e-10	1.085175432e-10	-1.084700628e-10
1588.495	1.618	-1.677	5.45580651e-10	8.65538289e-11	-8.65167303e-11
1591.395	1.184	-1.282	7.18147584e-10	1.161747015e-10	-1.161252246e-10
1593.864	1.247	-1.285	7.42044237e-10	1.112347797e-10	-1.111813461e-10
1596.135	1.055	-1.024	9.03793044e-10	1.354066593e-10	-1.353470547e-10
1598.529	1.325	-1.338	6.95692041e-10	1.061912577e-10	-1.06147008e-10
1600.941	0.774	-1.087	1.010076177e-09	1.513828701e-10	-1.513120851e-10
1602.583	1.153	-0.868	8.90239713e-10	1.412379276e-10	-1.411770162e-10
1605.413	1.808	-1.677	5.24029704e-10	8.15609817e-11	-8.15248632e-11
1608.662	1.589	-1.441	5.94057849e-10	9.42325494e-11	-9.41929461e-11
1611.387	1.134	-1.136	7.92842457e-10	1.257632376e-10	-1.257104574e-10
1614.251	1.405	-1.730	5.91276543e-10	9.02934186e-11	-9.02526174e-11
1616.796	1.168	-1.140	7.87732143e-10	1.225877136e-10	-1.225344978e-10
1619.894	1.435	-1.931	4.60540641e-10	8.75402451e-11	-8.75161782e-11
1622.797	1.111	-1.467	7.15194942e-10	1.091530473e-10	-1.091089428e-10
1625.393	1.284	-1.486	6.75621408e-10	1.012181577e-10	-1.011738717e-10
1628.098	1.503	-1.420	5.5218471e-10	1.006691202e-10	-1.006377933e-10
1630.820	1.349	-1.219	6.91495035e-10	1.118503914e-10	-1.118034555e-10
1633.411	1.461	-1.243	6.96191166e-10	1.043913222e-10	-1.043394495e-10
1636.176	1.550	-1.304	6.40812249e-10	9.97387149e-11	-9.96944289e-11
1639.715	1.859	-1.989	4.81433832e-10	7.35277191e-11	-7.34939601e-11
1642.961	1.766	-1.387	5.96170146e-10	8.93614161e-11	-8.93188725e-11
1645.967	1.322	-1.240	7.02218418e-10	1.113355848e-10	-1.112931138e-10
1648.889	1.558	-1.600	5.96411904e-10	8.93501268e-11	-8.93112495e-11
1652.251	1.375	-1.804	5.75683152e-10	8.96285478e-11	-8.9587311e-11
1655.429	1.510	-1.803	5.60612844e-10	8.56464378e-11	-8.56056003e-11
1659.079	1.864	-2.140	4.56782139e-10	7.1108796e-11	-7.10764164e-11
1662.437	1.211	-1.494	6.96123648e-10	1.04373753e-10	-1.043222433e-10
1665.217	1.664	-1.569	5.7403731e-10	8.7659418e-11	-8.76199236e-11
1668.820	2.290	-1.939	4.260168e-10	6.75645366e-11	-6.75370575e-11
1672.714	1.212	-1.604	5.82359448e-10	1.040291934e-10	-1.039940913e-10
1675.351	1.213	-1.426	6.92841039e-10	1.078119801e-10	-1.077658065e-10
1678.288	1.413	-1.724	5.99924655e-10	8.98921584e-11	-8.98516476e-11
1681.538	1.993	-1.837	4.55980272e-10	7.51873551e-11	-7.5158061e-11
1684.558	1.288	-1.027	7.61038938e-10	1.262858124e-10	-1.262360814e-10
1687.228	1.513	-1.382	6.21919914e-10	9.8666304e-11	-9.86239419e-11
1690.009	1.655	-1.268	6.33515586e-10	9.66889704e-11	-9.66498753e-11
1693.440	1.859	-1.776	4.93372902e-10	7.81827948e-11	-7.81572033e-11
1696.914	1.516	-1.615	5.38569669e-10	9.23495958e-11	-9.23194668e-11
1700.761	1.584	-2.331	4.4938311e-10	7.27547106e-11	-7.27224036e-11
1704.319	1.425	-1.973	5.30923437e-10	8.26723788e-11	-8.26346994e-11
1707.352	1.356	-1.608	6.17620542e-10	9.41954871e-11	-9.41649225e-11
1710.660	1.486	-1.953	5.16902199e-10	8.1898971e-11	-8.18736336e-11
4983.782	9.615	-7.937	8.03728827e-10	1.480103097e-10	-1.480103097e-10
5002.906	8.041	-9.510	9.11933682e-10	1.575886092e-10	-1.575886092e-10
5018.581	9.918	-7.633	8.8711392e-10	1.557770214e-10	-1.557770214e-10
5033.748	4.780	-5.249	1.511064456e-09	2.688030246e-10	-2.688030246e-10
5047.789	8.291	-9.261	9.65607588e-10	1.619642112e-10	-1.619642112e-10
5066.662	9.475	-10.583	8.38124529e-10	1.416000201e-10	-1.416000201e-10
5082.874	8.307	-6.737	9.96038967e-10	1.776646509e-10	-1.776646509e-10
5101.243	9.998	-10.061	8.22175761e-10	1.404654636e-10	-1.404654636e-10
5121.076	10.222	-9.836	7.77375027e-10	1.367460204e-10	-1.367460204e-10
5143.760	10.104	-12.461	7.50584538e-10	1.265046651e-10	-1.265046651e-10
5164.552	11.878	-10.688	7.11297411e-10	1.234404006e-10	-1.234404006e-10
5185.596	8.386	-9.165	8.63259738e-10	1.534271772e-10	-1.534271772e-10
5205.033	9.006	-11.052	7.69529508e-10	1.359612507e-10	-1.359612507e-10
5224.401	9.698	-10.361	7.08778191e-10	1.299000945e-10	-1.299000945e-10
5240.678	8.464	-6.580	1.004623554e-09	1.788732594e-10	-1.788732594e-10
5256.913	9.781	-7.771	8.06266923e-10	1.484777448e-10	-1.484777448e-10
5281.105	10.661	-14.412	6.7989537e-10	1.143150525e-10	-1.143150525e-10
5301.209	8.109	-9.442	8.01450639e-10	1.490236968e-10	-1.490236968e-10
5323.261	8.623	-13.943	6.69090312e-10	1.196701737e-10	-1.196701737e-10
5340.489	8.945	-8.606	7.99731471e-10	1.484158533e-10	-1.484158533e-10
5360.130	9.364	-10.695	7.06325763e-10	1.303237518e-10	-1.303237518e-10
5379.480	7.564	-9.987	8.36512083e-10	1.515001554e-10	-1.515001554e-10
5404.670	17.477	-17.625	3.98801238e-10	7.44430962e-11	-7.44430962e-11
5440.181	19.575	-18.034	4.11905538e-10	7.26481338e-11	-7.26481338e-11
5475.241	12.096	-15.485	5.29033296e-10	9.61707879e-11	-9.61707879e-11
5505.334	14.597	-17.998	3.15885867e-10	6.86865333e-11	-6.86865333e-11
5535.755	11.757	-15.823	5.51761089e-10	9.78885402e-11	-9.78885402e-11
5559.126	10.953	-11.613	6.29650362e-10	1.156193841e-10	-1.156193841e-10
5590.921	19.274	-20.843	2.584483407e-10	5.56074981e-11	-5.56074981e-11
5628.337	14.454	-18.141	3.318789573e-10	7.01613297e-11	-7.01613297e-11
5662.303	15.590	-19.513	2.806091277e-10	6.22513782e-11	-6.22513782e-11
5692.971	12.502	-15.078	5.33723619e-10	9.63039363e-11	-9.63039363e-11
5722.597	20.485	-17.124	3.7647456e-10	6.93961983e-11	-6.93961983e-11
5764.727	13.458	-21.645	2.94134907e-10	6.35358537e-11	-6.35358537e-11
5794.102	11.663	-15.917	3.417736839e-10	7.70844294e-11	-7.70844294e-11
5824.726	18.649	-18.961	3.72854361e-10	6.93294426e-11	-6.93294426e-11
5858.070	17.900	-14.695	4.78694997e-10	8.39119875e-11	-8.39119875e-11
5892.259	21.321	-16.289	3.78377406e-10	6.95461899e-11	-6.95461899e-11
5930.184	15.991	-16.604	3.474971775e-10	7.18748349e-11	-7.18748349e-11
5962.063	14.199	-15.888	4.87464714e-10	8.82844314e-11	-8.82844314e-11
5988.960	17.390	-12.698	4.71273099e-10	8.70381798e-11	-8.70381798e-11
6020.969	15.469	-14.619	4.68268548e-10	8.69022726e-11	-8.69022726e-11
6054.298	12.228	-17.860	5.04114072e-10	8.99194197e-11	-8.99194197e-11
6082.570	21.565	-16.044	3.87994002e-10	7.07299692e-11	-7.07299692e-11
6122.338	14.393	-18.202	3.022108584e-10	6.71365233e-11	-6.71365233e-11
6154.036	17.797	-17.306	4.32549711e-10	7.68770475e-11	-7.68770475e-11
6186.619	15.302	-14.786	3.138491103e-10	7.08885276e-11	-7.08885276e-11
6221.052	20.986	-19.131	3.547018926e-10	6.51945822e-11	-6.51945822e-11
6255.904	18.728	-13.867	4.37261814e-10	8.03691438e-11	-8.03691438e-11
6293.094	16.641	-18.462	4.05963591e-10	7.46165013e-11	-7.46165013e-11
6324.650	15.173	-14.915	3.129737358e-10	7.08956061e-11	-7.08956061e-11
6355.864	16.553	-16.042	2.86013871e-10	6.53565528e-11	-6.53565528e-11
6385.869	16.637	-13.451	4.69861029e-10	8.67773643e-11	-8.67773643e-11
6415.812	14.273	-13.307	3.583905171e-10	7.91778504e-11	-7.91778504e-11
6447.508	15.173	-17.422	4.4991309e-10	8.13321102e-11	-8.13321102e-11
6474.196	11.050	-11.515	6.74671074e-10	1.19694168e-10	-1.19694168e-10
6500.938	16.904	-15.691	3.015730674e-10	6.7087845e-11	-6.7087845e-11
6529.849	20.588	-12.007	3.497821536e-10	7.18270641e-11	-7.18270641e-11
6576.754	16.307	-26.317	2.320906203e-10	5.12043081e-11	-5.12043081e-11
6615.433	22.760	-22.372	2.177938653e-10	4.8450336e-11	-4.8450336e-11
6655.789	20.014	-17.596	3.141114867e-10	6.36230463e-11	-6.36230463e-11
6691.525	16.873	-15.722	3.180579138e-10	6.87940539e-11	-6.87940539e-11
6726.628	16.872	-18.231	4.14734034e-10	7.5604551e-11	-7.5604551e-11
6757.769	18.326	-14.269	4.45195542e-10	8.15393106e-11	-8.15393106e-11
6792.218	16.472	-16.123	4.35138264e-10	8.02098231e-11	-8.02098231e-11
6824.765	16.520	-16.075	3.308999463e-10	7.02199179e-11	-7.02199179e-11
6860.713	13.167	-19.428	3.457440327e-10	7.16853489e-11	-7.16853489e-11
6886.937	14.524	-13.057	5.30275119e-10	9.62168163e-11	-9.62168163e-11
6918.510	18.054	-17.049	4.43254218e-10	7.81770594e-11	-7.81770594e-11
6949.973	19.185	-13.410	2.879924388e-10	6.56169327e-11	-6.56169327e-11
6981.063	13.168	-11.905	6.05014278e-10	1.07722791e-10	-1.07722791e-10
7010.104	19.230	-15.872	4.020951e-10	7.44773271e-11	-7.44773271e-11
7047.569	11.853	-18.235	4.84691757e-10	8.81924835e-11	-8.81924835e-11
7073.540	15.969	-14.118	4.71745362e-10	8.68740312e-11	-8.68740312e-11
7109.636	19.990	-20.127	3.74122683e-10	6.72176175e-11	-6.72176175e-11
7145.081	17.140	-15.455	4.32043689e-10	7.99471926e-11	-7.99471926e-11
7179.881	12.428	-17.659	5.15909031e-10	9.09114624e-11	-9.09114624e-11
7205.719	14.171	-13.409	3.408523173e-10	7.74350511e-11	-7.74350511e-11
7229.290	8.151	-9.401	8.63400219e-10	1.537284309e-10	-1.537284309e-10
7250.099	17.430	-12.658	3.110655537e-10	7.08739713e-11	-7.08739713e-11
7277.919	12.176	-10.390	6.50264043e-10	1.174410996e-10	-1.174410996e-10
7306.803	18.382	-16.708	5.64199284e-10	8.77149933e-11	-8.77149933e-11
10740.396	12.304	-12.769	6.85513158e-10	1.221327657e-10	-1.221327657e-10
10767.019	13.261	-14.319	6.3567834e-10	1.120661223e-10	-1.120661223e-10
10795.846	17.030	-15.565	5.00777013e-10	9.14929158e-11	-9.14929158e-11
10827.795	12.661	-14.920	5.98384446e-10	1.08440442e-10	-1.08440442e-10
10850.066	10.449	-9.610	7.98756453e-10	1.466434695e-10	-1.466434695e-10
10877.375	10.720	-16.860	5.90987232e-10	1.075840887e-10	-1.075840887e-10
10905.092	18.105	-16.997	4.78165017e-10	8.57887701e-11	-8.57887701e-11
10938.238	15.047	-15.040	5.62402797e-10	1.001990715e-10	-1.001990715e-10
10967.935	12.931	-14.650	6.15831315e-10	1.096225878e-10	-1.096225878e-10
11001.856	21.634	-20.990	3.94353399e-10	7.06280388e-11	-7.06280388e-11
11043.763	19.844	-20.273	4.49166399e-10	7.80471417e-11	-7.80471417e-11
11079.982	13.712	-16.375	5.49285792e-10	9.90967131e-11	-9.90967131e-11
11109.986	21.318	-16.292	4.50044496e-10	8.05317315e-11	-8.05317315e-11
11150.266	16.141	-18.962	4.6494129e-10	8.47150887e-11	-8.47150887e-11
11184.400	12.095	-17.993	5.43762021e-10	9.89871234e-11	-9.89871234e-11
11206.678	9.874	-10.184	8.44335822e-10	1.508230878e-10	-1.508230878e-10
11229.086	17.554	-12.534	5.23278657e-10	9.71491092e-11	-9.71491092e-11
11262.124	19.619	-15.483	4.65572184e-10	8.49068616e-11	-8.49068616e-11
11291.854	12.455	-10.111	7.05176142e-10	1.298241186e-10	-1.298241186e-10
11317.392	11.990	-13.083	6.75518679e-10	1.207728588e-10	-1.207728588e-10
11343.625	15.844	-14.243	5.80856991e-10	1.020550179e-10	-1.020550179e-10
11378.268	18.811	-18.799	4.2122883e-10	7.76210886e-11	-7.76210886e-11
11416.713	20.483	-19.634	4.35446451e-10	7.66364511e-11	-7.66364511e-11
11458.178	19.135	-20.982	4.06318242e-10	7.38998667e-11	-7.38998667e-11
11496.568	18.354	-19.255	4.6379421e-10	8.18334858e-11	-8.18334858e-11
11522.969	6.997	-8.047	1.099146939e-09	1.984750779e-10	-1.984750779e-10
11544.562	15.492	-14.596	5.39825649e-10	9.8716761e-11	-9.8716761e-11
11581.364	13.793	-21.310	4.50376641e-10	8.33800836e-11	-8.33800836e-11
11611.763	15.989	-16.606	5.17152669e-10	9.2621265e-11	-9.2621265e-11
11639.893	15.438	-12.142	6.13652952e-10	1.096163805e-10	-1.096163805e-10
11667.524	10.373	-12.193	7.71327447e-10	1.3563495e-10	-1.3563495e-10
11695.570	17.430	-17.672	2.982194919e-10	6.82889394e-11	-6.82889394e-11
11726.221	19.374	-13.221	5.03886834e-10	9.13976646e-11	-9.13976646e-11
11763.560	17.137	-17.965	4.53076998e-10	8.36455092e-11	-8.36455092e-11
11795.698	12.579	-15.001	5.97495822e-10	1.081820586e-10	-1.081820586e-10
11825.490	15.383	-17.212	4.89781743e-10	9.02535249e-11	-9.02535249e-11
11862.503	15.979	-21.631	4.35680586e-10	7.90260801e-11	-7.90260801e-11
11894.776	18.809	-16.293	4.82613945e-10	8.65111038e-11	-8.65111038e-11
11928.747	14.925	-15.162	5.46863856e-10	9.91930896e-11	-9.91930896e-11
11959.465	16.803	-15.792	4.87995057e-10	8.99242839e-11	-8.99242839e-11
11995.461	13.402	-19.193	5.2284342e-10	9.29891655e-11	-9.29891655e-11
12023.653	15.297	-14.791	5.29559646e-10	9.76744065e-11	-9.76744065e-11
12054.304	14.734	-15.354	5.65669071e-10	1.008689154e-10	-1.008689154e-10
12089.246	22.416	-20.208	3.94035048e-10	7.05710841e-11	-7.05710841e-11
12133.735	15.537	-22.073	5.08818189e-10	8.54596017e-11	-8.54596017e-11
12170.162	14.212	-20.890	4.55182761e-10	8.35668834e-11	-8.35668834e-11
12206.006	13.470	-21.632	4.64609508e-10	8.47313148e-11	-8.47313148e-11
12234.404	17.668	-14.927	3.555437985e-10	7.65722727e-11	-7.65722727e-11
12271.193	23.503	-19.121	3.86298792e-10	7.00058931e-11	-7.00058931e-11
12312.869	16.929	-18.173	3.009010818e-10	6.81314337e-11	-6.81314337e-11
12345.627	24.288	-15.829	3.550965462e-10	6.91887801e-11	-6.91887801e-11
12385.709	16.802	-15.793	3.252149307e-10	7.34310522e-11	-7.34310522e-11
12425.694	24.455	-23.184	2.190605901e-10	5.00915316e-11	-5.00915316e-11
12468.323	14.421	-18.174	3.2381052e-10	7.33186674e-11	-7.33186674e-11
12516.830	26.090	-34.085	1.749150348e-10	3.96605814e-11	-3.96605814e-11
12563.337	19.700	-20.417	4.09711203e-10	7.42487097e-11	-7.42487097e-11
12603.940	16.707	-20.903	4.34398107e-10	7.89356568e-11	-7.89356568e-11
12639.075	24.196	-18.428	3.348016518e-10	6.53021391e-11	-6.53021391e-11
12689.950	15.946	-26.679	2.604780189e-10	5.76764529e-11	-5.76764529e-11
12721.948	14.035	-16.053	5.41764795e-10	9.86235426e-11	-9.86235426e-11
12750.146	18.432	-14.163	3.257204808e-10	7.32384444e-11	-7.32384444e-11
12786.425	14.748	-17.847	3.407987748e-10	7.52603907e-11	-7.52603907e-11
12816.753	17.016	-15.579	3.40391634e-10	7.53713598e-11	-7.53713598e-11
12853.572	15.299	-19.804	3.033973239e-10	6.84093102e-11	-6.84093102e-11
12885.393	16.073	-16.522	3.547509339e-10	7.66936236e-11	-7.66936236e-11
12920.268	16.301	-18.802	3.003036564e-10	6.80914674e-11	-6.80914674e-11
12954.319	14.844	-17.751	5.04462915e-10	9.15846822e-11	-9.15846822e-11
12983.813	15.439	-14.649	5.63624655e-10	1.002421596e-10	-1.002421596e-10
13017.047	24.829	-17.796	3.71462619e-10	6.87703863e-11	-6.87703863e-11
13050.399	11.535	-8.524	7.955508e-10	1.457846841e-10	-1.457846841e-10
13077.663	16.867	-15.728	5.03211291e-10	9.1522464e-11	-9.1522464e-11
13116.628	18.006	-22.099	5.00748336e-10	8.20682742e-11	-8.20682742e-11
16533.787	10.958	-11.608	2.021066025e-10	4.22690631e-11	-4.22690631e-11
16553.770	11.033	-9.025	1.966579362e-10	4.41264252e-11	-4.41264252e-11
16577.679	17.212	-12.876	1.438714926e-10	3.086731296e-11	-3.086731296e-11
16607.127	12.837	-12.236	1.658708172e-10	3.63754314e-11	-3.63754314e-11
16633.377	14.167	-13.413	1.422611883e-10	3.214354473e-11	-3.214354473e-11
16665.469	17.178	-17.925	1.109918964e-10	2.5034658e-11	-2.5034658e-11
16691.297	8.902	-8.649	2.214898224e-10	4.99579113e-11	-4.99579113e-11
16716.153	9.118	-15.955	1.707798114e-10	3.66983925e-11	-3.66983925e-11
16738.821	11.523	-13.550	1.635153828e-10	3.603752559e-11	-3.603752559e-11
16762.462	10.448	-12.117	1.828983849e-10	4.00434012e-11	-4.00434012e-11
16779.805	8.149	-6.894	2.593378722e-10	5.80900188e-11	-5.80900188e-11
16794.222	8.776	-6.268	2.854186962e-10	6.15274473e-11	-6.15274473e-11
16812.149	8.400	-9.151	2.240849094e-10	5.03678109e-11	-5.03678109e-11
16828.011	10.090	-7.461	2.346865785e-10	5.13818151e-11	-5.13818151e-11
16844.368	6.269	-6.268	3.119613651e-10	7.02418068e-11	-7.02418068e-11
16856.529	6.645	-5.892	3.14550753e-10	7.03356786e-11	-7.03356786e-11
16869.768	5.942	-6.595	3.569550699e-10	7.4993259e-11	-7.4993259e-11
16883.231	10.030	-7.521	2.230230255e-10	5.00422725e-11	-5.00422725e-11
16900.833	7.472	-7.571	3.270431076e-10	6.54991029e-11	-6.54991029e-11
16917.199	8.657	-8.894	2.329879563e-10	5.11787892e-11	-5.11787892e-11
16937.242	11.180	-11.386	2.066483496e-10	4.23647862e-11	-4.23647862e-11
16959.222	6.751	-10.800	2.894909391e-10	5.69250792e-11	-5.69250792e-11
16973.996	7.021	-8.023	2.600692446e-10	5.8456068e-11	-5.8456068e-11
16992.926	8.150	-11.909	1.938437061e-10	4.38750114e-11	-4.38750114e-11
17013.074	10.568	-11.998	1.815034848e-10	4.01352402e-11	-4.01352402e-11
17029.533	6.645	-5.892	3.105769194e-10	7.00518489e-11	-7.00518489e-11
17048.296	10.448	-12.118	1.81929792e-10	4.029663e-11	-4.029663e-11
17066.641	7.146	-7.898	2.58214968e-10	5.80392714e-11	-5.80392714e-11
17083.702	7.637	-9.915	2.455398429e-10	5.2680012e-11	-5.2680012e-11
17103.247	10.657	-11.908	1.735687404e-10	3.88782801e-11	-3.88782801e-11
17127.096	16.897	-13.191	1.349309841e-10	2.963930937e-11	-2.963930937e-11
17165.187	13.907	-21.195	1.218841833e-10	2.623284477e-11	-2.623284477e-11
17190.494	16.181	-11.400	1.49379219e-10	3.281305104e-11	-3.281305104e-11
17223.925	12.837	-17.251	1.362690384e-10	2.998285983e-11	-2.998285983e-11
17249.119	12.717	-12.356	1.637947113e-10	3.586088253e-11	-3.586088253e-11
17275.499	11.410	-13.663	1.556296071e-10	3.504185289e-11	-3.504185289e-11
17296.280	13.194	-9.371	1.825899801e-10	3.99758832e-11	-3.99758832e-11
17320.528	11.512	-11.054	1.915951389e-10	4.09124595e-11	-4.09124595e-11
17340.565	11.534	-8.524	1.939483953e-10	4.37458197e-11	-4.37458197e-11
17361.751	7.899	-9.653	2.225790765e-10	5.00293497e-11	-5.00293497e-11
17386.542	15.703	-16.892	1.264006293e-10	2.767389306e-11	-2.767389306e-11
17428.689	23.702	-26.444	7.78441158e-11	1.761941379e-11	-1.761941379e-11
17479.841	22.696	-27.450	7.75640613e-11	1.746447087e-11	-1.746447087e-11
17537.630	27.590	-35.093	6.23034687e-11	1.400401728e-11	-1.400401728e-11
17644.658	81.030	-79.438	2.422849308e-11	5.48393175e-12	-5.48393175e-12
17833.160	80.577	-107.472	1.497312564e-11	3.396476292e-12	-3.396476292e-12
17945.319	31.100	-31.583	1.290284589e-11	2.912414703e-12	-2.912414703e-12
18024.289	42.393	-47.870	9.00533304e-12	2.021218848e-12	-2.021218848e-12
18133.207	58.842	-66.524	6.38474529e-12	1.457672601e-12	-1.457672601e-12
18267.027	67.938	-74.979	5.94667326e-12	1.318822197e-12	-1.318822197e-12
18387.200	88.175	-52.235	5.77495974e-12	1.310944371e-12	-1.310944371e-12
18652.682	268.989	-177.307	3.053315331e-12	5.34822783e-13	-5.34822783e-13
22240.367	24.183	-20.949	3.382114923e-11	7.38941676e-12	-7.38941676e-12
22279.843	17.303	-15.292	4.40446413e-11	9.89953998e-12	-9.89953998e-12
22311.059	18.681	-13.914	4.41508188e-11	9.93622476e-12	-9.93622476e-12
22352.244	17.613	-22.504	3.74541222e-11	8.23358052e-12	-8.23358052e-12
22388.888	16.072	-19.030	4.50825672e-11	9.62287227e-12	-9.62287227e-12
22427.148	12.914	-22.188	4.16088387e-11	9.34000089e-12	-9.34000089e-12
22481.551	31.223	-41.489	1.952837997e-11	4.4234817e-12	-4.4234817e-12
22544.738	20.690	-31.964	2.729961102e-11	6.14382945e-12	-6.14382945e-12
22597.392	23.197	-31.964	2.62974987e-11	5.88786e-12	-5.88786e-12
22657.563	35.738	-36.974	1.992650385e-11	4.496118e-12	-4.496118e-12
22733.409	32.604	-40.108	1.965584379e-11	4.44080406e-12	-4.44080406e-12
22812.632	38.629	-46.619	1.688642604e-11	3.7954191e-12	-3.7954191e-12
22888.111	30.849	-36.849	2.114731278e-11	4.77157692e-12	-4.77157692e-12
22942.397	29.216	-23.438	1.923280359e-11	4.31188824e-12	-4.31188824e-12
23018.703	30.637	-47.090	1.113933744e-11	2.449143213e-12	-2.449143213e-12
23087.954	31.591	-38.614	1.237407105e-11	2.710392498e-12	-2.710392498e-12
23154.263	32.979	-34.719	1.230735528e-11	2.759240682e-12	-2.759240682e-12
23232.230	57.812	-44.988	8.03367279e-12	1.805850222e-12	-1.805850222e-12
23326.977	50.821	-36.935	1.454317392e-11	3.20914506e-12	-3.20914506e-12
23418.654	41.884	-40.857	1.738031658e-11	3.89636577e-12	-3.89636577e-12
23499.644	31.100	-39.105	1.698653418e-11	3.8130972e-12	-3.8130972e-12
23559.321	26.583	-28.577	1.503401526e-11	3.366119328e-12	-3.366119328e-12
23608.842	24.701	-22.938	1.934269095e-11	4.34211525e-12	-4.34211525e-12
23653.848	27.334	-20.305	2.988263553e-11	6.7078044e-12	-6.7078044e-12
23710.259	31.098	-29.077	2.348746488e-11	5.28590073e-12	-5.28590073e-12
23784.309	47.312	-42.951	1.732475943e-11	3.7328742e-12	-3.7328742e-12
23862.456	29.341	-30.835	1.883735502e-11	4.23982911e-12	-4.23982911e-12
23914.701	17.212	-22.905	2.285104239e-11	4.88933412e-12	-4.88933412e-12
23961.497	23.071	-29.583	1.966226889e-11	4.41385494e-12	-4.41385494e-12
24021.029	58.816	-36.462	1.497614217e-11	3.374771796e-12	-3.374771796e-12
24122.964	27.086	-43.119	2.061303486e-11	4.62704121e-12	-4.62704121e-12
24192.282	53.047	-42.232	1.488537402e-11	3.380563824e-12	-3.380563824e-12
24281.051	26.960	-35.722	2.264486202e-11	5.08312893e-12	-5.08312893e-12
24348.621	37.117	-40.610	1.065187563e-11	2.388090969e-12	-2.388090969e-12
24417.530	23.369	-31.792	1.651050687e-11	3.528459825e-12	-3.528459825e-12
24484.135	44.520	-43.236	1.482232455e-11	3.344526636e-12	-3.344526636e-12
24591.619	77.444	-62.964	1.652166549e-11	2.937148434e-12	-2.937148434e-12
28146.672	44.390	-50.888	8.72779413e-12	1.971846129e-12	-1.971846129e-12
28242.947	55.930	-51.884	7.70043516e-12	1.726302765e-12	-1.726302765e-12
28333.557	25.496	-34.679	1.446964464e-11	3.165276873e-12	-3.165276873e-12
28421.971	34.867	-62.919	8.42518281e-12	1.90101285e-12	-1.90101285e-12
28517.171	47.481	-60.333	8.05646193e-12	1.766705391e-12	-1.766705391e-12
28614.136	23.228	-49.484	1.201850892e-11	2.625864681e-12	-2.625864681e-12
28691.124	49.040	-53.760	8.097441e-12	1.822341312e-12	-1.822341312e-12
28785.709	24.660	-45.545	1.246424025e-11	2.733289449e-12	-2.733289449e-12
28848.348	34.733	-37.979	1.137321108e-11	2.559558738e-12	-2.559558738e-12
28920.263	40.545	-37.182	1.12157199e-11	2.453471262e-12	-2.453471262e-12
28992.393	43.634	-31.585	1.105194519e-11	2.480846181e-12	-2.480846181e-12
29083.524	50.288	-47.497	8.43570981e-12	1.90092573e-12	-1.90092573e-12
29180.434	48.657	-46.621	8.70204654e-12	1.950846216e-12	-1.950846216e-12
29300.396	66.597	-71.305	5.98968513e-12	1.353232782e-12	-1.353232782e-12
29419.254	53.046	-52.261	7.90390392e-12	1.771916619e-12	-1.771916619e-12
29507.096	40.423	-34.796	1.153371153e-11	2.535463524e-12	-2.535463524e-12
29584.370	30.847	-36.851	1.21851114e-11	2.745825654e-12	-2.745825654e-12
29648.181	34.733	-32.965	1.226335605e-11	2.745695337e-12	-2.745695337e-12
29724.521	51.163	-41.607	8.94934755e-12	2.014064481e-12	-2.014064481e-12
29814.165	41.754	-38.480	1.033415262e-11	2.316736059e-12	-2.316736059e-12
29889.136	29.466	-33.217	1.329684972e-11	2.980920789e-12	-2.980920789e-12
29959.589	34.233	-40.987	1.103778819e-11	2.477667753e-12	-2.477667753e-12
30023.007	36.005	-29.185	1.334056581e-11	2.921869038e-12	-2.921869038e-12
30119.423	42.388	-60.412	8.07645597e-12	1.815272976e-12	-1.815272976e-12
30194.024	35.485	-32.213	1.232764335e-11	2.76008865e-12	-2.76008865e-12
30271.875	27.839	-42.366	1.494572277e-11	3.367820346e-12	-3.367820346e-12
30361.499	48.536	-61.785	1.749794673e-11	3.386410665e-12	-3.386410665e-12
33722.814	29.916	-42.797	1.192602741e-11	2.618108823e-12	-2.618108823e-12
33782.311	28.087	-29.581	1.441842534e-11	3.232165431e-12	-3.232165431e-12
33843.048	25.018	-32.650	1.516742139e-11	3.333694353e-12	-3.333694353e-12
33895.895	24.825	-27.828	1.590685239e-11	3.579326289e-12	-3.579326289e-12
33950.625	27.763	-29.905	1.514433822e-11	3.316650777e-12	-3.316650777e-12
34015.105	76.112	-36.717	7.33565283e-12	1.650652476e-12	-1.650652476e-12
34116.823	32.063	-25.605	1.510679676e-11	3.312399684e-12	-3.312399684e-12
34204.036	40.127	-55.151	8.6973348e-12	1.952127969e-12	-1.952127969e-12
34286.774	65.203	-42.611	7.74715689e-12	1.743248694e-12	-1.743248694e-12
34392.937	54.314	-40.960	1.094283828e-11	2.195175345e-12	-2.195175345e-12
35866.345	130.108	-128.144	3.78426774e-12	8.14887084e-13	-8.14887084e-13
77598.785	4452.683	-3142.295	1.807354857e-13	4.90862394e-14	-4.90862394e-14
91056.871	8007.890	-5682.413	1.458944553e-13	3.94273176e-14	-3.94273176e-14
489442.626	67182.326	-99891.602	5.04879639e-14	1.373431191e-14	-1.373431191e-14
678580.198	188003.380	-63911.828	2.191600884e-14	1.011254838e-14	-8.08045986e-15