Time	T_+ve	T_-ve	Flux	Fluxpos	Fluxneg
1389.740	0.508	-0.582	1.86834501e-09	2.785895672e-10	-2.786228186e-10
1390.621	0.533	-0.373	2.249858744e-09	3.354784496e-10	-3.355191308e-10
1391.584	0.410	-0.430	2.380496146e-09	3.646394402e-10	-3.646821514e-10
1392.606	0.501	-0.612	1.79487728e-09	2.7493711e-10	-2.749700772e-10
1393.553	0.415	-0.446	2.366018592e-09	3.528078288e-10	-3.528549654e-10
1394.757	0.751	-0.788	1.323875056e-09	1.974133182e-10	-1.974419006e-10
1395.982	0.577	-0.474	1.937729598e-09	2.889564118e-10	-2.890017214e-10
1396.918	0.383	-0.359	2.746173038e-09	4.09520426e-10	-4.0958904e-10
1397.688	0.522	-0.387	2.24100429e-09	3.34193216e-10	-3.342520454e-10
1398.696	0.370	-0.486	2.29112905e-09	3.60649394e-10	-3.607104564e-10
1399.550	0.496	-0.484	2.090786726e-09	3.118056046e-10	-3.118679662e-10
1400.500	0.498	-0.454	2.131371704e-09	3.26531387e-10	-3.265974432e-10
1401.491	0.337	-0.492	2.494259376e-09	3.719965662e-10	-3.72081745e-10
1402.465	0.515	-0.638	1.7262105e-09	2.717500912e-10	-2.718099762e-10
1403.619	0.425	-0.639	1.943693738e-09	2.899009708e-10	-2.899765274e-10
1404.564	0.435	-0.520	2.164485876e-09	3.228386546e-10	-3.229264724e-10
1405.521	0.371	-0.522	2.315398106e-09	3.453548462e-10	-3.454529358e-10
1406.508	0.445	-0.615	1.950240894e-09	2.90896361e-10	-2.909828796e-10
1407.640	0.649	-0.687	1.518599152e-09	2.326923228e-10	-2.32761424e-10
1408.729	0.606	-0.440	1.902316654e-09	2.995146042e-10	-2.996037618e-10
1409.903	0.642	-0.568	1.71104843e-09	2.552426996e-10	-2.553325068e-10
1411.005	0.522	-0.460	2.04495298e-09	3.2199251e-10	-3.221002218e-10
1412.003	0.469	-0.476	2.125876494e-09	3.34744767e-10	-3.348627912e-10
1412.972	0.650	-0.501	1.74469162e-09	2.747300094e-10	-2.748312658e-10
1414.262	0.692	-0.639	1.538635658e-09	2.35808048e-10	-2.359048384e-10
1415.430	0.441	-0.477	2.273223232e-09	3.391623312e-10	-3.393162052e-10
1416.478	0.562	-0.607	1.78536267e-09	2.66382284e-10	-2.665081034e-10
1417.622	0.541	-0.582	1.823939978e-09	2.795601102e-10	-2.796911264e-10
1418.862	0.607	-0.699	1.598110598e-09	2.38459228e-10	-2.385813528e-10
1419.993	0.647	-0.524	1.782649372e-09	2.660013748e-10	-2.661416072e-10
1421.107	0.605	-0.468	1.949700102e-09	2.909361896e-10	-2.910945296e-10
1422.155	0.381	-0.442	2.161113234e-09	4.030256846e-10	-4.031700988e-10
1423.078	0.492	-0.542	1.493165282e-09	3.344612978e-10	-3.345457864e-10
1424.169	0.497	-0.599	1.80435535e-09	2.920815968e-10	-2.922242246e-10
1425.213	0.699	-0.547	1.651200782e-09	2.531172084e-10	-2.532563852e-10
1426.408	0.574	-0.497	1.95684286e-09	2.920218336e-10	-2.921930438e-10
1427.568	0.485	-0.586	1.956858288e-09	2.92026259e-10	-2.921987684e-10
1428.525	0.504	-0.472	2.064995982e-09	3.25250051e-10	-3.254204898e-10
1429.583	0.410	-0.553	2.177514416e-09	3.249462818e-10	-3.251326764e-10
1430.377	0.375	-0.385	2.70688523e-09	4.14937278e-10	-4.15159766e-10
1431.229	0.551	-0.477	2.037893452e-09	3.041029726e-10	-3.042724776e-10
1432.296	0.531	-0.515	1.96425236e-09	3.010908586e-10	-3.012471686e-10
1433.375	0.624	-0.548	1.78625587e-09	2.665481756e-10	-2.666940108e-10
1434.470	0.570	-0.471	2.012248056e-09	3.002732964e-10	-3.004389444e-10
1435.470	0.338	-0.430	2.673567652e-09	4.09823708e-10	-4.100397e-10
1436.451	0.567	-0.643	1.698500594e-09	2.603599642e-10	-2.604981666e-10
1437.541	0.448	-0.523	2.115348508e-09	3.242597358e-10	-3.244330572e-10
1438.584	0.609	-0.594	1.741359172e-09	2.598553468e-10	-2.600016692e-10
1439.716	0.424	-0.524	2.166984806e-09	3.321732442e-10	-3.323496918e-10
1440.493	0.420	-0.352	2.712379222e-09	4.047534176e-10	-4.049795596e-10
1441.413	0.490	-0.501	2.11336195e-09	3.15364357e-10	-3.155399114e-10
1442.457	0.550	-0.553	1.885088856e-09	2.88958523e-10	-2.891098798e-10
1443.469	0.422	-0.462	2.41935603e-09	3.610141038e-10	-3.612077252e-10
1444.352	0.388	-0.461	2.473364586e-09	3.791135026e-10	-3.792999784e-10
1445.506	0.543	-0.766	1.633694874e-09	2.437627654e-10	-2.438838752e-10
1446.594	0.522	-0.545	1.966291292e-09	3.013709174e-10	-3.015074552e-10
1447.576	0.480	-0.459	2.234421812e-09	3.424582798e-10	-3.426082156e-10
1448.545	0.421	-0.490	2.348463152e-09	3.503881906e-10	-3.505472208e-10
1449.630	0.390	-0.664	1.916419064e-09	3.101671916e-10	-3.10285094e-10
1450.435	0.505	-0.415	2.23822319e-09	3.52461592e-10	-3.526016214e-10
1451.569	0.525	-0.630	1.824125114e-09	2.83777963e-10	-2.838917648e-10
1452.615	0.446	-0.520	2.169968094e-09	3.325630448e-10	-3.326985676e-10
1453.403	0.435	-0.342	2.57307372e-09	4.051806108e-10	-4.05334972e-10
1454.382	0.573	-0.544	1.825546926e-09	2.79772773e-10	-2.798835704e-10
1455.487	0.506	-0.532	2.004180024e-09	2.989998368e-10	-2.9912253e-10
1456.454	0.526	-0.461	2.105276866e-09	3.140791234e-10	-3.142061608e-10
1457.399	0.359	-0.419	2.6234096e-09	4.020359784e-10	-4.021877006e-10
1458.299	0.551	-0.542	1.902978434e-09	2.838937136e-10	-2.840054854e-10
1459.357	0.432	-0.507	2.212940352e-09	3.301325258e-10	-3.302609436e-10
1460.175	0.379	-0.386	2.666218646e-09	4.0858825e-10	-4.08737252e-10
1461.115	0.571	-0.561	1.8025994e-09	2.762398422e-10	-2.763397182e-10
1462.048	0.383	-0.363	2.78861506e-09	4.16005058e-10	-4.1616218e-10
1462.953	0.645	-0.522	1.781141488e-09	2.657084052e-10	-2.658075504e-10
1464.122	0.470	-0.524	2.084150656e-09	3.109064364e-10	-3.110198322e-10
1465.120	0.510	-0.527	1.998107888e-09	2.980675796e-10	-2.981743982e-10
1466.181	0.623	-0.551	1.731755242e-09	2.653701666e-10	-2.654583904e-10
1467.390	0.559	-0.585	1.811637366e-09	2.702435876e-10	-2.703361962e-10
1468.447	0.592	-0.499	1.900298022e-09	2.834646528e-10	-2.83559129e-10
1469.536	0.437	-0.497	2.177082432e-09	3.335954216e-10	-3.336972464e-10
1470.506	0.410	-0.533	2.156490924e-09	3.304349958e-10	-3.305328418e-10
1471.364	0.493	-0.448	2.160609794e-09	3.310618598e-10	-3.311575134e-10
1472.355	0.571	-0.498	1.938259834e-09	2.89108946e-10	-2.891946932e-10
1473.328	0.564	-0.402	2.064492948e-09	3.250298772e-10	-3.251157868e-10
1474.440	0.410	-0.547	2.080189314e-09	3.275020924e-10	-3.2758922e-10
1475.425	0.567	-0.575	1.809399088e-09	2.698890278e-10	-2.699695376e-10
1476.480	0.458	-0.489	2.183494796e-09	3.256899926e-10	-3.25787798e-10
1477.363	0.405	-0.424	2.492744996e-09	3.718187382e-10	-3.719309566e-10
1478.432	0.479	-0.665	1.670512172e-09	2.778981086e-10	-2.779653828e-10
1479.465	0.521	-0.554	1.85079363e-09	2.913877834e-10	-2.914661414e-10
1480.719	0.651	-0.733	1.464981574e-09	2.244708228e-10	-2.245341182e-10
1481.761	0.352	-0.391	2.569758324e-09	4.27489174e-10	-4.2759108e-10
1482.611	0.423	-0.497	2.20458812e-09	3.37794842e-10	-3.378891558e-10
1483.691	0.474	-0.658	1.826445404e-09	2.724285984e-10	-2.725081744e-10
1484.546	0.388	-0.381	2.638310612e-09	4.042481912e-10	-4.043592322e-10
1485.399	0.390	-0.466	2.413222182e-09	3.599483132e-10	-3.60051965e-10
1486.329	0.437	-0.539	2.114019264e-09	3.153190068e-10	-3.154091388e-10
1487.228	0.479	-0.462	2.1939225e-09	3.27235797e-10	-3.27328568e-10
1488.271	0.510	-0.564	1.92149853e-09	2.866013276e-10	-2.866820404e-10
1489.419	0.473	-0.637	1.824895296e-09	2.7961017e-10	-2.796844274e-10
1490.433	0.475	-0.541	1.956054814e-09	3.079500256e-10	-3.08027125e-10
1491.513	0.623	-0.605	1.682026332e-09	2.508809604e-10	-2.509505894e-10
1492.721	0.343	-0.586	2.223358718e-09	3.31621815e-10	-3.317132462e-10
1493.623	0.516	-0.559	1.921522484e-09	2.866010028e-10	-2.866795232e-10
1494.645	0.454	-0.506	2.149231644e-09	3.205633494e-10	-3.206505176e-10
1495.651	0.534	-0.552	1.836175194e-09	2.933320362e-10	-2.934010562e-10
1496.552	0.485	-0.367	2.418846906e-09	3.607746856e-10	-3.608714354e-10
1497.441	0.420	-0.404	2.408168294e-09	3.791206076e-10	-3.792112268e-10
1498.543	0.724	-0.682	1.466591364e-09	2.18742853e-10	-2.188006674e-10
1499.603	0.355	-0.337	2.978428586e-09	4.44232614e-10	-4.44349136e-10
1500.483	0.525	-0.524	1.963770844e-09	2.928955862e-10	-2.929719548e-10
1501.407	0.375	-0.399	2.663480582e-09	3.972558156e-10	-3.973587366e-10
1502.448	0.558	-0.666	1.68402304e-09	2.511697482e-10	-2.512343834e-10
1503.462	0.553	-0.456	2.00496807e-09	3.071888568e-10	-3.072636014e-10
1504.511	0.498	-0.497	2.072643398e-09	3.091317292e-10	-3.092111428e-10
1505.672	0.611	-0.663	1.58771984e-09	2.432606652e-10	-2.4331986e-10
1506.804	0.445	-0.521	2.095414314e-09	3.2104653e-10	-3.21124685e-10
1507.854	0.495	-0.605	1.841406504e-09	2.821291158e-10	-2.821978516e-10
1508.966	0.447	-0.617	1.866476598e-09	2.938375468e-10	-2.939055924e-10
1509.987	0.504	-0.575	1.877870176e-09	2.877166096e-10	-2.877871318e-10
1511.100	0.558	-0.609	1.668165898e-09	2.699142404e-10	-2.6997376e-10
1512.046	0.369	-0.388	2.671367944e-09	4.09293066e-10	-4.09393754e-10
1512.891	0.428	-0.476	2.283147902e-09	3.405298204e-10	-3.406182472e-10
1513.810	0.490	-0.490	2.104989012e-09	3.139556994e-10	-3.14036128e-10
1514.917	0.585	-0.618	1.651114304e-09	2.59930741e-10	-2.599895298e-10
1515.890	0.468	-0.388	2.411287998e-09	3.59634597e-10	-3.597239576e-10
1516.705	0.389	-0.347	2.801574174e-09	4.17842208e-10	-4.1794452e-10
1517.511	0.419	-0.417	2.421032404e-09	3.709269592e-10	-3.710123816e-10
1518.424	0.443	-0.493	2.163278026e-09	3.314372068e-10	-3.31514022e-10
1519.379	0.379	-0.513	2.31480697e-09	3.452446172e-10	-3.45330202e-10
1520.191	0.456	-0.433	2.319436994e-09	3.459369284e-10	-3.460237312e-10
1521.125	0.391	-0.477	2.376471468e-09	3.544456734e-10	-3.54535846e-10
1522.085	0.527	-0.569	1.81180342e-09	2.852303468e-10	-2.852963624e-10
1523.013	0.432	-0.401	2.47803318e-09	3.695963348e-10	-3.696919884e-10
1523.927	0.505	-0.482	2.050271986e-09	3.14129914e-10	-3.142063232e-10
1524.917	0.420	-0.485	2.27843952e-09	3.39824233e-10	-3.399106298e-10
1525.843	0.541	-0.505	1.898044316e-09	2.988042666e-10	-2.988717844e-10
1526.938	0.443	-0.555	2.028333776e-09	3.107647424e-10	-3.108381066e-10
1528.097	0.452	-0.715	1.700058416e-09	2.676343068e-10	-2.676939482e-10
1529.165	0.531	-0.616	1.694852684e-09	2.742283964e-10	-2.742867386e-10
1530.170	0.639	-0.473	1.818890962e-09	2.786773444e-10	-2.787440908e-10
1531.323	0.473	-0.514	2.087630482e-09	3.113661096e-10	-3.114455638e-10
1532.308	0.636	-0.512	1.728683852e-09	2.721445608e-10	-2.722074096e-10
1533.717	0.600	-0.773	1.444291002e-09	2.273724236e-10	-2.274246352e-10
1534.843	0.459	-0.527	2.091416026e-09	3.11929597e-10	-3.12008564e-10
1535.875	0.469	-0.572	1.943254852e-09	2.977305996e-10	-2.97801406e-10
1536.754	0.383	-0.411	2.548944734e-09	3.905284768e-10	-3.906206794e-10
1537.434	0.368	-0.298	3.097949302e-09	4.62047082e-10	-4.62161168e-10
1538.300	0.404	-0.498	2.284767436e-09	3.407636764e-10	-3.408478808e-10
1539.170	0.500	-0.466	2.132479272e-09	3.18050453e-10	-3.181289734e-10
1540.141	0.428	-0.471	2.292943058e-09	3.41982935e-10	-3.420673424e-10
1540.968	0.520	-0.399	2.239723766e-09	3.340454726e-10	-3.341278906e-10
1542.012	0.460	-0.524	2.05452037e-09	3.147754946e-10	-3.148490618e-10
1543.021	0.421	-0.549	2.084668712e-09	3.193937852e-10	-3.19468002e-10
1544.058	0.592	-0.616	1.705355498e-09	2.543445058e-10	-2.544060554e-10
1545.102	0.335	-0.452	2.570507394e-09	3.938249126e-10	-3.939138672e-10
1545.888	0.470	-0.452	2.200913414e-09	3.422859734e-10	-3.423602714e-10
1546.875	0.470	-0.517	2.086402738e-09	3.111704988e-10	-3.112429292e-10
1547.871	0.403	-0.526	2.134741098e-09	3.36054726e-10	-3.36123949e-10
1548.790	0.543	-0.516	1.952023234e-09	2.911250608e-10	-2.911907516e-10
1549.894	0.470	-0.562	2.041927468e-09	3.045307748e-10	-3.04598049e-10
1550.915	0.398	-0.550	2.221979536e-09	3.31381057e-10	-3.314528784e-10
1551.912	0.472	-0.599	1.967345674e-09	2.93403411e-10	-2.934658132e-10
1552.824	0.388	-0.441	2.54145647e-09	3.790230458e-10	-3.791029872e-10
1553.705	0.537	-0.493	1.968433754e-09	3.098660614e-10	-3.09925378e-10
1554.666	0.324	-0.423	2.819803574e-09	4.2053886e-10	-4.20629398e-10
1555.439	0.492	-0.449	2.196682488e-09	3.365401396e-10	-3.366098498e-10
1556.328	0.422	-0.397	2.526130376e-09	3.87014628e-10	-3.870957874e-10
1557.148	0.354	-0.399	2.862079948e-09	4.22188844e-10	-4.22285878e-10
1557.936	0.326	-0.434	2.721379836e-09	4.1693155e-10	-4.17021276e-10
1558.682	0.400	-0.420	2.569018592e-09	3.831464224e-10	-3.832343214e-10
1559.673	0.443	-0.591	2.01839449e-09	3.010276038e-10	-3.010976794e-10
1560.640	0.561	-0.524	1.898611092e-09	2.831647812e-10	-2.832317712e-10
1561.739	0.440	-0.538	2.10576163e-09	3.140621526e-10	-3.141377092e-10
1562.649	0.566	-0.469	1.989946882e-09	2.967908314e-10	-2.968632212e-10
1563.613	0.508	-0.398	2.27534174e-09	3.393570082e-10	-3.394403194e-10
1564.562	0.419	-0.442	2.392872244e-09	3.568869108e-10	-3.569749722e-10
1565.611	0.435	-0.629	1.93672962e-09	2.88855805e-10	-2.889274234e-10
1566.443	0.565	-0.398	2.100490938e-09	3.218200412e-10	-3.218959632e-10
1567.523	0.557	-0.515	1.848338548e-09	2.909785354e-10	-2.91043942e-10
1568.415	0.461	-0.334	2.54215682e-09	3.89490416e-10	-3.895834306e-10
1569.419	0.524	-0.543	1.821225056e-09	2.946771142e-10	-2.947406938e-10
1570.414	0.434	-0.470	2.28214021e-09	3.40377205e-10	-3.404642514e-10
1571.179	0.370	-0.331	2.945859672e-09	4.39370764e-10	-4.39484038e-10
1571.928	0.392	-0.380	2.674416598e-09	3.988865552e-10	-3.989897198e-10
1572.714	0.457	-0.394	2.428211702e-09	3.621664536e-10	-3.622607268e-10
1573.719	0.519	-0.549	1.898036602e-09	2.908087462e-10	-2.90881339e-10
1574.706	0.397	-0.467	2.388217454e-09	3.562053992e-10	-3.563004032e-10
1575.713	0.516	-0.610	1.799126476e-09	2.756571916e-10	-2.757277138e-10
1576.630	0.511	-0.401	2.262559642e-09	3.374673218e-10	-3.375595244e-10
1577.636	0.411	-0.494	2.23737059e-09	3.42807724e-10	-3.42897653e-10
1578.541	0.450	-0.493	2.189952632e-09	3.266421844e-10	-3.26733981e-10
1579.566	0.425	-0.575	2.065256228e-09	3.080457198e-10	-3.081337812e-10
1580.460	0.422	-0.470	2.316713952e-09	3.455550042e-10	-3.456553268e-10
1581.249	0.476	-0.367	2.357095524e-09	3.710965048e-10	-3.711945132e-10
1582.108	0.386	-0.383	2.687845454e-09	4.009178544e-10	-4.010376244e-10
1582.948	0.433	-0.454	2.23929706e-09	3.52553957e-10	-3.526490016e-10
1583.715	0.446	-0.333	2.601076352e-09	3.985490068e-10	-3.98661956e-10
1584.647	0.453	-0.486	2.199111992e-09	3.2801755e-10	-3.281149494e-10
1585.590	0.574	-0.490	1.94171124e-09	2.896227796e-10	-2.897081614e-10
1586.734	0.549	-0.570	1.776519178e-09	2.796908016e-10	-2.797641658e-10
1587.814	0.453	-0.531	2.099711824e-09	3.131875068e-10	-3.132784102e-10
1588.680	0.453	-0.413	2.437235864e-09	3.595630598e-10	-3.596696754e-10
1589.739	0.497	-0.606	1.91440977e-09	2.824310174e-10	-2.825147752e-10
1590.773	0.480	-0.536	2.040438666e-09	3.09046185e-10	-3.091331096e-10
1591.793	0.488	-0.541	2.008815732e-09	2.996295428e-10	-2.997164268e-10
1592.655	0.399	-0.375	2.669128042e-09	3.981198242e-10	-3.9823525e-10
1593.521	0.405	-0.466	2.280268956e-09	3.589984356e-10	-3.590917344e-10
1594.419	0.461	-0.493	2.166136672e-09	3.230945158e-10	-3.231878958e-10
1595.437	0.455	-0.557	1.963674216e-09	3.091542622e-10	-3.092343254e-10
1596.327	0.421	-0.435	2.413906292e-09	3.600504222e-10	-3.601541146e-10
1597.283	0.574	-0.535	1.82857325e-09	2.80177149e-10	-2.802535176e-10
1598.354	0.571	-0.498	1.902049912e-09	2.958316158e-10	-2.959098114e-10
1599.360	0.350	-0.434	2.632764246e-09	3.926943244e-10	-3.928073142e-10
1600.156	0.441	-0.445	2.28752986e-09	3.504995158e-10	-3.505951288e-10
1601.005	0.502	-0.409	2.139588738e-09	3.462066748e-10	-3.46291407e-10
1602.010	0.419	-0.503	2.199251656e-09	3.369735446e-10	-3.370656254e-10
1603.046	0.437	-0.618	1.958727106e-09	2.921580466e-10	-2.922425758e-10
1604.079	0.520	-0.596	1.85250492e-09	2.76315277e-10	-2.763957868e-10
1605.418	0.510	-0.819	1.554914228e-09	2.319284744e-10	-2.319966824e-10
1606.280	0.413	-0.352	2.701263754e-09	4.02917242e-10	-4.030364436e-10
1607.168	0.513	-0.475	2.014063282e-09	3.17091887e-10	-3.171765786e-10
1608.227	0.621	-0.546	1.770619592e-09	2.641036902e-10	-2.641819264e-10
1609.354	0.393	-0.507	2.209059804e-09	3.477886944e-10	-3.478797602e-10
1610.326	0.498	-0.578	1.91984205e-09	2.863573216e-10	-2.864397396e-10
1611.358	0.499	-0.533	2.002645344e-09	2.987058928e-10	-2.987907062e-10
1612.480	0.573	-0.624	1.693402452e-09	2.59462623e-10	-2.595313994e-10
1613.522	0.430	-0.469	2.298059876e-09	3.427647692e-10	-3.428598544e-10
1614.352	0.390	-0.400	2.613502388e-09	3.89813389e-10	-3.899210196e-10
1615.344	0.423	-0.602	2.014575248e-09	3.004803564e-10	-3.005628556e-10
1616.301	0.424	-0.534	2.152919748e-09	3.211140478e-10	-3.212017032e-10
1617.096	0.464	-0.371	2.427655888e-09	3.719598232e-10	-3.720555986e-10
1618.223	0.623	-0.663	1.574755854e-09	2.412804408e-10	-2.413425588e-10
1619.340	0.474	-0.493	2.13307934e-09	3.181547544e-10	-3.182415978e-10
1620.262	0.527	-0.448	2.117509646e-09	3.158331246e-10	-3.159196838e-10
1621.379	0.490	-0.590	1.954170974e-09	2.882893538e-10	-2.883705132e-10
1622.466	0.689	-0.597	1.604997982e-09	2.393914852e-10	-2.394576632e-10
1623.619	0.335	-0.464	2.584100274e-09	3.854268838e-10	-3.855326874e-10
1624.610	0.623	-0.656	1.612702644e-09	2.405388412e-10	-2.40604329e-10
1625.831	0.488	-0.597	1.90088591e-09	2.83520559e-10	-2.83596887e-10
1626.834	0.418	-0.516	2.20871308e-09	3.294320946e-10	-3.295199936e-10
1627.868	0.578	-0.616	1.733934244e-09	2.626120868e-10	-2.626799294e-10
1628.827	0.377	-0.381	2.721907636e-09	4.059777918e-10	-4.0608729e-10
1629.774	0.425	-0.570	2.03524755e-09	3.118369884e-10	-3.119178636e-10
1630.726	0.428	-0.527	2.159279332e-09	3.22065387e-10	-3.2215491e-10
1631.645	0.627	-0.491	1.84641492e-09	2.754024672e-10	-2.754802162e-10
1632.737	0.432	-0.465	2.257358782e-09	3.458746886e-10	-3.459679468e-10
1633.677	0.417	-0.508	2.187888934e-09	3.352266078e-10	-3.353148316e-10
1634.603	0.568	-0.510	1.840083756e-09	2.896882674e-10	-2.89758546e-10
1635.641	0.465	-0.469	2.205735476e-09	3.289853728e-10	-3.290716884e-10
1636.821	0.592	-0.715	1.575563388e-09	2.349916632e-10	-2.350513046e-10
1638.127	0.414	-0.714	1.826530664e-09	2.724197882e-10	-2.724871842e-10
1639.025	0.536	-0.484	2.020962034e-09	3.01418054e-10	-3.014924332e-10
1640.185	0.638	-0.625	1.600294878e-09	2.451827504e-10	-2.452398746e-10
1641.402	0.527	-0.578	1.829670668e-09	2.803252578e-10	-2.803903396e-10
1642.444	0.549	-0.515	1.936481554e-09	2.888169914e-10	-2.888875948e-10
1643.484	0.615	-0.492	1.826702808e-09	2.798708626e-10	-2.799360256e-10
1644.577	0.525	-0.478	2.053211426e-09	3.062284638e-10	-3.063043452e-10
1645.541	0.465	-0.439	2.235604084e-09	3.425212098e-10	-3.426021662e-10
1646.602	0.527	-0.596	1.834217868e-09	2.73568281e-10	-2.736370574e-10
1647.662	0.444	-0.533	1.830325546e-09	3.314616074e-10	-3.31518488e-10
1648.573	0.368	-0.467	2.46772687e-09	3.680545498e-10	-3.681472396e-10
1649.497	0.477	-0.557	1.954516886e-09	2.994557342e-10	-2.995268248e-10
1650.670	0.588	-0.696	1.542638006e-09	2.428522292e-10	-2.429063896e-10
1651.931	0.497	-0.672	1.728442282e-09	2.64816545e-10	-2.648783788e-10
1652.921	0.508	-0.493	2.05572416e-09	3.06602471e-10	-3.06677987e-10
1653.979	0.505	-0.550	1.914965178e-09	2.933951692e-10	-2.934643516e-10
1654.880	0.554	-0.396	2.167348176e-09	3.232536678e-10	-3.23334949e-10
1656.012	0.702	-0.578	1.61068523e-09	2.402303624e-10	-2.402915466e-10
1657.219	0.446	-0.506	2.002277102e-09	3.330684336e-10	-3.331375348e-10
1658.325	0.612	-0.660	1.589696248e-09	2.435642314e-10	-2.436239946e-10
1659.401	0.574	-0.464	1.987037486e-09	2.963642878e-10	-2.964407782e-10
1660.530	0.617	-0.555	1.757903672e-09	2.621888724e-10	-2.622562684e-10
1661.691	0.584	-0.544	1.792800996e-09	2.746816142e-10	-2.7474832e-10
1662.770	0.661	-0.496	1.782219824e-09	2.658145336e-10	-2.65882295e-10
1664.009	0.621	-0.578	1.686398546e-09	2.58377588e-10	-2.584393406e-10
1665.286	0.512	-0.655	1.73267605e-09	2.65466348e-10	-2.655289532e-10
1666.294	0.435	-0.497	2.169843046e-09	3.324441274e-10	-3.325217952e-10
1667.474	0.528	-0.745	1.59721821e-09	2.484027364e-10	-2.484585614e-10
1668.493	0.515	-0.492	2.010729616e-09	3.08066101e-10	-3.081380442e-10
1669.542	0.607	-0.533	1.809533474e-09	2.698860234e-10	-2.699535412e-10
1670.704	0.687	-0.555	1.630487474e-09	2.498124496e-10	-2.498728218e-10
1672.091	0.517	-0.700	1.663866358e-09	2.549288616e-10	-2.549917916e-10
1673.057	0.465	-0.449	2.21414942e-09	3.392406486e-10	-3.393245688e-10
1674.007	0.521	-0.485	2.052939406e-09	3.061933448e-10	-3.062722306e-10
1674.962	0.438	-0.434	2.322605012e-09	3.558536814e-10	-3.559394286e-10
1676.005	0.558	-0.606	1.773620744e-09	2.645299496e-10	-2.645962088e-10
1677.193	0.589	-0.630	1.691815804e-09	2.52327173e-10	-2.523893722e-10
1678.357	0.518	-0.576	1.882650826e-09	2.807885038e-10	-2.808572396e-10
1679.843	0.875	-0.967	1.055493222e-09	1.707780536e-10	-1.708135786e-10
1681.359	0.605	-0.642	1.651707064e-09	2.46344154e-10	-2.464043638e-10
1682.483	0.451	-0.518	2.124459148e-09	3.168529966e-10	-3.169304614e-10
1683.420	0.575	-0.486	1.906093266e-09	2.920349474e-10	-2.921032772e-10
1684.426	0.440	-0.432	2.318431332e-09	3.552121608e-10	-3.552965682e-10
1685.442	0.639	-0.576	1.66330486e-09	2.548403942e-10	-2.549018626e-10
1686.753	0.652	-0.672	1.526963564e-09	2.339530746e-10	-2.340106048e-10
1688.087	0.794	-0.682	1.39491653e-09	2.080512084e-10	-2.081054906e-10
1689.512	0.522	-0.630	1.719405128e-09	2.706830014e-10	-2.707450382e-10
1690.637	0.587	-0.603	1.730568504e-09	2.58108816e-10	-2.581734918e-10
1691.670	0.467	-0.446	2.256824892e-09	3.36595924e-10	-3.366789104e-10
1692.805	0.462	-0.668	1.823227448e-09	2.719253614e-10	-2.719917018e-10
1693.706	0.468	-0.439	2.27010028e-09	3.385758236e-10	-3.386592566e-10
1694.784	0.613	-0.609	1.68524916e-09	2.513495656e-10	-2.514125362e-10
1695.892	0.494	-0.495	2.00391653e-09	3.15472962e-10	-3.155451082e-10
1697.052	0.475	-0.666	1.772162392e-09	2.715207824e-10	-2.71587407e-10
1698.093	0.616	-0.567	1.741096896e-09	2.596837306e-10	-2.597513702e-10
1699.264	0.758	-0.555	1.569737288e-09	2.341248126e-10	-2.341853878e-10
1700.473	0.543	-0.451	2.033398626e-09	3.115448714e-10	-3.116207528e-10
1701.761	0.690	-0.744	1.410238158e-09	2.160672724e-10	-2.16119484e-10
1703.098	0.520	-0.647	1.765948968e-09	2.633879528e-10	-2.634551864e-10
1704.197	0.431	-0.579	2.03956739e-09	3.042000066e-10	-3.042789736e-10
1705.448	0.623	-0.820	1.374677836e-09	2.164165948e-10	-2.164680756e-10
1706.679	0.657	-0.608	1.629342554e-09	2.43019826e-10	-2.430855168e-10
1707.888	0.511	-0.552	1.94047294e-09	2.894273718e-10	-2.895065824e-10
1708.972	0.677	-0.574	1.64831534e-09	2.458506204e-10	-2.459176104e-10
1710.251	0.711	-0.602	1.482522398e-09	2.398805122e-10	-2.39935647e-10
1711.477	0.566	-0.515	1.871302314e-09	2.867151294e-10	-2.867881282e-10
1712.665	0.606	-0.622	1.6805558e-09	2.506569296e-10	-2.507238384e-10
1714.027	0.762	-0.756	1.359435378e-09	2.027607848e-10	-2.028145392e-10
1715.367	0.507	-0.578	1.90099147e-09	2.835334292e-10	-2.836080926e-10
1716.528	0.612	-0.653	1.600213678e-09	2.451770258e-10	-2.452378852e-10
1717.711	0.588	-0.572	1.778512638e-09	2.652646066e-10	-2.653338702e-10
1718.869	0.443	-0.570	1.999590194e-09	3.063681278e-10	-3.064444964e-10
1719.898	0.616	-0.586	1.71450755e-09	2.557200744e-10	-2.557878764e-10
1721.285	0.660	-0.771	1.440865174e-09	2.149072492e-10	-2.149648606e-10
1722.545	0.492	-0.601	1.886735186e-09	2.814104146e-10	-2.814864584e-10
1723.824	0.668	-0.787	1.362896528e-09	2.145625552e-10	-2.146139954e-10
1725.028	0.475	-0.535	2.084898508e-09	3.075680202e-10	-3.076507224e-10
1726.038	0.659	-0.535	1.726461408e-09	2.575004656e-10	-2.575673338e-10
1727.390	0.504	-0.693	1.721330786e-09	2.567333692e-10	-2.567989788e-10
1728.670	0.800	-0.776	1.282908438e-09	1.965587694e-10	-1.96606312e-10
1730.151	0.609	-0.680	1.567816096e-09	2.402108744e-10	-2.40269176e-10
1731.278	0.512	-0.518	2.000998202e-09	2.984459716e-10	-2.985226244e-10
1732.219	0.696	-0.429	1.833193936e-09	2.73418467e-10	-2.734888268e-10
1733.571	0.425	-0.657	1.869713636e-09	2.86466292e-10	-2.865361646e-10
1734.657	0.538	-0.661	1.718987354e-09	2.563845746e-10	-2.56450509e-10
1736.045	0.693	-0.849	1.311148174e-09	2.008860392e-10	-2.009349216e-10
1737.427	0.617	-0.689	1.519028294e-09	2.391385878e-10	-2.391936414e-10
1738.620	0.564	-0.576	1.773428706e-09	2.717144038e-10	-2.71780866e-10
1739.774	0.556	-0.590	1.765163764e-09	2.704491454e-10	-2.705158918e-10
1741.068	0.561	-0.738	1.557310034e-09	2.38603764e-10	-2.386632024e-10
1742.159	0.562	-0.530	1.887220356e-09	2.814801654e-10	-2.81554707e-10
1743.329	0.652	-0.607	1.636671666e-09	2.441107074e-10	-2.441753426e-10
1744.711	0.811	-0.730	1.287678126e-09	2.027195352e-10	-2.027674026e-10
1746.390	0.687	-0.868	1.325801932e-09	1.977428278e-10	-1.977944304e-10
1747.784	0.643	-0.707	1.560617716e-09	2.302233556e-10	-2.302842962e-10
1749.071	0.670	-0.644	1.538485438e-09	2.357172664e-10	-2.357746342e-10
1750.373	0.524	-0.631	1.718202962e-09	2.704935212e-10	-2.70555355e-10
1751.438	0.707	-0.542	1.650580414e-09	2.46179927e-10	-2.462422074e-10
1753.012	0.558	-0.867	1.446043298e-09	2.156730464e-10	-2.157271662e-10
1754.225	0.573	-0.654	1.678681704e-09	2.503702936e-10	-2.504331424e-10
1755.427	0.599	-0.629	1.678680486e-09	2.503701312e-10	-2.504329394e-10
4949.832	3.457	-2.802	2.064949698e-10	3.878899234e-11	-3.87896866e-11
4956.358	2.408	-3.070	2.41075898e-10	4.40145006e-11	-4.40151908e-11
4961.226	2.516	-2.460	2.369147634e-10	5.00731574e-11	-5.00737664e-11
4967.427	2.494	-3.685	2.003139446e-10	3.987844868e-11	-3.987924444e-11
4972.332	1.953	-2.411	2.910109748e-10	5.62646168e-11	-5.62665656e-11
4977.605	2.421	-3.320	2.029655306e-10	4.42331316e-11	-4.42348774e-11
4983.336	3.298	-3.310	1.844379236e-10	3.898275584e-11	-3.898486704e-11
4990.006	3.081	-3.372	1.999262958e-10	3.865571066e-11	-3.865892618e-11
4995.595	2.404	-2.508	2.368517522e-10	5.16203422e-11	-5.16242804e-11
5000.274	2.281	-2.275	2.80364721e-10	5.42092824e-11	-5.42143168e-11
5004.168	2.010	-1.612	3.683611204e-10	6.725796e-11	-6.7264862e-11
5007.746	1.721	-1.568	3.882539836e-10	7.50698466e-11	-7.50767486e-11
5011.449	2.517	-1.981	3.749804632e-10	6.95681e-11	-6.9575002e-11
5016.444	1.716	-2.479	2.97342017e-10	5.91973984e-11	-5.92020674e-11
5020.088	1.638	-1.928	3.587618188e-10	6.93668052e-11	-6.93727734e-11
5023.578	1.715	-1.852	3.666101642e-10	7.08838242e-11	-7.08895894e-11
5027.147	1.779	-1.854	3.438724996e-10	7.05230526e-11	-7.05278028e-11
5030.930	1.864	-2.004	3.440607212e-10	6.4632358e-11	-6.46374736e-11
5034.853	2.461	-2.060	2.623309318e-10	5.54461614e-11	-5.54491252e-11
5039.067	1.603	-1.753	3.449688214e-10	7.51806846e-11	-7.51839326e-11
5042.821	2.464	-2.151	3.718522332e-10	6.36333138e-11	-6.36373332e-11
5046.983	1.766	-1.698	3.50102529e-10	7.17990294e-11	-7.18017902e-11
5050.774	1.677	-2.025	3.207764182e-10	7.09418416e-11	-7.09441964e-11
5053.800	1.774	-1.349	6.0076226e-10	9.67019326e-11	-9.6707576e-11
5057.781	2.131	-2.208	4.4534546e-10	6.8962348e-11	-6.89665704e-11
5061.393	2.326	-1.480	3.800285454e-10	6.85493242e-11	-6.85526128e-11
5065.729	1.396	-2.011	3.557692334e-10	7.29610014e-11	-7.29635998e-11
5069.829	1.954	-2.704	2.419425862e-10	5.4396286e-11	-5.43978694e-11
5073.786	2.167	-2.003	3.210074728e-10	6.9436759e-11	-6.94390326e-11
5077.711	1.911	-1.758	5.11276206e-10	8.22978646e-11	-8.2302899e-11
5081.505	1.564	-1.883	5.35756788e-10	8.79489786e-11	-8.79539318e-11
5085.222	2.307	-2.152	4.015907588e-10	6.8606895e-11	-6.86101024e-11
5089.387	1.805	-1.858	4.88758228e-10	8.34984878e-11	-8.3502629e-11
5093.319	1.342	-2.128	5.24262522e-10	8.77865786e-11	-8.77913288e-11
5097.109	1.990	-2.448	4.22613114e-10	6.80260714e-11	-6.80300096e-11
5101.304	1.400	-2.206	5.35683708e-10	8.29514028e-11	-8.29566402e-11
5104.370	1.784	-1.666	5.51774706e-10	8.71055948e-11	-8.71108322e-11
5108.127	1.892	-1.972	5.07397282e-10	7.708519e-11	-7.70903462e-11
5111.801	1.826	-1.783	4.9628222e-10	8.47841274e-11	-8.4788837e-11
5115.672	2.589	-2.046	3.802308146e-10	6.62875794e-11	-6.62911116e-11
5119.797	1.333	-1.536	6.1406688e-10	1.070533898e-10	-1.070589926e-10
5123.180	2.445	-2.049	4.20901824e-10	6.81930186e-11	-6.81969162e-11
5127.366	1.491	-1.741	5.80233682e-10	9.33973768e-11	-9.34024924e-11
5130.355	1.728	-1.497	5.90298016e-10	9.31871094e-11	-9.31927934e-11
5133.860	1.828	-1.777	5.09006666e-10	8.57444392e-11	-8.57491488e-11
5137.022	1.555	-1.335	6.39347282e-10	1.04954248e-10	-1.049602568e-10
5140.142	1.646	-1.565	5.92418554e-10	9.35217346e-11	-9.35273374e-11
5143.752	1.715	-1.964	4.5539599e-10	8.44823882e-11	-8.44859204e-11
5147.593	2.005	-2.126	4.19308274e-10	7.46126906e-11	-7.46161416e-11
5151.238	1.874	-1.640	5.17637008e-10	8.66771836e-11	-8.6682015e-11
5154.731	1.363	-1.619	6.19525144e-10	1.01700361e-10	-1.017063698e-10
5157.594	1.371	-1.500	6.13676714e-10	1.069853848e-10	-1.069911094e-10
5160.347	1.579	-1.382	6.02001372e-10	1.049500256e-10	-1.049557502e-10
5162.983	0.948	-1.057	9.87243404e-10	1.528762144e-10	-1.528860802e-10
5165.710	1.550	-1.779	5.51008178e-10	9.413313e-11	-9.41376366e-11
5169.027	1.754	-1.767	5.20939006e-10	8.89961744e-11	-8.90003968e-11
5172.320	1.428	-1.540	6.23399602e-10	1.023360758e-10	-1.023415162e-10
5175.160	1.605	-1.412	5.92941482e-10	1.012969188e-10	-1.013018314e-10
5178.194	1.637	-1.428	5.92903318e-10	9.92803574e-11	-9.92857572e-11
5181.528	1.374	-1.697	5.92082792e-10	9.91433324e-11	-9.91493818e-11
5184.360	1.335	-1.458	7.02033682e-10	1.066552256e-10	-1.066629396e-10
5187.340	1.639	-1.645	5.88429198e-10	9.11193514e-11	-9.11255226e-11
5190.729	1.197	-1.749	6.27043046e-10	1.029345198e-10	-1.02940691e-10
5192.901	1.378	-0.976	7.48843452e-10	1.30549706e-10	-1.305567298e-10
5195.633	1.415	-1.353	6.16255626e-10	1.119536474e-10	-1.119592908e-10
5198.816	1.823	-1.769	5.38153812e-10	8.33340578e-11	-8.33396606e-11
5202.004	1.623	-1.365	6.5656493e-10	9.97471762e-11	-9.9753794e-11
5205.747	1.652	-2.120	4.56204742e-10	8.32872866e-11	-8.32910624e-11
5208.875	1.709	-1.476	5.4424909e-10	9.68449258e-11	-9.68493512e-11
5212.077	1.486	-1.494	6.48252892e-10	1.00382688e-10	-1.003884532e-10
5214.919	1.329	-1.356	6.77195414e-10	1.13394582e-10	-1.134001036e-10
5217.835	2.057	-1.587	4.67828116e-10	8.4988792e-11	-8.49923648e-11
5221.788	1.714	-1.896	4.80069422e-10	8.54247142e-11	-8.54287742e-11
5225.200	1.842	-1.699	4.81382832e-10	8.74514256e-11	-8.74555668e-11
5229.152	1.659	-2.111	4.59564392e-10	8.17760328e-11	-8.17799304e-11
5232.184	1.544	-1.372	6.5250696e-10	1.030075592e-10	-1.030137304e-10
5235.026	1.362	-1.298	7.04656442e-10	1.134253162e-10	-1.134320558e-10
5237.853	1.804	-1.466	5.5577949e-10	9.30640102e-11	-9.30690446e-11
5240.961	1.816	-1.303	5.9182011e-10	9.71520242e-11	-9.71571804e-11
5244.730	1.676	-1.953	4.6175395e-10	8.56618994e-11	-8.56654316e-11
5248.210	1.431	-1.804	5.2727829e-10	9.57890416e-11	-9.57933452e-11
5251.027	1.332	-1.387	7.00430794e-10	1.105731662e-10	-1.105800276e-10
5254.040	1.149	-1.682	7.02762452e-10	1.047641994e-10	-1.04771954e-10
5256.911	1.743	-1.721	4.84137948e-10	8.98147922e-11	-8.98192176e-11
5260.853	2.408	-2.200	3.762563182e-10	6.69521202e-11	-6.69555306e-11
5265.075	1.285	-1.814	5.68568896e-10	9.91214084e-11	-9.91264834e-11
5267.686	1.740	-1.325	5.840919e-10	9.97853402e-11	-9.97906182e-11
5271.406	1.761	-1.980	4.55797118e-10	8.28033752e-11	-8.28072322e-11
5275.086	2.155	-1.919	4.32504898e-10	7.54005336e-11	-7.54040658e-11
5278.624	1.164	-1.382	7.69955046e-10	1.16973472e-10	-1.1698078e-10
5281.386	1.623	-1.599	5.46732186e-10	9.5314387e-11	-9.53190966e-11
5285.074	2.207	-2.065	4.25660956e-10	7.12758578e-11	-7.12795118e-11
5289.090	1.876	-1.809	4.47292636e-10	8.47578592e-11	-8.47612696e-11
5292.561	1.703	-1.596	5.68443442e-10	9.14996516e-11	-9.15048484e-11
5296.075	1.805	-1.811	4.79414138e-10	8.53081516e-11	-8.53122116e-11
5299.852	1.655	-1.973	5.406499e-10	8.2137048e-11	-8.21425696e-11
5303.170	1.773	-1.663	5.2968587e-10	8.86948818e-11	-8.86999974e-11
5306.531	2.199	-1.588	2.303399182e-10	7.06294246e-11	-7.06306832e-11
5310.622	1.761	-1.892	4.66951156e-10	8.48295994e-11	-8.48334564e-11
5314.025	1.808	-1.642	5.51928174e-10	8.71297924e-11	-8.7135111e-11
5317.451	1.984	-1.619	4.96984194e-10	8.49040598e-11	-8.49086476e-11
5321.119	1.926	-1.683	5.35134796e-10	8.286663e-11	-8.28722734e-11
5324.330	1.342	-1.285	7.45853262e-10	1.133121234e-10	-1.133197562e-10
5326.781	1.073	-1.108	8.72550434e-10	1.37744635e-10	-1.377529986e-10
5329.415	1.833	-1.562	5.60653114e-10	8.85072286e-11	-8.85127502e-11
5332.679	1.631	-1.431	5.65895386e-10	1.00696932e-10	-1.007018852e-10
5336.256	1.699	-1.946	5.14208338e-10	8.27696366e-11	-8.27744274e-11
5339.616	2.467	-1.661	3.204175548e-10	6.89751776e-11	-6.89772888e-11
5343.516	1.215	-1.433	7.50715924e-10	1.119122354e-10	-1.119193404e-10
5346.348	2.012	-1.618	5.00715334e-10	8.3843466e-11	-8.38476478e-11
5350.628	1.913	-2.268	4.34662382e-10	7.2783011e-11	-7.27865026e-11
5354.378	1.876	-1.837	4.74186482e-10	8.26670404e-11	-8.26707756e-11
5357.740	1.930	-1.486	5.48633078e-10	8.83107246e-11	-8.83155966e-11
5360.966	1.483	-1.296	7.15184834e-10	1.066156406e-10	-1.066226644e-10
5364.049	1.588	-1.600	5.61415988e-10	9.59112476e-11	-9.59161196e-11
5367.578	1.601	-1.941	4.89354236e-10	8.70768906e-11	-8.70809912e-11
5370.929	1.302	-1.749	6.14597928e-10	9.8929005e-11	-9.89348514e-11
5374.069	1.647	-1.838	3.395877786e-10	7.17742228e-11	-7.17767806e-11
5377.614	1.802	-1.898	5.21762374e-10	8.07957864e-11	-8.08010238e-11
5381.566	1.633	-2.150	5.02975942e-10	7.9401826e-11	-7.94063732e-11
5385.323	1.747	-2.124	4.69491498e-10	7.86151604e-11	-7.86191392e-11
5388.496	1.684	-1.426	6.20949392e-10	9.61547664e-11	-9.6160491e-11
5391.184	1.233	-1.004	8.76184134e-10	1.331120126e-10	-1.331203762e-10
5394.087	1.638	-1.671	5.40724604e-10	9.23762868e-11	-9.23806716e-11
5397.442	1.696	-1.716	5.49384584e-10	8.84316314e-11	-8.84363004e-11
5400.887	2.060	-1.749	5.07055024e-10	7.85181264e-11	-7.8522836e-11
5405.113	2.037	-2.166	4.3930621e-10	7.21155876e-11	-7.21193228e-11
5408.672	1.567	-1.523	5.78889822e-10	9.88963626e-11	-9.89010722e-11
5412.157	1.447	-1.917	5.57025504e-10	8.9661649e-11	-8.96666428e-11
5415.427	1.945	-1.823	4.74758942e-10	8.11069042e-11	-8.11109642e-11
5419.508	1.941	-2.135	4.5282398e-10	7.43347024e-11	-7.43387218e-11
5423.344	1.833	-1.896	5.32972034e-10	7.94523324e-11	-7.94574886e-11
5426.800	1.747	-1.622	5.72776274e-10	8.86950848e-11	-8.87003628e-11
5430.526	1.958	-1.979	4.68366472e-10	7.68860064e-11	-7.68898228e-11
5434.394	1.855	-1.910	4.89839812e-10	8.0411142e-11	-8.04153238e-11
5438.733	2.271	-2.485	3.7621381e-10	6.42717082e-11	-6.42749562e-11
5442.725	1.976	-1.721	5.14799474e-10	8.12683298e-11	-8.12729176e-11
5446.270	1.817	-1.569	5.70515666e-10	8.8344788e-11	-8.8349457e-11
5450.175	2.488	-2.088	3.61788224e-10	6.46261462e-11	-6.46291506e-11
5454.886	2.312	-2.223	4.19203932e-10	6.61772286e-11	-6.61808826e-11
5459.411	1.662	-2.213	4.9075859e-10	7.74732448e-11	-7.74777108e-11
5462.763	1.756	-1.690	5.51946038e-10	8.71325532e-11	-8.71377906e-11
5466.185	1.814	-1.666	5.13997624e-10	8.78103296e-11	-8.78145114e-11
5469.775	1.682	-1.776	5.565854e-10	8.78647742e-11	-8.78696868e-11
5472.913	1.413	-1.455	7.00632576e-10	1.064417102e-10	-1.064481656e-10
5475.988	1.357	-1.662	6.6553956e-10	1.011102806e-10	-1.011163706e-10
5478.912	1.973	-1.568	5.6624617e-10	8.60251882e-11	-8.60299384e-11
5482.896	1.274	-2.011	5.78789134e-10	9.13696504e-11	-9.13741164e-11
5485.673	1.679	-1.504	5.97228842e-10	9.42807516e-11	-9.4285583e-11
5488.616	1.358	-1.264	7.24859002e-10	1.144291106e-10	-1.144354848e-10
5491.615	1.658	-1.641	3.4151908e-10	7.67842222e-11	-7.67864958e-11
5494.762	1.325	-1.489	6.8629631e-10	1.062739104e-10	-1.062804876e-10
5497.695	1.800	-1.607	3.853876642e-10	7.31629864e-11	-7.31659502e-11
5501.085	1.301	-1.591	6.53859752e-10	1.059359154e-10	-1.059418024e-10
5503.758	1.423	-1.372	7.10495128e-10	1.059162244e-10	-1.05922558e-10
5506.876	1.662	-1.695	5.49317594e-10	9.017463e-11	-9.01787306e-11
5510.192	1.488	-1.654	6.23029736e-10	9.4651795e-11	-9.46567888e-11
5513.079	1.237	-1.399	7.32406542e-10	1.134138264e-10	-1.134202006e-10
5516.073	1.761	-1.757	5.49358194e-10	8.50689364e-11	-8.50743768e-11
5519.440	1.445	-1.606	6.33282048e-10	9.80645092e-11	-9.80704368e-11
5522.514	1.705	-1.629	5.91867206e-10	8.99177944e-11	-8.99231536e-11
5526.254	1.851	-2.035	5.16816482e-10	7.8515934e-11	-7.85206436e-11
5529.822	1.549	-1.717	5.88086128e-10	9.4661133e-11	-9.46659644e-11
5533.188	1.602	-1.817	5.49734962e-10	9.02432034e-11	-9.02475882e-11
5536.440	1.449	-1.649	6.4192863e-10	9.56946872e-11	-9.57004118e-11
5539.093	0.919	-1.205	9.22652052e-10	1.401714188e-10	-1.401799448e-10
5541.766	1.693	-1.753	5.687451e-10	8.6405123e-11	-8.64104416e-11
5545.191	1.346	-1.732	5.99449662e-10	9.84042094e-11	-9.84088784e-11
5547.766	1.718	-1.230	6.73667274e-10	1.00425927e-10	-1.004315298e-10
5551.692	1.981	-2.207	4.74201504e-10	7.0690893e-11	-7.06949936e-11
5555.019	1.465	-1.346	6.86388066e-10	1.062877144e-10	-1.062934796e-10
5558.210	1.501	-1.727	6.15495594e-10	9.17542542e-11	-9.17597352e-11
5561.675	1.582	-1.964	5.44233662e-10	8.42751252e-11	-8.42799566e-11
5565.015	1.935	-1.758	5.25517062e-10	8.13768536e-11	-8.13815226e-11
5568.762	1.565	-1.812	3.85228634e-10	7.4480903e-11	-7.44836638e-11
5571.713	1.562	-1.386	6.81626498e-10	1.035542382e-10	-1.035605312e-10
5575.341	1.955	-2.066	4.83176946e-10	7.62762756e-11	-7.62806198e-11
5578.754	1.696	-1.459	6.30423808e-10	9.39799056e-11	-9.39861174e-11
5582.565	1.877	-2.115	4.90998942e-10	7.45938928e-11	-7.45987242e-11
5586.520	1.868	-2.078	4.89504862e-10	7.58004842e-11	-7.58051532e-11
5589.668	1.551	-1.279	7.17829924e-10	1.058403836e-10	-1.05847448e-10
5592.691	1.421	-1.472	6.7730747e-10	1.028981422e-10	-1.029043946e-10
5596.000	1.930	-1.888	4.83478604e-10	7.93668288e-11	-7.9370767e-11
5599.675	1.388	-1.745	6.24946462e-10	9.49432218e-11	-9.4948784e-11
5602.647	1.534	-1.584	6.190485e-10	9.58603352e-11	-9.58659786e-11
5605.363	1.376	-1.183	7.65298226e-10	1.162660982e-10	-1.162736092e-10
5608.377	1.633	-1.638	5.89705256e-10	9.13166674e-11	-9.13223514e-11
5611.811	1.740	-1.801	5.52887146e-10	8.39959596e-11	-8.40011564e-11
5615.206	2.015	-1.655	5.41038442e-10	8.06547014e-11	-8.0659614e-11
5619.043	1.925	-1.822	5.2780812e-10	8.01857714e-11	-8.01905216e-11
5622.528	1.393	-1.561	6.89699808e-10	1.028162926e-10	-1.028227074e-10
5625.785	1.599	-1.864	5.88332976e-10	8.77050132e-11	-8.77102912e-11
5629.077	1.584	-1.694	6.09947604e-10	9.26643844e-11	-9.26694594e-11
5632.466	1.535	-1.806	5.85845414e-10	8.90026298e-11	-8.90072582e-11
5635.445	1.400	-1.443	6.78532778e-10	1.050711354e-10	-1.050763728e-10
5638.174	1.693	-1.329	6.28820108e-10	9.92677714e-11	-9.9272684e-11
5641.157	1.221	-1.289	7.91477918e-10	1.179885126e-10	-1.179954552e-10
5644.179	2.150	-1.801	4.74287576e-10	7.6343631e-11	-7.63476504e-11
5647.632	1.336	-1.302	7.42548422e-10	1.128096984e-10	-1.12816641e-10
5650.135	1.101	-1.168	8.7619063e-10	1.306174268e-10	-1.306260746e-10
5652.627	1.808	-1.391	6.12598784e-10	9.3067583e-11	-9.30736324e-11
5656.288	1.652	-1.853	5.51028478e-10	8.53275178e-11	-8.53328364e-11
5659.619	1.840	-1.680	5.48799944e-10	8.49824584e-11	-8.49877364e-11
5663.060	1.331	-1.601	6.68463978e-10	1.015547694e-10	-1.015613872e-10
5665.552	1.049	-1.161	8.99846626e-10	1.34144024e-10	-1.341530778e-10
5667.645	1.122	-1.045	9.17569338e-10	1.367859066e-10	-1.367949198e-10
5670.094	1.321	-1.326	7.29648584e-10	1.129868768e-10	-1.129934946e-10
5673.009	1.487	-1.594	6.45084062e-10	9.61652006e-11	-9.61711688e-11
5676.358	1.462	-1.862	5.8944704e-10	8.95501208e-11	-8.95554394e-11
5679.311	1.375	-1.491	6.73586074e-10	1.043053382e-10	-1.04310941e-10
5682.297	1.038	-1.611	7.5018853e-10	1.118331872e-10	-1.11839399e-10
5684.797	1.397	-1.462	6.84773404e-10	1.040319784e-10	-1.040374594e-10
5687.460	1.477	-1.266	6.82645558e-10	1.098817076e-10	-1.098868638e-10
5690.157	1.161	-1.219	8.34340962e-10	1.243781812e-10	-1.243852456e-10
5692.929	1.385	-1.611	6.5352805e-10	9.92853512e-11	-9.92910758e-11
5695.791	1.236	-1.477	7.32756108e-10	1.09234909e-10	-1.09241811e-10
5698.552	1.551	-1.525	6.46295566e-10	9.63459112e-11	-9.63522042e-11
5701.668	1.913	-1.565	5.55280922e-10	8.59860092e-11	-8.59912466e-11
5705.361	1.520	-1.780	6.03785742e-10	9.17285544e-11	-9.17342384e-11
5708.572	1.850	-1.690	5.67473102e-10	8.62117858e-11	-8.62170638e-11
5712.080	1.600	-1.657	6.1675866e-10	9.36993596e-11	-9.3705003e-11
5714.760	1.362	-1.080	8.30084864e-10	1.237440092e-10	-1.237516826e-10
5717.369	1.332	-1.246	7.702429e-10	1.148230118e-10	-1.148299138e-10
5720.239	1.552	-1.538	6.42532758e-10	9.57846162e-11	-9.5790016e-11
5723.635	1.471	-1.844	3.908384578e-10	7.34173048e-11	-7.34200656e-11
5726.603	1.324	-1.497	6.95011912e-10	1.076234138e-10	-1.076297068e-10
5729.832	1.479	-1.905	5.84774386e-10	9.05528596e-11	-9.0557894e-11
5732.891	1.414	-1.580	6.80286698e-10	1.014129536e-10	-1.014191654e-10
5735.856	1.034	-1.551	7.43052674e-10	1.1960557e-10	-1.19612269e-10
5738.812	1.753	-1.922	5.46889308e-10	8.30847738e-11	-8.30899706e-11
5742.436	1.781	-1.870	5.58591446e-10	8.32714526e-11	-8.327669e-11
5745.292	1.442	-1.075	7.98493192e-10	1.2130874e-10	-1.213156826e-10
5748.061	1.203	-1.327	7.89617626e-10	1.177111334e-10	-1.177178324e-10
5750.632	1.717	-1.368	6.43681738e-10	9.5955867e-11	-9.5961145e-11
5753.660	1.214	-1.311	7.75362154e-10	1.177944446e-10	-1.178009e-10
5756.505	1.255	-1.631	6.78313538e-10	1.030507982e-10	-1.030566852e-10
5758.808	1.282	-1.049	8.5268932e-10	1.271136874e-10	-1.271215232e-10
5761.720	1.674	-1.630	5.84469074e-10	9.0505723e-11	-9.05111228e-11
5765.647	1.713	-2.253	4.79780756e-10	7.57401932e-11	-7.57446186e-11
5769.110	1.857	-1.751	5.34904188e-10	8.28304554e-11	-8.28352462e-11
5772.469	1.487	-1.502	6.54931998e-10	9.94985824e-11	-9.95042258e-11
5775.416	1.885	-1.459	5.9373034e-10	8.85095834e-11	-8.85147802e-11
5778.842	1.284	-1.541	6.930623e-10	1.05291431e-10	-1.05297318e-10
5782.061	1.526	-1.934	5.66379338e-10	8.60455288e-11	-8.6050482e-11
5785.384	1.492	-1.798	5.9579282e-10	9.05143302e-11	-9.05199736e-11
5788.671	1.272	-1.795	6.11242744e-10	9.83887002e-11	-9.83941e-11
5791.754	1.495	-1.811	6.1546961e-10	9.17503972e-11	-9.17559594e-11
5795.692	2.844	-2.443	3.768342592e-10	5.68108898e-11	-5.68142596e-11
5800.253	1.422	-1.716	6.43445446e-10	9.59210322e-11	-9.59272846e-11
5803.281	2.125	-1.605	5.09523098e-10	8.04353802e-11	-8.04398868e-11
5807.036	1.667	-1.630	4.0160302e-10	7.3323194e-11	-7.33261172e-11
5809.894	1.602	-1.192	7.10986794e-10	1.05989751e-10	-1.059965718e-10
5813.674	1.837	-2.179	5.00071012e-10	7.59719786e-11	-7.59766476e-11
5816.923	1.334	-1.412	7.42068124e-10	1.106229012e-10	-1.106296814e-10
5820.160	2.146	-1.903	5.02793648e-10	7.4953487e-11	-7.4958359e-11
5824.136	1.728	-1.830	5.26209292e-10	8.47011816e-11	-8.4705607e-11
5826.944	1.249	-1.080	8.52653186e-10	1.271079628e-10	-1.27115149e-10
5829.899	1.723	-1.706	5.79196758e-10	8.63429238e-11	-8.63477958e-11
5833.431	1.988	-1.810	5.23166728e-10	7.79904888e-11	-7.79951984e-11
5837.073	1.279	-1.653	6.3929369e-10	1.029039886e-10	-1.029097944e-10
5840.061	1.952	-1.709	5.35160374e-10	8.1302921e-11	-8.13080366e-11
5843.708	1.579	-1.694	5.98189032e-10	9.0878228e-11	-9.0883709e-11
5846.965	1.376	-1.679	6.4071469e-10	9.73386624e-11	-9.73441434e-11
5850.198	1.474	-1.856	5.87666324e-10	8.92793188e-11	-8.92841908e-11
5853.497	1.735	-1.825	5.57757928e-10	8.3146973e-11	-8.31517638e-11
5857.158	1.485	-1.926	5.86873812e-10	8.81482028e-11	-8.81533996e-11
5860.325	1.351	-1.682	6.54637242e-10	9.75891238e-11	-9.75947672e-11
5863.258	1.713	-1.582	6.02673708e-10	8.9842725e-11	-8.98479218e-11
5866.432	1.407	-1.461	6.92458578e-10	1.03227327e-10	-1.032333764e-10
5869.517	1.665	-1.678	5.94064072e-10	8.85592778e-11	-8.85645152e-11
5873.314	1.901	-2.132	4.78335802e-10	7.40707212e-11	-7.40748218e-11
5876.283	1.158	-1.068	8.99257926e-10	1.366172136e-10	-1.366252524e-10
5879.145	1.939	-1.704	5.51155962e-10	8.37327904e-11	-8.37376624e-11
5882.515	1.409	-1.431	6.97011868e-10	1.079328264e-10	-1.079387134e-10
5885.272	1.361	-1.348	7.51851506e-10	1.12081172e-10	-1.120875056e-10
5888.325	2.171	-1.692	4.97273266e-10	8.00434278e-11	-8.00474066e-11
5892.204	1.704	-1.708	5.79903198e-10	8.97985928e-11	-8.98036272e-11
5895.775	1.644	-1.866	5.77036026e-10	8.60210064e-11	-8.6026325e-11
5899.064	2.027	-1.645	5.40717702e-10	8.06067528e-11	-8.0611503e-11
5903.367	1.935	-2.277	4.64775402e-10	7.060949e-11	-7.06132252e-11
5906.966	1.745	-1.664	5.57695404e-10	8.80397602e-11	-8.80440232e-11
5910.429	1.731	-1.719	3.840893574e-10	7.01256192e-11	-7.01284612e-11
5913.609	2.115	-1.448	3.966011406e-10	7.01106784e-11	-7.01136828e-11
5917.836	2.592	-2.112	4.20184422e-10	6.38352176e-11	-6.38387904e-11
5922.370	1.787	-1.942	5.3851231e-10	8.18118826e-11	-8.18165516e-11
5926.493	2.759	-2.336	3.941105742e-10	5.98740786e-11	-5.9877489e-11
5931.556	2.176	-2.304	4.35389934e-10	6.87324708e-11	-6.8736409e-11
5936.152	1.911	-2.419	4.63838354e-10	7.04673494e-11	-7.04714906e-11
5940.455	2.241	-2.392	4.13683144e-10	6.5305709e-11	-6.53093224e-11
5944.595	1.718	-1.899	5.49587178e-10	8.19291354e-11	-8.19343728e-11
5947.932	1.996	-1.619	5.49853108e-10	8.19688016e-11	-8.19739984e-11
5951.643	2.254	-1.715	3.932058438e-10	6.71059536e-11	-6.71090798e-11
5956.265	1.804	-2.368	4.55647304e-10	7.1930208e-11	-7.19339838e-11
5960.080	2.841	-2.011	4.035832038e-10	6.13131862e-11	-6.13166372e-11
5964.770	2.500	-1.850	3.045386106e-10	5.56015376e-11	-5.56038112e-11
5969.491	2.372	-2.220	4.01856364e-10	6.5967895e-11	-6.59712242e-11
5973.800	1.635	-1.938	5.55883832e-10	8.28676856e-11	-8.28726388e-11
5977.281	1.731	-1.846	3.621199666e-10	6.80226204e-11	-6.8025097e-11
5981.293	1.821	-2.280	4.86499244e-10	7.25240642e-11	-7.25280024e-11
5984.916	1.632	-1.802	3.871502726e-10	7.27245064e-11	-7.2727186e-11
5988.573	1.597	-2.025	3.589692442e-10	6.94037918e-11	-6.94062278e-11
5992.437	1.816	-2.267	4.79300052e-10	7.42199262e-11	-7.42237832e-11
5996.490	2.428	-2.237	4.07430744e-10	6.43184794e-11	-6.43216056e-11
6000.596	1.304	-1.678	6.65895216e-10	9.92673654e-11	-9.92730088e-11
6003.226	1.826	-1.326	6.29970306e-10	9.39119818e-11	-9.39174222e-11
6006.629	1.864	-1.577	5.69263562e-10	8.6483684e-11	-8.64886778e-11
6010.054	1.617	-1.561	6.25358146e-10	9.32245832e-11	-9.32303078e-11
6013.852	1.843	-2.181	4.93821454e-10	7.36157982e-11	-7.36201018e-11
6017.465	1.708	-1.770	5.63327842e-10	8.55818768e-11	-8.5586627e-11
6021.277	2.314	-2.104	3.935453004e-10	6.35658772e-11	-6.35692064e-11
6025.195	1.574	-1.604	6.1625725e-10	9.36229504e-11	-9.36280254e-11
6028.495	1.940	-1.727	5.41511838e-10	8.072498e-11	-8.07292836e-11
6032.381	1.585	-1.946	5.62252348e-10	8.3816873e-11	-8.38214608e-11
6036.341	1.699	-2.375	4.8741112e-10	7.26602366e-11	-7.2664662e-11
6039.879	1.686	-1.838	5.4738138e-10	8.4762447e-11	-8.47670348e-11
6043.190	1.578	-1.625	6.0243092e-10	9.3287026e-11	-9.32922634e-11
6046.794	2.117	-2.027	4.72440276e-10	7.17742634e-11	-7.17787294e-11
6050.464	1.834	-1.553	5.86273338e-10	8.73979554e-11	-8.74031928e-11
6054.544	1.765	-2.245	4.95239612e-10	7.38272836e-11	-7.38318714e-11
6058.131	1.834	-1.822	5.43160604e-10	8.09710566e-11	-8.09760504e-11
6061.903	1.520	-1.938	5.65976992e-10	8.59843852e-11	-8.59892166e-11
6065.249	1.754	-1.825	5.3893455e-10	8.34544368e-11	-8.34588622e-11
6068.651	1.618	-1.648	5.90530654e-10	9.14440296e-11	-9.14487798e-11
6072.116	1.797	-1.847	5.57044992e-10	8.21330286e-11	-8.21376976e-11
6075.438	1.665	-1.525	6.04676506e-10	9.36346026e-11	-9.36394746e-11
6078.187	1.198	-1.084	8.78388714e-10	1.30944541e-10	-1.30952052e-10
6081.459	1.691	-2.073	5.25672154e-10	8.14007264e-11	-8.14051518e-11
6084.908	1.471	-1.758	6.30853762e-10	9.40437288e-11	-9.40493316e-11
6088.177	1.658	-1.797	5.76937774e-10	8.76495536e-11	-8.76545068e-11
6090.902	1.306	-1.068	8.24675726e-10	1.252862408e-10	-1.25293021e-10
6093.483	1.027	-1.275	8.50163594e-10	1.291583846e-10	-1.291653272e-10
6096.010	1.332	-1.500	6.91023774e-10	1.049816124e-10	-1.049872558e-10
6099.007	1.622	-1.665	6.08773046e-10	9.0751962e-11	-9.07571182e-11
6102.281	1.574	-1.653	6.31186276e-10	9.40932202e-11	-9.40986606e-11
6105.551	1.299	-1.695	6.51198016e-10	1.028005804e-10	-1.028060208e-10
6108.044	1.057	-1.194	9.05116912e-10	1.34929228e-10	-1.34937348e-10
6110.625	1.260	-1.524	7.20157116e-10	1.073565906e-10	-1.073631678e-10
6113.171	1.692	-1.286	6.67348696e-10	9.94842912e-11	-9.94905436e-11
6115.922	1.049	-1.059	9.29295024e-10	1.411807754e-10	-1.411895856e-10
6118.494	1.819	-1.522	5.86374432e-10	8.90832208e-11	-8.90884582e-11
6121.458	0.831	-1.145	9.91652564e-10	1.506536892e-10	-1.506619716e-10
6123.779	1.665	-1.490	6.12519614e-10	9.48493546e-11	-9.48549168e-11
6127.125	1.594	-1.681	5.8989161e-10	9.13456152e-11	-9.13514616e-11
6130.612	1.555	-1.893	5.76753044e-10	8.59789042e-11	-8.59843852e-11
6133.515	0.931	-1.348	8.7133487e-10	1.29893204e-10	-1.299010398e-10
6135.819	1.458	-1.373	6.91551168e-10	1.05061838e-10	-1.05067725e-10
6138.789	1.740	-1.512	6.01889316e-10	9.14402132e-11	-9.144541e-11
6142.351	1.594	-1.822	5.81589722e-10	8.66997978e-11	-8.67050758e-11
6145.822	1.188	-1.877	6.20635554e-10	9.79760418e-11	-9.79815634e-11
6149.027	1.921	-2.017	4.97621208e-10	7.55996766e-11	-7.56039802e-11
6153.222	1.577	-2.275	5.16106794e-10	7.69379744e-11	-7.69425622e-11
6156.738	1.639	-1.939	5.5568205e-10	8.28377228e-11	-8.28430008e-11
6159.826	1.595	-1.449	6.43799884e-10	9.78073488e-11	-9.7812911e-11
6162.825	2.074	-1.404	5.49237206e-10	8.6704548e-11	-8.67088516e-11
6166.397	1.560	-1.498	6.566035e-10	9.97523324e-11	-9.97576104e-11
6169.620	1.491	-1.662	6.36960408e-10	9.67681918e-11	-9.67734698e-11
6172.989	1.470	-1.879	6.08414142e-10	9.06984512e-11	-9.07036074e-11
6176.210	1.853	-1.752	5.43089554e-10	8.25071576e-11	-8.25115424e-11
6179.882	1.524	-1.819	5.94052704e-10	8.85574914e-11	-8.85625258e-11
6183.116	1.323	-1.710	6.26654504e-10	9.89259194e-11	-9.89309132e-11
6185.929	1.727	-1.489	6.2008989e-10	9.42051544e-11	-9.42101888e-11
6189.772	1.560	-2.116	5.30503148e-10	8.37472034e-11	-8.37515476e-11
6193.079	1.993	-1.747	5.44731418e-10	8.1205075e-11	-8.12097846e-11
6197.294	2.131	-2.223	4.68073746e-10	6.9777393e-11	-6.97813312e-11
6201.421	1.486	-1.996	5.76953608e-10	8.76520302e-11	-8.76571052e-11
6204.656	1.674	-1.749	5.69862818e-10	8.99607492e-11	-8.99655806e-11
6207.605	1.189	-1.275	7.96234614e-10	1.209657918e-10	-1.209731404e-10
6210.822	2.830	-2.028	3.795483692e-10	6.02322924e-11	-6.02359464e-11
6215.216	1.498	-1.564	6.49701094e-10	9.6853533e-11	-9.6859623e-11
6218.321	1.443	-1.607	6.64992272e-10	9.91329388e-11	-9.91389476e-11
6221.395	1.893	-1.631	5.6984942e-10	8.65727198e-11	-8.65777136e-11
6224.802	1.399	-1.514	6.995786e-10	1.042887328e-10	-1.042947822e-10
6227.796	1.880	-1.595	5.79165496e-10	8.6338336e-11	-8.63434922e-11
6231.758	2.367	-2.082	4.34126462e-10	6.72249928e-11	-6.72290528e-11
6236.212	2.151	-2.087	4.55811328e-10	7.05828158e-11	-7.05867946e-11
6240.267	1.898	-1.904	5.2229261e-10	7.78600004e-11	-7.78643852e-11
6243.889	1.591	-1.724	5.99091976e-10	8.93087132e-11	-8.93136258e-11
6247.343	1.785	-1.864	5.44175198e-10	8.1122048e-11	-8.11264328e-11
6251.130	1.610	-2.002	5.42011218e-10	8.23432148e-11	-8.23473966e-11
6255.190	1.674	-2.450	4.67796854e-10	7.24386418e-11	-7.24424176e-11
6258.550	1.592	-1.686	3.864850416e-10	7.47236504e-11	-7.47260458e-11
6262.007	2.298	-1.864	4.70386728e-10	7.14618464e-11	-7.14653786e-11
6265.579	1.463	-1.275	7.2525404e-10	1.081160136e-10	-1.081217382e-10
6268.540	1.577	-1.497	6.27498984e-10	9.71686296e-11	-9.7173664e-11
6272.086	1.637	-1.970	5.51087348e-10	8.21526384e-11	-8.21575104e-11
6275.231	1.517	-1.508	6.4773646e-10	9.84055898e-11	-9.84114768e-11
6278.017	1.273	-1.269	7.70581098e-10	1.170683136e-10	-1.170751344e-10
6281.126	1.534	-1.836	5.72737298e-10	8.86887512e-11	-8.86933796e-11
6284.213	1.639	-1.553	6.04415448e-10	9.35940432e-11	-9.35987122e-11
6287.833	1.893	-1.982	5.1247553e-10	7.6396411e-11	-7.64005116e-11
6291.036	1.327	-1.309	7.57540378e-10	1.129291436e-10	-1.129354772e-10
6293.833	1.518	-1.471	6.72065198e-10	1.02101489e-10	-1.021073354e-10
6297.026	2.053	-1.674	5.23333188e-10	8.26154378e-11	-8.26198632e-11
6300.558	1.140	-1.479	7.78133916e-10	1.159989908e-10	-1.16005162e-10
6302.905	1.606	-1.207	7.13765458e-10	1.064033026e-10	-1.064088648e-10
6306.205	1.611	-1.695	6.0068918e-10	8.95467104e-11	-8.95515012e-11
6309.016	1.275	-1.199	8.02354252e-10	1.196097924e-10	-1.196165726e-10
6311.723	1.445	-1.432	6.80365462e-10	1.033625656e-10	-1.033684932e-10
6314.718	1.615	-1.550	6.09601692e-10	9.43973954e-11	-9.4402714e-11
6317.897	1.883	-1.563	5.35208688e-10	8.78586436e-11	-8.78630284e-11
6321.134	1.551	-1.354	6.83608996e-10	1.019081112e-10	-1.019139982e-10
6324.289	1.383	-1.604	6.36343288e-10	1.00455565e-10	-1.004608836e-10
6327.270	1.588	-1.599	6.05404058e-10	9.37473488e-11	-9.37525456e-11
6330.452	1.609	-1.594	6.20061064e-10	9.24347508e-11	-9.24400694e-11
6333.733	1.367	-1.672	6.47559444e-10	9.83783472e-11	-9.83836252e-11
6336.777	1.479	-1.677	6.36639668e-10	9.67193906e-11	-9.67245468e-11
6339.747	1.545	-1.492	6.6162978e-10	1.005161402e-10	-1.005219054e-10
6342.983	1.472	-1.691	6.4440117e-10	9.6063254e-11	-9.60688568e-11
6345.987	1.994	-1.531	5.51911934e-10	8.54638526e-11	-8.54681156e-11
6349.772	1.672	-1.792	5.6516012e-10	8.58601898e-11	-8.58648182e-11
6353.033	1.677	-1.589	5.99328674e-10	9.10513058e-11	-9.10567056e-11
6356.734	2.145	-2.023	4.78689428e-10	7.2723735e-11	-7.27284446e-11
6360.161	1.651	-1.282	6.94734614e-10	1.035669054e-10	-1.035735232e-10
6363.599	1.799	-1.786	5.68551032e-10	8.4756154e-11	-8.47614726e-11
6367.676	1.836	-2.278	4.79237528e-10	7.28068026e-11	-7.2811025e-11
6371.992	1.944	-2.481	4.42406832e-10	6.72112294e-11	-6.72148428e-11
6375.383	1.129	-1.447	7.70851088e-10	1.14913631e-10	-1.149204112e-10
6378.309	1.611	-1.797	5.8669233e-10	8.91315754e-11	-8.91368128e-11
6381.609	1.669	-1.690	6.06814502e-10	9.04601292e-11	-9.04656508e-11
6385.056	1.918	-1.778	5.27991632e-10	8.33506226e-11	-8.33546826e-11
6388.762	1.768	-1.789	5.4588933e-10	8.45311894e-11	-8.45353712e-11
6391.444	1.159	-0.914	9.44302814e-10	1.434601406e-10	-1.434676922e-10
6394.439	1.629	-1.836	5.48394756e-10	8.65717454e-11	-8.65764956e-11
6397.612	1.790	-1.544	5.9553704e-10	8.87790862e-11	-8.87847296e-11
6401.157	1.608	-1.755	5.82085448e-10	8.84315502e-11	-8.84365034e-11
6404.742	1.834	-1.977	5.13598526e-10	7.80268664e-11	-7.80311294e-11
6408.094	1.598	-1.519	6.3884912e-10	9.52355418e-11	-9.5241104e-11
6410.943	1.448	-1.251	7.54724768e-10	1.125096238e-10	-1.12516404e-10
6414.037	1.431	-1.646	6.43291166e-10	9.96141706e-11	-9.9619611e-11
6416.628	1.089	-1.160	9.05786812e-10	1.350289416e-10	-1.350367368e-10
6419.752	1.969	-2.036	4.9411621e-10	7.65142728e-11	-7.65183734e-11
6423.789	2.012	-2.067	4.85076214e-10	7.51143848e-11	-7.51184042e-11
6428.046	2.162	-2.245	4.62227752e-10	6.89058734e-11	-6.89096492e-11
6432.561	2.062	-2.354	4.41594832e-10	6.97117022e-11	-6.97149908e-11
6436.372	1.372	-1.749	6.528277e-10	9.7319418e-11	-9.73250614e-11
6440.052	2.167	-2.308	4.3984619e-10	6.81105194e-11	-6.81141734e-11
6444.333	1.971	-2.114	4.79336186e-10	7.28217434e-11	-7.28259252e-11
6448.125	2.166	-1.821	4.91102878e-10	7.4609402e-11	-7.46138274e-11
6452.104	1.943	-1.813	5.2884545e-10	7.88369988e-11	-7.8841749e-11
6455.986	2.766	-1.939	4.2204309e-10	6.29154652e-11	-6.29191192e-11
6460.391	1.909	-1.639	3.57251783e-10	6.90716838e-11	-6.9073998e-11
6463.956	2.343	-1.656	4.92681812e-10	7.62922314e-11	-7.62964538e-11
6468.308	1.800	-2.009	3.492148912e-10	6.55985568e-11	-6.5601074e-11
6472.344	2.175	-2.236	4.59071914e-10	6.84355224e-11	-6.84395012e-11
6476.575	1.687	-2.056	5.30454428e-10	7.90767824e-11	-7.90815326e-11
6480.554	1.868	-2.292	4.63740508e-10	7.18106004e-11	-7.18144168e-11
6484.256	2.389	-1.835	4.63513554e-10	7.04180204e-11	-7.04222428e-11
6488.485	1.891	-1.839	5.32423934e-10	7.93706046e-11	-7.93756796e-11
6492.195	1.793	-1.819	3.666643246e-10	6.69442844e-11	-6.69470858e-11
6496.374	1.659	-2.386	4.8384035e-10	7.35062594e-11	-7.3510969e-11
6500.137	1.715	-2.103	5.20107112e-10	7.75342666e-11	-7.7538895e-11
6503.566	1.634	-1.714	3.86912316e-10	7.26797652e-11	-7.26823636e-11
6506.950	1.676	-1.751	3.86649634e-10	7.05930064e-11	-7.05957672e-11
6510.367	2.045	-1.741	3.849614048e-10	6.70140758e-11	-6.70171614e-11
6515.209	2.000	-2.796	2.643437174e-10	5.11087416e-11	-5.1110528e-11
6520.281	2.221	-3.072	1.9658723e-10	4.86992534e-11	-4.87002684e-11
6524.439	1.435	-1.937	3.842506612e-10	7.21797762e-11	-7.21824152e-11
6527.591	1.903	-1.718	3.71740299e-10	6.78709388e-11	-6.78736184e-11
6531.775	2.213	-2.281	4.53490632e-10	6.76035472e-11	-6.76076072e-11
6536.264	2.621	-2.276	4.08062886e-10	6.19936828e-11	-6.19969714e-11
6540.952	1.922	-2.067	3.177117272e-10	6.14269474e-11	-6.14290586e-11
6544.653	2.142	-1.779	3.30413559e-10	6.20667222e-11	-6.20689552e-11
6548.951	1.823	-2.155	3.328273914e-10	6.07663448e-11	-6.07687402e-11
6553.288	2.546	-2.514	2.448834878e-10	4.87516274e-11	-4.87533732e-11
6557.227	2.240	-1.393	3.500506016e-10	6.7679591e-11	-6.768223e-11
6561.340	1.749	-1.873	3.588558078e-10	6.93818678e-11	-6.93842632e-11
6564.702	2.228	-1.613	3.501944068e-10	6.64816068e-11	-6.64838804e-11
6568.585	1.831	-1.655	5.8108141e-10	8.66240382e-11	-8.66293162e-11
6572.474	1.235	-2.058	4.026234604e-10	7.35096698e-11	-7.35130396e-11
6575.865	1.628	-2.157	3.503792992e-10	6.39711058e-11	-6.3974029e-11
6579.833	2.120	-2.340	3.833349282e-10	6.32634884e-11	-6.32667364e-11
6583.829	1.508	-1.876	5.78386788e-10	8.78696056e-11	-8.78742746e-11
6587.148	1.676	-1.811	5.45028204e-10	8.60400072e-11	-8.60439454e-11
6590.685	1.612	-1.861	3.648165374e-10	7.05342176e-11	-7.05364506e-11
6593.693	1.537	-1.396	6.76693192e-10	1.008768306e-10	-1.008820274e-10
6597.179	1.955	-1.948	5.08592546e-10	7.58175362e-11	-7.5821515e-11
6600.435	1.205	-1.301	7.82021366e-10	1.18806359e-10	-1.188133016e-10
6603.219	1.882	-1.578	5.80376594e-10	8.81720756e-11	-8.81773942e-11
6606.656	1.283	-1.555	6.97488512e-10	1.080067996e-10	-1.080129302e-10
6609.461	1.899	-1.522	5.95519176e-10	8.8776366e-11	-8.8781847e-11
6613.372	1.591	-2.012	5.57507832e-10	8.46978118e-11	-8.47028868e-11
6616.440	1.400	-1.477	6.88101792e-10	1.065532384e-10	-1.065593284e-10
6619.963	1.460	-2.123	5.6057232e-10	8.51634532e-11	-8.516865e-11
6623.118	1.870	-1.695	5.48274986e-10	8.49011772e-11	-8.49065364e-11
6627.333	2.131	-2.345	4.25513578e-10	6.71736744e-11	-6.71780998e-11
6631.744	2.225	-2.279	4.16444756e-10	6.70331984e-11	-6.70372178e-11
6635.530	1.326	-1.561	6.78464976e-10	1.030741432e-10	-1.030807204e-10
6638.155	1.557	-1.299	6.86069356e-10	1.04229335e-10	-1.042358716e-10
6641.452	1.785	-1.739	5.55854194e-10	8.44466196e-11	-8.44517352e-11
6645.086	1.905	-1.849	5.29666788e-10	7.89593672e-11	-7.89639956e-11
6648.446	1.626	-1.455	6.45353646e-10	9.6205354e-11	-9.62112816e-11
6651.846	2.005	-1.774	5.18740516e-10	7.88084976e-11	-7.88136944e-11
6655.845	1.562	-1.994	3.719288048e-10	6.9865495e-11	-6.98687024e-11
6659.415	2.061	-2.008	4.79259858e-10	7.56579782e-11	-7.5662363e-11
6663.198	1.253	-1.721	6.84857852e-10	1.020942622e-10	-1.021002304e-10
6666.125	1.486	-1.674	6.17227996e-10	9.74378888e-11	-9.74428014e-11
6669.237	1.516	-1.626	6.29998726e-10	9.75558318e-11	-9.75610692e-11
6672.572	1.624	-1.819	5.91866394e-10	8.82316764e-11	-8.82368326e-11
6676.421	1.904	-2.226	4.83368984e-10	7.39703174e-11	-7.3974418e-11
6680.221	1.647	-1.897	5.5304711e-10	8.40202384e-11	-8.40254758e-11
6683.632	1.513	-1.764	6.0673249e-10	9.04479898e-11	-9.04536332e-11
6686.824	1.870	-1.678	5.58966996e-10	8.4919366e-11	-8.49241568e-11
6690.334	1.880	-1.640	5.37623576e-10	8.82551432e-11	-8.82595686e-11
6694.025	1.339	-1.810	6.38045646e-10	9.69333526e-11	-9.69391584e-11
6696.714	1.483	-1.351	6.9588806e-10	1.077589772e-10	-1.077651484e-10
6699.816	1.939	-1.618	5.58395348e-10	8.32420582e-11	-8.32469708e-11
6703.564	1.419	-1.810	6.06233922e-10	9.21002474e-11	-9.21054442e-11
6706.370	1.706	-1.386	6.33088386e-10	9.61800602e-11	-9.61855818e-11
6710.257	1.626	-2.182	4.9246176e-10	7.92689016e-11	-7.9272718e-11
6713.397	1.677	-1.515	6.23002534e-10	9.28733526e-11	-9.28789148e-11
6717.078	1.359	-2.004	5.74486752e-10	8.89600404e-11	-8.89654808e-11
6719.798	1.194	-1.361	7.84287658e-10	1.191507688e-10	-1.191579956e-10
6722.795	1.917	-1.803	5.40077034e-10	8.20497174e-11	-8.20545894e-11
6726.690	1.730	-1.978	5.2620645e-10	8.30690616e-11	-8.307369e-11
6729.503	1.678	-1.083	6.99710144e-10	1.104591614e-10	-1.104655356e-10
6732.770	1.195	-1.589	7.13205584e-10	1.063203568e-10	-1.063270558e-10
6735.970	1.546	-2.005	3.648257536e-10	6.85308918e-11	-6.8533409e-11
6739.110	1.741	-1.593	5.8947952e-10	8.95549116e-11	-8.95600678e-11
6742.734	2.209	-1.883	4.97865214e-10	7.42186676e-11	-7.42232148e-11
6746.540	1.626	-1.597	6.31944684e-10	9.4206413e-11	-9.42120564e-11
6750.218	2.170	-2.052	4.6878181e-10	7.25913384e-11	-7.25954796e-11
6754.450	1.512	-2.062	3.799884732e-10	6.93769146e-11	-6.9379716e-11
6757.653	2.003	-1.690	5.43718042e-10	8.26028112e-11	-8.26076832e-11
6761.966	1.945	-2.311	4.44807916e-10	7.15984654e-11	-7.16022818e-11
6765.788	1.728	-1.876	5.43058292e-10	8.25024886e-11	-8.25071576e-11
6769.490	1.659	-1.974	5.38803006e-10	8.18562178e-11	-8.1861171e-11
6772.849	1.827	-1.701	5.727848e-10	8.53874028e-11	-8.53928838e-11
6776.227	1.521	-1.550	6.63767776e-10	9.89504012e-11	-9.89564912e-11
6779.303	1.694	-1.555	6.1846589e-10	9.39585906e-11	-9.39638686e-11
6783.031	2.251	-2.035	4.75437774e-10	7.0875217e-11	-7.0879277e-11
6787.612	1.747	-2.329	4.78390612e-10	7.55205472e-11	-7.55246072e-11
6791.198	1.662	-1.840	5.81804496e-10	8.6731953e-11	-8.67375152e-11
6794.713	1.465	-1.853	5.84616452e-10	9.05284996e-11	-9.05337776e-11
6797.885	1.604	-1.707	5.66188112e-10	9.11364846e-11	-9.11413972e-11
6800.954	1.559	-1.465	6.47934994e-10	9.84358774e-11	-9.84420892e-11
6804.488	1.752	-1.975	5.18289044e-10	8.02577552e-11	-8.02627896e-11
6807.881	1.736	-1.641	5.80583654e-10	8.82038654e-11	-8.82097524e-11
6811.125	1.467	-1.508	6.68607296e-10	9.96723098e-11	-9.9679293e-11
6814.108	1.658	-1.516	6.29842822e-10	9.38933464e-11	-9.38995988e-11
6817.755	1.674	-1.989	5.40992158e-10	8.37733092e-11	-8.37783436e-11
6821.206	2.016	-1.777	5.30138154e-10	8.05399658e-11	-8.05450814e-11
6825.266	1.942	-2.043	4.97180698e-10	7.69891304e-11	-7.69938806e-11
6829.125	1.766	-1.917	5.37835508e-10	8.32844852e-11	-8.32895602e-11
6832.787	1.908	-1.897	5.28130078e-10	8.02347756e-11	-8.02396882e-11
6836.316	2.368	-1.620	4.043669056e-10	6.73955128e-11	-6.73989638e-11
6840.901	2.025	-2.217	4.55285964e-10	7.05015346e-11	-7.0505757e-11
6844.673	1.983	-1.747	5.0239049e-10	8.08673236e-11	-8.08717896e-11
6848.542	1.895	-1.885	5.11022862e-10	7.9132648e-11	-7.91375606e-11
6852.705	1.634	-2.268	5.02457886e-10	7.63347802e-11	-7.63398146e-11
6856.644	2.022	-2.305	4.59685786e-10	6.85272784e-11	-6.85318256e-11
6860.762	1.793	-2.096	5.0422358e-10	7.6603065e-11	-7.66082618e-11
6864.565	1.705	-2.010	5.27891756e-10	8.01985198e-11	-8.02033918e-11
6867.962	1.793	-1.692	5.68498252e-10	8.63674056e-11	-8.63723588e-11
6871.296	1.512	-1.541	6.48608142e-10	1.004376604e-10	-1.004434256e-10
6875.256	1.730	-2.448	4.87944604e-10	7.2739772e-11	-7.2744238e-11
6878.991	2.284	-2.005	4.7534074e-10	7.08608852e-11	-7.08652294e-11
6882.887	1.626	-1.612	6.20948986e-10	9.43360082e-11	-9.43417734e-11
6886.703	2.384	-2.190	4.4592807e-10	6.64763694e-11	-6.64807948e-11
6891.294	1.665	-2.207	5.07733044e-10	7.71359806e-11	-7.71406902e-11
6895.242	2.052	-2.284	4.52060294e-10	6.86781886e-11	-6.86825734e-11
6899.806	2.270	-2.512	4.09778236e-10	6.22545378e-11	-6.22585166e-11
6904.313	1.918	-2.237	4.71600668e-10	7.16466576e-11	-7.1651083e-11
6907.876	2.071	-1.645	3.964179128e-10	6.97131232e-11	-6.97163306e-11
6912.100	2.516	-2.152	4.25724292e-10	6.34644584e-11	-6.3468559e-11
6916.653	1.558	-2.038	3.60608591e-10	6.77388264e-11	-6.77415466e-11
6920.511	1.839	-2.299	4.73329416e-10	7.19091772e-11	-7.19133996e-11
6924.232	1.752	-1.883	3.56430648e-10	6.69539878e-11	-6.6956505e-11
6928.005	2.264	-2.020	3.781909082e-10	6.41819822e-11	-6.41851084e-11
6932.820	2.126	-2.551	4.30813502e-10	6.42232318e-11	-6.4227576e-11
6936.681	1.627	-1.735	3.868527558e-10	7.4794944e-11	-7.4797786e-11
6940.059	1.644	-1.751	3.832059014e-10	7.40899656e-11	-7.40930106e-11
6943.193	1.575	-1.490	6.57073648e-10	9.7952981e-11	-9.79598424e-11
6946.523	1.720	-1.755	5.72397476e-10	8.53297914e-11	-8.53356784e-11
6950.258	2.200	-2.015	4.7188365e-10	7.03456712e-11	-7.03503808e-11
6954.014	1.602	-1.556	6.11341402e-10	9.65087984e-11	-9.65141982e-11
6957.088	1.378	-1.472	7.14825118e-10	1.065616832e-10	-1.06568098e-10
6960.008	1.464	-1.542	6.6794105e-10	1.014749904e-10	-1.014808774e-10
6963.150	1.251	-1.678	6.95340772e-10	1.036571998e-10	-1.036637364e-10
6965.968	1.628	-1.567	6.04359014e-10	9.3585842e-11	-9.35916884e-11
6969.156	1.547	-1.560	6.39925426e-10	9.5396399e-11	-9.54027732e-11
6972.578	1.873	-1.875	5.15153506e-10	7.97721386e-11	-7.97770106e-11
6976.519	1.331	-2.068	5.90539586e-10	8.97162966e-11	-8.97220212e-11
6979.706	1.651	-1.856	5.81882042e-10	8.6743727e-11	-8.67497764e-11
6983.151	1.774	-1.795	5.6357469e-10	8.56198784e-11	-8.56257248e-11
6986.764	1.840	-1.839	5.44091156e-10	8.1110071e-11	-8.11157144e-11
6990.138	1.300	-1.534	6.91362378e-10	1.050334586e-10	-1.050400358e-10
6993.515	2.179	-2.077	4.67094474e-10	6.9631639e-11	-6.96360644e-11
6997.990	2.200	-2.296	4.2933485e-10	6.64829466e-11	-6.64868036e-11
7002.447	1.244	-2.257	5.59359192e-10	8.49790074e-11	-8.49840012e-11
7005.503	1.204	-1.812	6.49449374e-10	9.86656328e-11	-9.8671195e-11
7008.620	1.882	-1.913	5.35673152e-10	7.98546784e-11	-7.98592256e-11
7012.608	1.707	-2.106	5.19097796e-10	8.0382722e-11	-8.03870662e-11
7016.371	2.067	-2.057	4.72946558e-10	7.46612888e-11	-7.46655518e-11
7020.157	1.993	-1.718	5.4172986e-10	8.23009502e-11	-8.23061064e-11
7023.676	1.559	-1.526	6.61141768e-10	9.85590172e-11	-9.85652696e-11
7027.017	1.864	-1.782	5.5884682e-10	8.33094948e-11	-8.33146916e-11
7030.605	1.842	-1.725	5.56889494e-10	8.30178244e-11	-8.30232242e-11
7034.406	1.502	-1.959	5.74065324e-10	8.55782228e-11	-8.55836632e-11
7038.077	2.610	-2.169	4.1578866e-10	6.19832486e-11	-6.19871462e-11
7042.497	1.764	-1.811	5.48382576e-10	8.33116872e-11	-8.33170058e-11
7046.459	2.228	-2.198	4.3639925e-10	6.75770354e-11	-6.75812172e-11
7050.844	2.629	-2.157	4.09575236e-10	6.22236818e-11	-6.22274982e-11
7055.473	1.918	-2.000	5.0759338e-10	7.56691026e-11	-7.56742182e-11
7059.611	2.062	-2.220	4.5759854e-10	6.95195018e-11	-6.95238866e-11
7063.526	2.239	-1.853	4.71504852e-10	7.301301e-11	-7.30171512e-11
7067.969	1.842	-2.204	4.90902314e-10	7.3180688e-11	-7.31851134e-11
7071.268	1.571	-1.457	6.37585648e-10	9.87309582e-11	-9.87368858e-11
7074.835	2.016	-1.996	4.95670784e-10	7.38917564e-11	-7.38967502e-11
7078.418	1.715	-1.568	3.952376302e-10	7.42439208e-11	-7.42472094e-11
7081.961	1.676	-1.827	3.619761208e-10	6.99853868e-11	-6.99882694e-11
7085.569	1.658	-1.932	5.29436992e-10	8.35789164e-11	-8.35833012e-11
7089.071	1.975	-1.844	4.043480672e-10	6.83482324e-11	-6.83513992e-11
7093.315	1.870	-2.268	4.6667873e-10	7.22658076e-11	-7.2270233e-11
7097.118	2.412	-1.933	4.51279556e-10	6.85596772e-11	-6.85643056e-11
7101.405	1.540	-1.875	3.88188171e-10	7.0874202e-11	-7.08774906e-11
7105.316	1.953	-2.370	4.59983384e-10	6.85716136e-11	-6.85760796e-11
7108.993	2.316	-1.725	4.04681921e-10	6.6530408e-11	-6.6534062e-11
7113.296	1.966	-1.987	5.0316392e-10	7.5008906e-11	-7.50141434e-11
7117.016	1.779	-1.754	3.844157408e-10	7.17033758e-11	-7.17066644e-11
7120.936	1.780	-2.141	5.07478888e-10	7.5652416e-11	-7.56581406e-11
7124.828	2.283	-2.112	3.922123618e-10	6.28054798e-11	-6.28092962e-11
7128.908	1.797	-1.797	3.730798148e-10	6.8878306e-11	-6.88812698e-11
7132.956	2.209	-2.251	4.39233942e-10	6.67294698e-11	-6.67335704e-11
7137.097	2.395	-1.931	4.31097296e-10	7.21862316e-11	-7.21899262e-11
7141.301	2.576	-1.809	3.100974408e-10	5.66165376e-11	-5.66190548e-11
7146.020	1.822	-2.142	4.9317023e-10	7.6368194e-11	-7.6373066e-11
7149.250	1.858	-1.408	4.053013958e-10	7.39984938e-11	-7.40016606e-11
7153.350	1.909	-2.242	4.78444204e-10	7.13236846e-11	-7.1328313e-11
7156.912	1.962	-1.653	3.350625026e-10	6.87145662e-11	-6.87171646e-11
7160.961	2.346	-2.088	2.861166448e-10	5.53184338e-11	-5.5320545e-11
7165.199	1.673	-1.892	3.71699293e-10	6.78635496e-11	-6.78663916e-11
7168.964	1.762	-2.092	3.442808544e-10	6.2857732e-11	-6.28607364e-11
7173.102	2.263	-2.375	4.29098558e-10	6.39677766e-11	-6.39724456e-11
7177.109	1.739	-1.745	3.72607109e-10	6.99927354e-11	-6.9995618e-11
7180.858	2.130	-2.010	4.73262426e-10	7.1899149e-11	-7.1903615e-11
7184.850	1.786	-1.862	3.555488972e-10	6.6788421e-11	-6.67911006e-11
7188.669	2.068	-2.034	3.23103529e-10	5.89911098e-11	-5.89935864e-11
7192.786	2.335	-2.048	4.40791764e-10	6.82571666e-11	-6.82613484e-11
7197.292	2.263	-2.170	4.42238748e-10	6.7186098e-11	-6.71905234e-11
7201.517	1.890	-1.961	3.07441064e-10	6.49796504e-11	-6.4981721e-11
7206.162	2.664	-2.755	2.446998946e-10	4.46765242e-11	-4.46785948e-11
7210.732	2.061	-1.906	3.198882526e-10	6.184801e-11	-6.18506084e-11
7214.891	1.753	-2.097	3.369945754e-10	6.33031952e-11	-6.33059966e-11
7218.715	1.987	-2.071	3.197133478e-10	6.00568598e-11	-6.00592552e-11
7222.317	1.876	-1.615	3.971047024e-10	7.2096668e-11	-7.20996318e-11
7226.166	2.766	-1.974	3.830818684e-10	6.20328618e-11	-6.20364752e-11
7231.530	1.701	-2.598	3.085286974e-10	5.63301452e-11	-5.63326218e-11
7235.923	2.332	-2.692	2.639580174e-10	4.81926466e-11	-4.81949202e-11
7241.703	2.948	-3.448	1.895670434e-10	3.887640008e-11	-3.887789822e-11
7247.914	4.308	-3.263	1.600880736e-10	3.283078806e-11	-3.283193704e-11
7255.377	2.895	-3.154	2.004478028e-10	4.11077842e-11	-4.11092458e-11
7261.111	2.615	-2.840	2.431191336e-10	4.43878582e-11	-4.4389807e-11
7266.072	2.597	-2.346	2.62821258e-10	4.9370209e-11	-4.93726856e-11
7281.328	11.160	-8.898	1.285110582e-10	2.903205718e-11	-2.903205718e-11
7303.351	9.196	-10.863	1.57348142e-10	3.225565252e-11	-3.225565252e-11
7320.820	6.771	-8.273	1.719743326e-10	3.858582994e-11	-3.858582994e-11
7336.490	8.652	-8.899	1.490384182e-10	3.343970686e-11	-3.343970686e-11
7358.199	9.509	-13.057	1.38308975e-10	2.835270956e-11	-2.835270956e-11
7380.365	14.923	-12.657	9.33091936e-11	2.093575134e-11	-2.093575134e-11
7407.570	15.299	-12.282	9.3486981e-11	2.09756449e-11	-2.09756449e-11
7437.491	10.451	-14.622	1.083295696e-10	2.371625046e-11	-2.371625046e-11
7465.614	17.430	-17.672	7.32979002e-11	1.66445384e-11	-1.66445384e-11
7511.584	21.605	-28.540	6.99281814e-11	1.359462986e-11	-1.359462986e-11
10741.243	13.291	-11.782	1.57946586e-10	3.572976204e-11	-3.572976204e-11
10766.530	13.077	-11.997	1.668502878e-10	3.65242878e-11	-3.65242878e-11
10793.966	8.207	-14.359	1.937043864e-10	4.16093566e-11	-4.16093566e-11
10811.061	8.663	-8.888	2.459373826e-10	5.28294508e-11	-5.28294508e-11
10830.404	9.379	-10.680	2.487762564e-10	5.00188346e-11	-5.00188346e-11
10850.721	11.627	-10.939	1.918384916e-10	4.12085534e-11	-4.12085534e-11
10868.855	6.030	-6.506	3.327367722e-10	7.29523536e-11	-7.29523536e-11
10880.914	6.508	-6.029	3.356398752e-10	7.34730892e-11	-7.34730892e-11
10900.584	6.896	-13.162	2.392303438e-10	4.92380966e-11	-4.92380966e-11
10915.685	6.839	-8.205	2.89589041e-10	6.2112519e-11	-6.2112519e-11
10931.090	6.478	-8.566	3.163015268e-10	6.4831704e-11	-6.4831704e-11
10944.215	8.396	-6.647	4.32982354e-10	7.56746648e-11	-7.56746648e-11
10961.148	6.508	-8.536	2.782122714e-10	6.09978866e-11	-6.09978866e-11
10977.684	7.523	-10.028	2.500787856e-10	5.3396917e-11	-5.3396917e-11
10998.124	7.141	-12.917	2.271452666e-10	4.75674066e-11	-4.75674066e-11
11014.783	5.526	-9.518	3.564958922e-10	6.88596706e-11	-6.88596706e-11
11027.329	5.517	-7.020	3.183718832e-10	7.16621668e-11	-7.16621668e-11
11039.239	6.143	-6.393	3.172598086e-10	7.11759006e-11	-7.11759006e-11
11052.789	10.144	-7.407	2.477930462e-10	5.31479172e-11	-5.31479172e-11
11070.455	7.523	-7.521	2.637490898e-10	5.91709678e-11	-5.91709678e-11
11086.251	9.278	-8.273	2.294765998e-10	5.16527816e-11	-5.16527816e-11
11103.587	9.493	-8.058	2.38541849e-10	5.23001892e-11	-5.23001892e-11
11121.729	8.902	-8.649	2.27597104e-10	5.12297296e-11	-5.12297296e-11
11136.773	6.394	-6.142	3.183058676e-10	7.14105686e-11	-7.14105686e-11
11149.674	6.030	-6.506	3.332712712e-10	7.2725765e-11	-7.2725765e-11
11166.270	6.986	-10.565	2.37984208e-10	5.2177902e-11	-5.2177902e-11
11187.044	8.777	-13.789	1.743967316e-10	3.95168326e-11	-3.95168326e-11
11203.228	7.637	-7.407	2.907164218e-10	6.22605872e-11	-6.22605872e-11
11217.816	8.093	-6.951	2.896462058e-10	6.1845371e-11	-6.1845371e-11
11234.433	9.028	-8.524	2.281730556e-10	5.13593654e-11	-5.13593654e-11
11254.263	14.270	-10.803	1.652571032e-10	3.640461118e-11	-3.640461118e-11
11281.218	9.882	-12.684	2.199418116e-10	4.42800246e-11	-4.42800246e-11
11302.004	11.661	-10.905	1.739496038e-10	3.941552342e-11	-3.941552342e-11
11320.978	5.224	-7.313	3.83716893e-10	7.86496704e-11	-7.86496704e-11
11334.726	11.534	-8.524	2.002718424e-10	4.47821654e-11	-4.47821654e-11
11356.945	9.374	-10.685	2.079575848e-10	4.5594612e-11	-4.5594612e-11
11377.382	8.995	-11.063	2.27774729e-10	4.76992348e-11	-4.76992348e-11
11397.909	11.034	-11.532	1.758533784e-10	3.945194974e-11	-3.945194974e-11
11419.724	6.771	-10.781	2.843051134e-10	5.70112508e-11	-5.70112508e-11
11435.369	8.677	-8.874	2.832734674e-10	5.69548168e-11	-5.69548168e-11
11453.617	10.487	-9.572	2.176859538e-10	4.66202086e-11	-4.66202086e-11
11474.245	12.425	-10.141	1.934775542e-10	4.15606366e-11	-4.15606366e-11
11494.988	9.233	-8.318	2.476753874e-10	5.3122664e-11	-5.3122664e-11
11515.959	8.321	-11.737	2.173466596e-10	4.66176102e-11	-4.66176102e-11
11531.550	7.773	-7.270	2.619132796e-10	5.88563584e-11	-5.88563584e-11
11548.534	8.341	-9.211	2.606699046e-10	5.45879586e-11	-5.45879586e-11
11567.530	6.896	-10.655	2.257285296e-10	5.0725031e-11	-5.0725031e-11
11584.991	12.001	-10.565	1.83686986e-10	4.033683486e-11	-4.033683486e-11
11606.960	7.583	-9.968	2.329710824e-10	5.09984314e-11	-5.09984314e-11
11623.067	11.535	-8.524	1.980235768e-10	4.44992646e-11	-4.44992646e-11
11644.972	9.689	-10.370	2.176795796e-10	4.66188282e-11	-4.66188282e-11
11665.189	9.529	-10.529	1.989091846e-10	4.44774624e-11	-4.44774624e-11
11685.749	11.536	-11.030	1.759020172e-10	3.959369246e-11	-3.959369246e-11
11716.522	13.358	-19.238	1.385486368e-10	2.918188336e-11	-2.918188336e-11
11738.893	6.030	-9.014	2.770431944e-10	6.08374354e-11	-6.08374354e-11
11752.319	10.156	-7.396	2.252192026e-10	5.06105796e-11	-5.06105796e-11
11769.870	12.663	-7.396	1.995839566e-10	4.47757912e-11	-4.47757912e-11
11793.188	11.911	-10.655	1.741942594e-10	3.93396948e-11	-3.93396948e-11
11816.619	11.046	-11.519	1.83784426e-10	4.029464334e-11	-4.029464334e-11
11835.061	10.156	-7.396	2.234051946e-10	5.03696592e-11	-5.03696592e-11
11852.623	7.637	-7.407	2.918933752e-10	6.24187648e-11	-6.24187648e-11
11872.377	7.941	-12.117	2.048949644e-10	4.50651068e-11	-4.50651068e-11
11891.724	16.175	-11.406	1.426623506e-10	3.22722498e-11	-3.22722498e-11
11917.032	10.926	-9.132	2.085631338e-10	4.5727374e-11	-4.5727374e-11
11940.742	14.797	-12.784	1.431745196e-10	3.228057686e-11	-3.228057686e-11
11971.707	16.427	-16.168	1.218809158e-10	2.738871128e-11	-2.738871128e-11
12005.500	17.736	-17.367	1.17826478e-10	2.587416888e-11	-2.587416888e-11
12035.770	15.046	-12.534	1.43942834e-10	3.234639758e-11	-3.234639758e-11
12068.112	15.300	-17.296	1.210668452e-10	2.720577986e-11	-2.720577986e-11
12093.738	9.732	-10.326	2.067348346e-10	4.56139782e-11	-4.56139782e-11
12112.722	13.314	-9.252	1.857457308e-10	4.06605752e-11	-4.06605752e-11
12141.016	17.615	-14.980	1.282006712e-10	2.81079281e-11	-2.81079281e-11
12172.545	11.159	-13.914	1.58599028e-10	3.569896694e-11	-3.569896694e-11
12194.747	11.524	-11.042	1.847711684e-10	4.044725468e-11	-4.044725468e-11
12214.794	11.535	-8.524	1.978000738e-10	4.4375597e-11	-4.4375597e-11
12250.262	13.677	-23.933	1.097765942e-10	2.429814184e-11	-2.429814184e-11
12278.381	8.123	-14.443	2.007855542e-10	4.2168581e-11	-4.2168581e-11
12305.056	14.044	-18.551	1.234570078e-10	2.765136486e-11	-2.765136486e-11
12331.097	13.076	-11.997	1.666345394e-10	3.665003006e-11	-3.665003006e-11
12354.259	14.987	-10.086	1.65813851e-10	3.641197196e-11	-3.641197196e-11
12379.224	7.573	-9.978	2.805144944e-10	5.65498724e-11	-5.65498724e-11
12395.948	8.401	-9.151	2.289382032e-10	5.13613142e-11	-5.13613142e-11
12414.237	7.662	-9.889	3.025440544e-10	5.87983816e-11	-5.87983816e-11
12437.945	11.535	-16.046	1.442263438e-10	3.241011116e-11	-3.241011116e-11
12458.130	11.409	-8.649	1.993120584e-10	4.471481e-11	-4.471481e-11
12480.242	6.848	-10.703	2.963295748e-10	5.81150024e-11	-5.81150024e-11
12497.297	7.344	-10.207	2.373034272e-10	5.17838384e-11	-5.17838384e-11
12510.282	6.896	-5.641	3.162014884e-10	7.0821422e-11	-7.0821422e-11
12526.294	8.435	-9.116	2.47876804e-10	5.3085921e-11	-5.3085921e-11
12542.250	7.523	-7.521	2.630480496e-10	5.92093348e-11	-5.92093348e-11
12564.158	10.688	-14.385	1.670287248e-10	3.662096046e-11	-3.662096046e-11
12588.508	13.919	-13.662	1.43246341e-10	3.203085844e-11	-3.203085844e-11
12617.414	12.594	-14.987	1.64246082e-10	3.454446534e-11	-3.454446534e-11
12640.787	11.786	-10.779	1.759664494e-10	3.947732068e-11	-3.947732068e-11
12664.083	11.057	-11.509	1.941840754e-10	4.15245026e-11	-4.15245026e-11
12686.965	13.247	-11.826	1.819614454e-10	3.821519254e-11	-3.821519254e-11
12712.121	8.150	-11.908	1.990485238e-10	4.45820074e-11	-4.45820074e-11
12735.313	12.539	-15.042	1.592817576e-10	3.41635602e-11	-3.41635602e-11
12760.386	12.539	-12.534	1.582676508e-10	3.56835227e-11	-3.56835227e-11
12789.332	13.680	-16.407	1.445526866e-10	3.086494824e-11	-3.086494824e-11
12814.634	15.959	-11.622	1.580729738e-10	3.390430078e-11	-3.390430078e-11
12838.890	9.254	-8.297	2.379804322e-10	5.20131472e-11	-5.20131472e-11
12861.556	11.661	-13.412	1.582097552e-10	3.537678158e-11	-3.537678158e-11
12890.766	12.539	-17.548	1.32890093e-10	2.981332298e-11	-2.981332298e-11
12915.085	20.815	-11.780	1.212998486e-10	2.730332136e-11	-2.730332136e-11
12948.852	12.121	-12.952	1.651819526e-10	3.621606072e-11	-3.621606072e-11
12976.724	9.323	-15.751	1.817880022e-10	3.806896758e-11	-3.806896758e-11
13005.681	20.483	-19.634	1.036659694e-10	2.280055806e-11	-2.280055806e-11
13040.829	15.423	-14.665	1.326991106e-10	2.981974184e-11	-2.981974184e-11
13075.394	15.960	-19.142	1.242602382e-10	2.661189524e-11	-2.661189524e-11
13104.229	17.213	-12.875	1.447317326e-10	3.099612278e-11	-3.099612278e-11
13145.483	23.598	-24.041	9.24559846e-11	1.974123844e-11	-1.974123844e-11
13190.387	18.812	-21.306	9.90110982e-11	2.224947396e-11	-2.224947396e-11
13266.960	45.020	-57.761	5.60346584e-11	1.047676098e-11	-1.047676098e-11
16576.525	11.911	-10.655	1.88981429e-10	4.2577829e-11	-4.2577829e-11
16597.713	10.782	-9.276	2.140309388e-10	4.82215538e-11	-4.82215538e-11
16624.106	16.984	-15.612	1.440207454e-10	3.097007382e-11	-3.097007382e-11
16655.378	20.814	-14.288	1.21161768e-10	2.740178042e-11	-2.740178042e-11
16693.865	19.937	-17.673	1.136671704e-10	2.56094041e-11	-2.56094041e-11
16739.874	19.060	-26.072	9.45912604e-11	2.131157742e-11	-2.131157742e-11
16782.751	13.793	-23.817	1.195850264e-10	2.633141014e-11	-2.633141014e-11
16817.725	21.443	-21.181	1.003270254e-10	2.260385106e-11	-2.260385106e-11
16855.462	21.316	-16.294	1.144260656e-10	2.57316304e-11	-2.57316304e-11
16894.577	14.796	-17.799	1.32791029e-10	2.991804662e-11	-2.991804662e-11
16926.670	20.313	-17.297	1.132540654e-10	2.561338696e-11	-2.561338696e-11
16969.044	18.056	-22.062	1.057685216e-10	2.382982896e-11	-2.382982896e-11
17021.514	13.225	-34.414	9.89020466e-11	2.130452926e-11	-2.130452926e-11
17054.302	20.554	-19.563	1.24198851e-10	2.593967698e-11	-2.593967698e-11
17099.550	12.915	-24.694	1.131136706e-10	2.567929294e-11	-2.567929294e-11
17147.683	32.480	-35.218	6.32323076e-11	1.432778466e-11	-1.432778466e-11
17194.190	18.568	-14.027	1.389180156e-10	3.042339482e-11	-3.042339482e-11
17245.289	15.108	-32.531	9.37788544e-11	2.072404264e-11	-2.072404264e-11
17279.702	10.783	-19.305	1.43300136e-10	3.22857696e-11	-3.22857696e-11
17306.028	14.545	-15.543	1.43413004e-10	3.237252774e-11	-3.237252774e-11
17333.526	14.628	-12.953	1.631089978e-10	3.565717736e-11	-3.565717736e-11
17361.465	9.254	-13.312	2.028732468e-10	4.45900462e-11	-4.45900462e-11
17396.535	31.853	-25.816	7.3981726e-11	1.669985184e-11	-1.669985184e-11
17445.875	20.122	-17.487	1.201561872e-10	2.636188856e-11	-2.636188856e-11
17491.188	29.970	-25.191	7.73589964e-11	1.766332638e-11	-1.766332638e-11
17539.334	16.927	-18.176	1.226593396e-10	2.75830919e-11	-2.75830919e-11
17577.819	16.051	-21.559	1.142539622e-10	2.564442972e-11	-2.564442972e-11
17614.051	19.936	-20.181	1.072021482e-10	2.406164684e-11	-2.406164684e-11
17653.416	18.181	-19.429	1.14032002e-10	2.578932706e-11	-2.578932706e-11
17692.068	24.661	-20.471	9.9438535e-11	2.18953567e-11	-2.18953567e-11
17740.431	13.907	-23.702	1.243798864e-10	2.679271952e-11	-2.679271952e-11
17776.649	20.314	-22.310	9.93713014e-11	2.264592078e-11	-2.264592078e-11
17811.945	15.106	-14.982	1.51132891e-10	3.315808496e-11	-3.315808496e-11
17857.019	22.686	-29.968	8.97313186e-11	1.926251572e-11	-1.926251572e-11
17899.103	18.212	-19.398	1.2029983e-10	2.639340634e-11	-2.639340634e-11
17933.234	14.169	-15.919	1.421778302e-10	3.20329128e-11	-3.20329128e-11
17969.650	20.377	-22.247	1.197789726e-10	2.48390191e-11	-2.48390191e-11
18006.561	16.061	-16.534	1.379410984e-10	3.037322134e-11	-3.037322134e-11
18040.420	17.304	-17.798	1.220555364e-10	2.749932192e-11	-2.749932192e-11
18080.824	19.525	-23.099	1.053757572e-10	2.320267264e-11	-2.320267264e-11
18132.043	25.974	-31.694	7.78290632e-11	1.716818502e-11	-1.716818502e-11
18175.442	12.664	-17.424	1.42938796e-10	3.238844294e-11	-3.238844294e-11
18211.545	16.678	-23.439	1.076336044e-10	2.420416908e-11	-2.420416908e-11
18236.161	14.627	-7.939	1.997306038e-10	4.37415062e-11	-4.37415062e-11
18269.466	13.918	-18.677	1.322262018e-10	2.979079404e-11	-2.979079404e-11
18300.180	13.291	-16.797	1.427961276e-10	3.22945798e-11	-3.22945798e-11
18328.454	10.090	-14.983	1.826666674e-10	4.000445078e-11	-4.000445078e-11
18352.835	13.290	-14.290	1.568853426e-10	3.548098554e-11	-3.548098554e-11
18385.498	13.223	-19.372	1.44609892e-10	3.109676206e-11	-3.109676206e-11
18419.671	14.152	-20.951	1.29021725e-10	2.825608156e-11	-2.825608156e-11
18453.102	15.823	-19.280	1.286102846e-10	2.83699402e-11	-2.83699402e-11
18493.995	15.047	-25.070	1.177825488e-10	2.537158554e-11	-2.537158554e-11
18524.712	14.418	-15.669	1.446751768e-10	3.26574423e-11	-3.26574423e-11
18563.424	15.823	-24.294	1.142638686e-10	2.520528388e-11	-2.520528388e-11
18602.348	19.524	-23.100	1.076039664e-10	2.365055966e-11	-2.365055966e-11
18640.673	21.316	-18.801	1.0766714e-10	2.421171256e-11	-2.421171256e-11
18679.955	19.644	-17.966	1.22046239e-10	2.687333894e-11	-2.687333894e-11
18717.148	20.061	-17.549	1.142904616e-10	2.579871784e-11	-2.579871784e-11
18754.006	15.798	-16.797	1.328876164e-10	2.993980822e-11	-2.993980822e-11
18793.367	24.076	-23.563	9.13532886e-11	2.062112164e-11	-2.062112164e-11
18843.138	21.944	-25.695	9.169916e-11	2.054319806e-11	-2.054319806e-11
18890.528	14.671	-25.446	1.06942836e-10	2.404883348e-11	-2.404883348e-11
18933.549	21.796	-28.350	9.0409501e-11	2.008872572e-11	-2.008872572e-11
18972.891	30.093	-17.546	9.06215142e-11	2.041718784e-11	-2.041718784e-11
19045.269	47.960	-42.285	8.41736252e-11	1.432028178e-11	-1.432028178e-11
22322.660	19.835	-25.297	8.81805204e-11	1.889608448e-11	-1.889608448e-11
22375.207	29.970	-32.713	5.79251974e-11	1.30252108e-11	-1.30252108e-11
22422.474	22.820	-17.297	9.00234356e-11	2.043411804e-11	-2.043411804e-11
22468.996	18.923	-23.701	9.35781686e-11	2.012118136e-11	-2.012118136e-11
22520.633	27.461	-32.715	5.94154204e-11	1.351202916e-11	-1.351202916e-11
22573.545	19.681	-25.451	9.28559758e-11	1.942469648e-11	-1.942469648e-11
22611.026	17.303	-17.799	1.020406702e-10	2.294512654e-11	-2.294512654e-11
22659.036	26.961	-30.708	6.24706516e-11	1.410009174e-11	-1.410009174e-11
22711.439	29.718	-25.443	6.56109804e-11	1.472589202e-11	-1.472589202e-11
22764.289	22.000	-23.131	8.81743086e-11	1.883069818e-11	-1.883069818e-11
22821.386	22.572	-35.096	6.29136788e-11	1.414693196e-11	-1.414693196e-11
22897.374	34.340	-53.416	4.30347008e-11	9.49190648e-12	-9.49190648e-12
22964.479	34.933	-32.765	5.5774453e-11	1.227983134e-11	-1.227983134e-11
23037.178	22.410	-37.766	6.89841096e-11	1.44309046e-11	-1.44309046e-11
23083.905	20.814	-24.317	7.9255057e-11	1.775502554e-11	-1.775502554e-11
23121.892	20.438	-17.172	9.52576688e-11	2.146005568e-11	-2.146005568e-11
23163.637	26.332	-21.307	7.8533392e-11	1.744664418e-11	-1.744664418e-11
23221.779	33.380	-31.810	5.75506624e-11	1.269359812e-11	-1.269359812e-11
23292.007	30.849	-36.849	5.25608818e-11	1.19306145e-11	-1.19306145e-11
23345.715	32.303	-22.859	6.81386552e-11	1.492199002e-11	-1.492199002e-11
23405.653	22.511	-27.636	7.5484941e-11	1.658981366e-11	-1.658981366e-11
23460.251	33.103	-32.087	5.44338004e-11	1.242614968e-11	-1.242614968e-11
23553.642	34.991	-60.288	3.705366308e-11	8.44257918e-12	-8.44257918e-12
23627.234	31.603	-38.602	5.04108276e-11	1.144258626e-11	-1.144258626e-11
23681.400	17.554	-22.563	9.77897284e-11	2.106269536e-11	-2.106269536e-11
23726.027	30.596	-27.072	6.18073288e-11	1.395037924e-11	-1.395037924e-11
23782.824	26.452	-26.201	7.19263916e-11	1.57235071e-11	-1.57235071e-11
23850.760	36.244	-41.484	4.59254614e-11	1.034628476e-11	-1.034628476e-11
23911.322	25.828	-24.318	7.23466422e-11	1.623766144e-11	-1.623766144e-11
23970.396	26.930	-33.245	6.2596065e-11	1.378174714e-11	-1.378174714e-11
24038.003	32.035	-40.677	5.42382708e-11	1.166231346e-11	-1.166231346e-11
24104.883	32.854	-34.844	5.3078207e-11	1.202533024e-11	-1.202533024e-11
24167.998	27.407	-30.261	6.58533624e-11	1.447301898e-11	-1.447301898e-11
24247.270	30.877	-51.865	4.54742736e-11	1.010236808e-11	-1.010236808e-11
24306.259	27.048	-28.113	6.9373423e-11	1.527391082e-11	-1.527391082e-11
24366.272	27.211	-32.965	6.01798372e-11	1.360860844e-11	-1.360860844e-11
24430.183	46.042	-36.700	4.62414918e-11	1.012662658e-11	-1.012662658e-11
24517.260	26.663	-41.035	6.1349645e-11	1.298137498e-11	-1.298137498e-11
24575.758	38.370	-31.835	5.08749262e-11	1.163583008e-11	-1.163583008e-11
24641.327	22.947	-27.200	7.24319022e-11	1.631776524e-11	-1.631776524e-11
24703.881	30.598	-39.607	5.1554286e-11	1.168006784e-11	-1.168006784e-11
24795.605	76.754	-61.126	4.86388e-11	8.06105692e-12	-8.06105692e-12
28103.764	25.579	-27.075	3.35396194e-11	7.58717372e-12	-7.58717372e-12
28172.953	54.175	-43.610	1.907281628e-11	4.30619028e-12	-4.30619028e-12
28247.936	24.324	-20.808	4.031903582e-11	9.06789632e-12	-9.06789632e-12
28305.601	36.864	-33.341	2.651113822e-11	5.97399768e-12	-5.97399768e-12
28381.201	26.454	-38.737	2.9494885e-11	6.49576046e-12	-6.49576046e-12
28437.484	47.898	-29.829	2.268627312e-11	5.15201008e-12	-5.15201008e-12
28509.823	35.735	-24.441	2.997332352e-11	6.71514662e-12	-6.71514662e-12
28589.779	38.520	-44.221	2.360289932e-11	5.18856632e-12	-5.18856632e-12
28649.608	23.822	-21.309	3.94793385e-11	8.87904542e-12	-8.87904542e-12
28724.939	28.725	-51.509	2.370122846e-11	5.19103886e-12	-5.19103886e-12
28780.112	31.221	-26.448	3.105377072e-11	6.97063024e-12	-6.97063024e-12
28843.982	25.019	-32.649	3.223138996e-11	7.05931282e-12	-7.05931282e-12
28914.374	39.876	-45.373	2.118117022e-11	4.76372386e-12	-4.76372386e-12
28992.268	34.694	-38.018	2.57684952e-11	5.63346112e-12	-5.63346112e-12
29061.425	58.308	-34.463	1.923158664e-11	4.33363182e-12	-4.33363182e-12
29155.484	31.946	-35.751	2.725338742e-11	6.00210912e-12	-6.00210912e-12
29246.211	46.528	-58.780	1.668430204e-11	3.781594432e-12	-3.781594432e-12
29327.580	45.392	-34.842	2.189367992e-11	4.96233094e-12	-4.96233094e-12
29397.863	25.256	-24.890	3.775255148e-11	8.2685554e-12	-8.2685554e-12
29461.217	42.136	-38.098	2.217686086e-11	5.01674712e-12	-5.01674712e-12
29551.480	47.151	-48.127	1.843020354e-11	4.1773137e-12	-4.1773137e-12
29650.895	45.522	-52.264	1.443367352e-11	3.25905538e-12	-3.25905538e-12
29732.517	26.583	-36.100	1.546229888e-11	3.4778163e-12	-3.4778163e-12
29787.930	26.331	-28.830	1.742796006e-11	3.912266344e-12	-3.912266344e-12
29880.933	61.201	-66.672	1.506833272e-11	2.432318798e-12	-2.432318798e-12
30173.876	50.153	-25.066	1.21707229e-11	2.739294992e-12	-2.739294992e-12
30246.217	35.481	-22.187	1.581808886e-11	3.55090645e-12	-3.55090645e-12
30319.673	42.259	-37.975	1.121808044e-11	2.524881114e-12	-2.524881114e-12
30404.666	52.544	-42.734	9.44932926e-12	2.12678431e-12	-2.12678431e-12
30509.077	35.890	-51.867	1.078972202e-11	2.36625123e-12	-2.36625123e-12
30596.051	54.219	-51.084	1.068820172e-11	2.151087876e-12	-2.151087876e-12
35398.470	74.746	-93.245	5.4050171e-12	1.215587142e-12	-1.215587142e-12
35582.251	96.566	-109.035	4.008844406e-12	9.57120234e-13	-9.57120234e-13
35805.885	98.591	-127.068	4.031310822e-12	9.1191254e-13	-9.1191254e-13
36009.366	78.144	-104.891	4.95327308e-12	1.125374348e-12	-1.125374348e-12
36248.349	182.654	-160.838	4.30381112e-12	7.6045627e-13	-7.6045627e-13
41126.289	182.551	-1490.224	3.114211632e-12	8.24571384e-13	-8.24571384e-13
41405.719	71.111	-96.880	5.33366666e-12	1.208320148e-12	-1.208320148e-12
41580.617	51.667	-103.787	5.79473244e-12	1.310858696e-12	-1.310858696e-12
41699.460	73.234	-67.176	6.3827057e-12	1.443867138e-12	-1.443867138e-12
41891.389	84.398	-118.695	4.62122598e-12	1.026756542e-12	-1.026756542e-12
42283.700	3138.040	-307.913	2.992606106e-12	7.67508896e-13	-7.67508896e-13
56608.604	8720.036	-3965.293	2.199351532e-13	5.7440271e-14	-5.7440271e-14
106759.038	95866.276	-36715.349	2.66560112e-14	7.8896153e-15	-7.8896153e-15